1	476	2.120
2	476	3.170
3	476	1.063
4	476	4.422
5	476	1.044
6	476	2.055	1
84	476	3.953
85	476	2.820	3
145	476	1.984
146	476	2.542
147	476	3.801
148	476	2.883
149	476	2.568
150	476	3.178
151	476	3.404	3
208	476	3.114
209	476	1.174
210	476	2.982
211	476	3.459
212	476	4.710
213	476	3.311
214	476	1.858
215	476	2.518
216	476	2.229
217	476	4.365
218	476	1.970
219	476	0.691
220	476	3.801
221	476	2.557	2
263	476	3.018
264	476	3.271
265	476	3.248
266	476	2.006
267	476	2.651
268	476	2.160
269	476	1.432	1
307	476	2.292
308	476	2.426
309	476	4.746
310	476	3.348
311	476	3.370
312	476	3.545
313	476	2.441
314	476	3.529	5
346	476	2.124
347	476	2.395
348	476	3.508	4
404	476	2.471
405	476	2.382
406	476	2.042	4
464	476	3.623
465	476	2.902
466	476	2.219
467	476	2.947
468	476	3.334
469	476	3.377
470	476	2.836
471	476	3.505
472	476	3.538
473	476	3.428
474	476	3.086
475	476	1.495
476	476	2.426
477	476	4.345
478	476	3.090
479	476	2.025
480	476	2.434
481	476	3.631
482	476	3.479
483	476	2.572
484	476	3.010
485	476	1.184
486	476	2.575	3
564	476	3.397
565	476	4.003
566	476	2.090
567	476	1.356
568	476	2.468
569	476	3.138
570	476	1.106
571	476	1.684
572	476	4.287	4
631	476	2.649
632	476	2.699
633	476	2.937
634	476	3.431	3
708	476	4.195	3
799	476	3.640
800	476	3.453	3
863	476	2.587
864	476	3.310	2
894	476	3.066
895	476	3.496
896	476	2.387	2
937	476	2.495
938	476	3.080	4
14	476	2.113
15	476	3.354	4
83	476	3.535	3
152	476	4.049
153	476	4.277
154	476	1.287
155	476	2.400
156	476	1.928
157	476	2.739	1
222	476	3.030	3
272	476	2.547
273	476	2.508
274	476	3.827	4
319	476	3.487
320	476	3.053
321	476	2.688
322	476	2.603
323	476	2.721
324	476	4.448
325	476	1.559
326	476	1.952
327	476	2.180	2
366	476	2.776
367	476	3.057
368	476	2.307
369	476	2.913
370	476	3.300
371	476	3.283
372	476	4.121
373	476	3.010
374	476	3.347	2
435	476	2.297	3
505	476	3.913
506	476	3.012
507	476	4.753
508	476	2.996
509	476	1.053
510	476	3.054
511	476	3.821
512	476	2.355
513	476	4.245
514	476	2.944
515	476	2.109
516	476	4.532
517	476	1.456
518	476	4.127	4
573	476	2.688
574	476	2.881
575	476	0.986
576	476	3.512
577	476	3.845
578	476	1.971
579	476	2.932
580	476	3.386
581	476	0.009
582	476	2.102
583	476	2.576
584	476	2.571
585	476	3.649
586	476	2.628
587	476	2.481
588	476	4.002
589	476	3.934
590	476	2.830	3
654	476	2.782	3
712	476	3.914
713	476	2.811
714	476	1.811
715	476	2.608
716	476	4.225
717	476	4.418	4
801	476	3.134
802	476	2.920
803	476	2.285
804	476	3.142	3
865	476	1.056
866	476	3.154
867	476	2.866
868	476	0.726
869	476	1.231	1
897	476	3.761
898	476	3.055
899	476	2.894
900	476	1.214
901	476	3.179	5
939	476	4.730	5
7	476	3.420
8	476	2.881
9	476	3.521
10	476	3.419
11	476	3.302
12	476	4.289
13	476	2.829	2
66	476	2.533
67	476	2.969
68	476	2.092
69	476	2.733
70	476	2.713
71	476	2.667
72	476	4.066	4
110	476	3.496
111	476	3.528
112	476	3.705
113	476	3.803
114	476	1.165
115	476	0.517
116	476	2.155
117	476	2.562
118	476	2.650
119	476	3.680
120	476	4.231
121	476	2.455
122	476	3.266
123	476	2.301
124	476	0.949
125	476	3.927
126	476	1.890
127	476	2.450
128	476	3.110
129	476	2.267
130	476	3.662
131	476	3.776
132	476	1.364
133	476	2.087
134	476	3.885
135	476	2.819
136	476	3.184
137	476	2.948	1
179	476	2.212
180	476	2.288
181	476	1.729	4
239	476	1.594
240	476	3.734
241	476	3.281
242	476	4.529
243	476	3.252
244	476	3.569
245	476	3.196
246	476	1.366
247	476	4.455
248	476	0.792
249	476	3.252	3
304	476	2.664
305	476	2.181
306	476	2.572	3
358	476	3.826
359	476	3.289
360	476	2.682
361	476	2.843
362	476	5.202
363	476	1.177
364	476	4.370
365	476	2.987	4
407	476	2.525	2
487	476	2.550
488	476	2.650
489	476	2.835
490	476	0.556
491	476	1.969
492	476	2.270
493	476	2.614
494	476	2.892
495	476	3.091
496	476	1.644
497	476	2.440
498	476	1.601
499	476	3.537
500	476	2.419	2
552	476	2.932
553	476	2.798
554	476	3.370
555	476	4.270
556	476	2.937
557	476	3.641
558	476	3.223
559	476	1.896
560	476	2.981	2
615	476	2.633
616	476	3.880
617	476	-0.273
618	476	2.794
619	476	3.714
620	476	3.195
621	476	2.376
622	476	2.319
623	476	2.892
624	476	3.304
625	476	2.731	2
683	476	1.981
684	476	3.217
685	476	1.437
686	476	3.507
687	476	3.025
688	476	5.307
689	476	2.095
690	476	3.533
691	476	4.039
692	476	3.193	3
762	476	0.376
763	476	2.757
764	476	3.102
765	476	3.020
766	476	2.608
767	476	3.247
768	476	3.211	4
848	476	4.022	3
883	476	2.469
884	476	2.195
885	476	3.139	4
932	476	2.491
933	476	2.124	2
17	476	1.341
19	476	2.508
20	476	3.396
21	476	2.016
22	476	1.527
23	476	2.036
24	476	3.523
25	476	3.472
26	476	2.515	3
82	476	2.838	3
138	476	2.822
139	476	2.584
140	476	3.420
141	476	4.701	3
193	476	4.162	2
237	476	2.133
238	476	3.636	3
281	476	1.794
282	476	2.633
283	476	2.921
284	476	2.844
285	476	2.449
286	476	3.618	4
335	476	0.890
336	476	2.191
337	476	3.253
338	476	2.542
339	476	2.427
340	476	3.785
341	476	5.381
342	476	1.945	4
379	476	3.197
380	476	2.612
381	476	3.074
382	476	1.835
383	476	2.735
384	476	4.291
385	476	1.103
386	476	2.760
387	476	0.420
388	476	2.726
389	476	2.396
390	476	3.667
391	476	2.886
392	476	2.861
393	476	3.218	3
439	476	3.783
440	476	3.552
441	476	2.972
442	476	1.690
443	476	2.916
444	476	2.429
445	476	1.401
446	476	1.921
447	476	2.385
448	476	1.314
449	476	1.892
450	476	3.571	4
525	476	3.059
526	476	3.243
527	476	2.158
528	476	1.489
529	476	3.908
530	476	4.318	4
600	476	3.408
601	476	1.695	1
656	476	1.740
657	476	3.962
658	476	2.892
659	476	3.201	3
723	476	2.194
724	476	2.580
725	476	4.189
726	476	5.497
727	476	2.517
728	476	3.438
729	476	3.518
730	476	3.177
731	476	4.198
732	476	4.049
733	476	2.478
734	476	3.872
735	476	3.592
736	476	1.216
737	476	0.974
738	476	2.459
739	476	3.850
740	476	3.023
741	476	3.173
742	476	3.446
743	476	2.232
744	476	2.496
745	476	1.152
746	476	2.339
747	476	2.809	3
806	476	2.863
807	476	4.044
808	476	3.375
809	476	1.755
810	476	3.519
811	476	3.714
812	476	3.486
813	476	1.339
814	476	2.830
815	476	2.966
816	476	3.163
817	476	2.092
818	476	2.389
819	476	2.439
820	476	1.563
821	476	3.990	4
873	476	3.365
874	476	2.765
875	476	2.183
876	476	3.863
877	476	3.471
878	476	2.609
879	476	3.459
880	476	2.635	3
908	476	3.003
909	476	3.620
910	476	2.418
911	476	3.121
912	476	3.425
913	476	2.637
914	476	1.542
915	476	3.474
916	476	2.758	2
36	476	2.315
38	476	6.138
40	476	3.124
42	476	3.085
44	476	2.195
46	476	4.402
47	476	1.535
48	476	2.504
49	476	2.084	1
76	476	2.140
77	476	1.351
78	476	3.730	3
142	476	3.488
143	476	2.737
144	476	3.251	2
194	476	2.400
195	476	3.205
196	476	3.510
197	476	3.001
198	476	2.069
199	476	1.848
200	476	3.667
201	476	1.652
202	476	3.476
203	476	2.589
204	476	1.662
205	476	2.894
206	476	2.812
207	476	3.496	2
270	476	4.070
271	476	3.441	1
315	476	2.177
316	476	3.896
317	476	3.366
318	476	4.024	4
375	476	1.972
376	476	2.494
377	476	2.844
378	476	2.950	3
436	476	3.018
437	476	3.547	4
519	476	3.405
520	476	4.326
521	476	1.869
522	476	1.702
523	476	4.409	3
591	476	3.370
592	476	2.614
593	476	3.836	2
651	476	1.082
652	476	2.657
653	476	1.376	2
693	476	2.981
694	476	3.239
695	476	1.277
696	476	1.415
697	476	2.967
698	476	2.586
699	476	3.042
700	476	2.399
701	476	3.560
702	476	1.879
703	476	2.640
704	476	3.031
705	476	3.613
706	476	3.551
707	476	3.771	3
770	476	4.219
771	476	3.891
772	476	3.158
773	476	2.019
774	476	0.971
775	476	2.817
776	476	1.977
777	476	4.151
778	476	0.472
779	476	3.359
780	476	3.421
781	476	0.715
782	476	3.252
783	476	2.712
784	476	3.343
785	476	2.876
786	476	3.247
787	476	3.193
788	476	2.911
789	476	1.416
790	476	2.564
791	476	3.195
792	476	2.596	1
849	476	3.872
850	476	4.151
851	476	2.445
852	476	2.844
853	476	3.296
854	476	2.192	3
882	476	3.336	3
918	476	2.580
919	476	2.926
920	476	2.147
921	476	2.909
922	476	3.149	1
18	476	3.257	3
86	476	1.732
87	476	3.579	2
158	476	3.005
159	476	4.220	5
223	476	2.823	3
257	476	2.703
258	476	5.704
259	476	2.813
260	476	2.495
261	476	1.029
262	476	3.280	3
291	476	2.732
292	476	2.612
293	476	1.856
294	476	2.535	3
344	476	2.176	3
403	476	3.214	4
454	476	2.820
455	476	3.081
456	476	2.214
457	476	3.582	2
534	476	3.072
535	476	3.488
536	476	3.414
537	476	1.994
538	476	2.149
539	476	4.105
540	476	2.956
541	476	2.639	5
613	476	2.427
614	476	2.141	3
673	476	3.378
674	476	3.886
675	476	3.296
676	476	3.391
677	476	2.009
678	476	2.401
679	476	2.261
680	476	2.972
681	476	5.087
682	476	3.426	1
748	476	2.255
749	476	3.043
750	476	3.000
751	476	2.591
752	476	1.337
753	476	3.785
754	476	3.051	4
838	476	3.611
839	476	1.954
840	476	2.926
841	476	4.328
842	476	1.833
843	476	1.442
844	476	2.741
845	476	4.200
846	476	2.507
847	476	3.119	4
886	476	2.196
887	476	2.900	1
934	476	2.826
935	476	4.314	4
16	476	2.600	3
79	476	3.425
80	476	3.496
81	476	3.721	2
94	476	2.749
95	476	2.928
96	476	3.374
97	476	4.133
98	476	4.882
99	476	1.887
100	476	2.320
101	476	2.646
102	476	2.592	3
185	476	3.909
186	476	3.441
187	476	3.055
188	476	3.686
189	476	3.237
190	476	3.135
191	476	3.195
192	476	2.749	2
250	476	3.528
251	476	2.885	2
288	476	2.695
289	476	1.221
290	476	2.887	3
345	476	3.323	3
408	476	2.950
409	476	1.966
410	476	2.176
411	476	2.975
412	476	2.692
413	476	3.401
414	476	3.115
415	476	3.801
416	476	3.564	5
501	476	2.385
502	476	1.134
503	476	3.575
504	476	3.266	5
561	476	1.475
562	476	3.447
563	476	3.818	3
635	476	3.450
636	476	3.454
637	476	2.662
638	476	1.600
639	476	2.715
640	476	2.916
641	476	1.801
642	476	3.548
643	476	2.263
644	476	3.628
645	476	2.164
646	476	3.044
647	476	3.249
648	476	2.829
649	476	3.427
650	476	2.216	2
709	476	3.124
710	476	2.414
711	476	3.746	4
793	476	2.465
794	476	2.304
795	476	2.420
796	476	3.152
797	476	1.836
798	476	3.300	2
860	476	2.645
861	476	3.957
862	476	4.053	4
892	476	2.929
893	476	2.902	3
923	476	3.373
924	476	2.865
925	476	3.929
926	476	2.747
927	476	3.138
928	476	3.798
929	476	2.251
930	476	3.806
931	476	4.055	3
51	476	0.942
53	476	3.161
55	476	2.371
57	476	3.608	3
65	476	3.778	3
103	476	2.859
104	476	2.506
105	476	3.142
106	476	3.334
107	476	1.175
108	476	2.958
109	476	3.048	3
175	476	3.643
176	476	2.634
177	476	1.914
178	476	3.220	3
232	476	2.733
233	476	4.408
234	476	2.358
235	476	2.743
236	476	4.168	3
287	476	3.281	1
343	476	2.952	2
399	476	3.144
400	476	3.053
401	476	3.356
402	476	3.570	3
451	476	2.899
452	476	2.252
453	476	1.909	3
531	476	3.353
532	476	3.614
533	476	3.980	2
602	476	3.569
603	476	3.311
604	476	3.557
605	476	3.067
606	476	3.481
607	476	2.027
608	476	4.003
609	476	3.759
610	476	2.943
611	476	2.298
612	476	4.176	3
660	476	1.946
661	476	2.695
662	476	2.429
663	476	2.597
664	476	2.266
665	476	3.114	4
755	476	3.405
756	476	2.833
757	476	2.326
758	476	2.598
759	476	3.828
760	476	3.865
761	476	2.889	2
822	476	2.188
823	476	3.368
824	476	1.921
825	476	3.025
826	476	3.151
827	476	2.688
828	476	1.813
829	476	2.497
830	476	3.169
831	476	2.572
832	476	2.522
833	476	0.484
834	476	2.882
835	476	3.653
836	476	1.450
837	476	3.543	3
881	476	2.923	2
917	476	4.004	5
50	476	1.992
52	476	3.937
54	476	4.272
56	476	2.795
58	476	2.293
59	476	2.926	2
73	476	1.264
74	476	2.980
75	476	1.964	1
93	476	3.942	4
182	476	3.610
183	476	3.373
184	476	3.201	2
252	476	3.751
253	476	3.665
254	476	2.936
255	476	2.806
256	476	4.068	4
295	476	3.986
296	476	3.471
297	476	2.698
298	476	3.357
299	476	2.507
300	476	4.471
301	476	2.614
302	476	0.949
303	476	2.470	3
349	476	3.214
350	476	2.820
351	476	4.319
352	476	2.991
353	476	3.761
354	476	2.348
355	476	4.155
356	476	3.281
357	476	4.371	3
417	476	2.839
418	476	3.999
419	476	2.840
420	476	3.077
421	476	1.758
422	476	2.249
423	476	3.850
424	476	3.559
425	476	1.596
426	476	2.249
427	476	3.199
428	476	3.615
429	476	2.724
430	476	2.501
431	476	3.772
432	476	3.393
433	476	2.509
434	476	5.236	4
458	476	1.907
459	476	3.214
460	476	2.117
461	476	3.096
462	476	5.452
463	476	2.498	3
542	476	2.763
543	476	2.934
544	476	2.065
545	476	2.997
546	476	1.362
547	476	3.244
548	476	1.940
549	476	3.347
550	476	2.163
551	476	3.019	5
626	476	2.511
627	476	1.966
628	476	4.982
629	476	3.218
630	476	3.627	5
666	476	2.438
667	476	2.293
668	476	2.135
669	476	2.109
670	476	2.644
671	476	4.021
672	476	2.794	5
769	476	2.787	4
855	476	1.685
856	476	2.119
857	476	3.821
858	476	3.603
859	476	3.118	5
888	476	3.706
889	476	2.254
890	476	2.234
891	476	4.966	5
936	476	2.585	4
27	476	2.796
28	476	2.160
29	476	3.202
30	476	3.252
31	476	1.673
32	476	3.021
33	476	2.898
34	476	1.638
35	476	2.915
37	476	2.081
39	476	1.850
41	476	1.582
43	476	3.376
45	476	3.355	3
60	476	3.121
61	476	3.282
62	476	2.250
63	476	2.340
64	476	2.723	1
88	476	4.330
89	476	3.290
90	476	2.952
91	476	2.594
92	476	2.760	2
160	476	2.246
161	476	2.643
162	476	3.295
163	476	3.348
164	476	4.671
165	476	3.243
166	476	3.519
167	476	3.535
168	476	2.494
169	476	4.003
170	476	4.213
171	476	2.401
172	476	2.073
173	476	3.943
174	476	5.055	4
224	476	3.128
225	476	2.498
226	476	2.905
227	476	2.858
228	476	4.715
229	476	2.334
230	476	4.270
231	476	4.364	3
275	476	2.415
276	476	2.745
277	476	3.325
278	476	3.890
279	476	1.343
280	476	3.469	5
328	476	3.489
329	476	2.776
330	476	4.521
331	476	3.270
332	476	3.065
333	476	4.072
334	476	2.533	3
394	476	3.007
395	476	3.281
396	476	3.515
397	476	2.295
398	476	3.138	3
438	476	3.687	5
524	476	3.553	3
594	476	2.590
595	476	2.908
596	476	4.350
597	476	2.875
598	476	4.632
599	476	4.341	4
655	476	1.880	2
718	476	3.626
719	476	3.351
720	476	2.593
721	476	3.424
722	476	3.370	4
805	476	2.262	1
870	476	2.546
871	476	2.602
872	476	2.827	4
902	476	2.422
903	476	2.859
904	476	4.366
905	476	2.896
906	476	3.708
907	476	5.143	4
940	476	2.918
941	476	4.043
942	476	3.821
943	476	2.010
