1	542	2.031
2	542	2.129
3	542	1.312
4	542	2.954
5	542	1.766
6	542	1.219
7	542	2.613	4
314	542	3.022	4
417	542	2.471
418	542	1.449
419	542	2.493
420	542	1.920
421	542	2.031
422	542	1.383
423	542	2.137
424	542	2.721
425	542	1.817
426	542	1.519
427	542	3.324
428	542	2.932
429	542	1.961
430	542	1.543
431	542	2.857
432	542	1.895
433	542	1.705
434	542	2.488
435	542	2.131	1
683	542	1.554
684	542	2.616
685	542	1.124
686	542	2.297	1
844	542	2.307
845	542	2.111
846	542	1.915	3
8	542	1.919
9	542	3.109
10	542	2.519
11	542	2.604
12	542	3.140
13	542	2.118
14	542	2.574
15	542	1.959
16	542	2.212
17	542	1.508
18	542	2.072
19	542	2.233
20	542	3.415
21	542	1.317
22	542	1.657
23	542	1.966
24	542	2.383
25	542	3.046
26	542	1.794
27	542	2.191
28	542	2.139
29	542	2.236
30	542	2.392
31	542	1.663
32	542	1.904
33	542	2.476
34	542	2.099
35	542	2.583
36	542	3.699
37	542	2.202
38	542	3.281
39	542	2.232
40	542	1.805
41	542	1.678
42	542	2.725
43	542	2.697	3
223	542	2.674
224	542	2.363
225	542	1.396
226	542	2.517
227	542	1.718
228	542	1.105
229	542	1.781
230	542	2.931
231	542	2.973
232	542	2.209
233	542	2.696
234	542	1.677
235	542	1.748
236	542	2.203
237	542	2.034
238	542	2.628
239	542	1.198
240	542	2.029
241	542	1.626
242	542	3.121
243	542	1.738
244	542	2.158
245	542	3.076
246	542	1.196
247	542	2.320
248	542	1.126
249	542	2.055
250	542	2.301
251	542	2.028
252	542	2.139
253	542	2.508
254	542	2.481	3
546	542	2.548
547	542	2.081
548	542	2.480
549	542	2.422
550	542	2.552
551	542	2.111
552	542	2.378
553	542	1.969
554	542	2.384	3
713	542	1.773
714	542	2.823
715	542	1.976
716	542	2.609
717	542	2.798
718	542	3.248
719	542	1.436
720	542	2.073
721	542	2.824
722	542	2.384
723	542	2.026
724	542	1.819
725	542	3.007
726	542	2.671
727	542	2.270	2
882	542	2.700
883	542	2.306
884	542	1.279
885	542	2.155
886	542	1.859
887	542	3.135
888	542	2.646
889	542	1.977
890	542	1.409
891	542	2.797
892	542	2.379	1
44	542	2.031	3
315	542	1.339
316	542	1.257
317	542	2.349
318	542	2.335
319	542	2.759
320	542	2.828
321	542	1.894
322	542	1.407
323	542	1.579
324	542	2.866
325	542	0.978	2
555	542	3.180
556	542	1.677
557	542	2.540
558	542	1.709
559	542	2.324
560	542	2.008
561	542	1.178	1
687	542	2.327
688	542	3.593
689	542	3.334
690	542	2.196
691	542	2.565
692	542	1.931
693	542	1.811
694	542	2.556
695	542	1.616
696	542	2.127
697	542	2.263
698	542	2.567
699	542	2.205
700	542	2.199
701	542	2.410
702	542	1.978
703	542	1.993
704	542	1.798
705	542	3.279
706	542	2.493
707	542	2.120
708	542	2.511
709	542	2.276
710	542	1.753
711	542	2.283	1
865	542	1.494
866	542	1.634
867	542	2.715
868	542	0.913
869	542	1.165
870	542	2.008
871	542	2.383
872	542	2.958
873	542	2.740
874	542	1.861
875	542	1.810
876	542	2.337
877	542	2.590
878	542	1.335
879	542	1.698
880	542	2.044
881	542	2.293	1
54	542	2.880
55	542	1.274
56	542	2.561
57	542	2.664
58	542	2.243
59	542	2.109
60	542	2.500
61	542	2.336
62	542	1.780
63	542	1.801
64	542	1.921
65	542	2.430
66	542	2.104
67	542	2.608
68	542	1.674
69	542	1.669
70	542	2.085	2
201	542	1.296
202	542	4.350
203	542	2.245
204	542	1.224
205	542	1.863
206	542	1.203
207	542	2.196
208	542	1.737
209	542	1.564
210	542	2.190
211	542	2.827
212	542	3.879
213	542	2.638
214	542	1.535
215	542	2.290
216	542	1.517
217	542	2.431
218	542	1.664
219	542	1.189
220	542	1.948
221	542	2.273
222	542	1.988	2
436	542	2.581
437	542	2.018
438	542	2.754
439	542	2.366
440	542	2.722
441	542	2.403
442	542	1.595
443	542	2.193
444	542	2.459
445	542	0.806
446	542	1.819
447	542	2.175
448	542	0.933
449	542	1.708
450	542	2.703
451	542	2.338
452	542	1.826
453	542	1.624
454	542	2.328
455	542	2.340
456	542	1.687
457	542	2.641
458	542	1.479
459	542	2.912
460	542	1.586
461	542	1.925
462	542	2.861
463	542	1.922
464	542	2.682
465	542	2.115
466	542	2.273
467	542	1.905
468	542	2.099
469	542	2.000
470	542	1.642
471	542	3.838
472	542	3.620
473	542	2.066
474	542	2.170
475	542	2.708
476	542	2.015
477	542	3.464
478	542	1.126
479	542	1.945
480	542	2.002
481	542	2.843
482	542	3.023
483	542	2.572
484	542	2.627
485	542	1.513
486	542	1.546
487	542	2.505
488	542	2.339
489	542	3.173
490	542	1.110
491	542	2.301
492	542	1.542
493	542	2.420
494	542	2.248
495	542	3.155
496	542	1.615
497	542	2.197
498	542	1.168
499	542	2.293
500	542	2.044
501	542	2.173
502	542	2.195
503	542	2.207
504	542	2.746
505	542	2.965
506	542	2.478	3
623	542	2.355
624	542	2.434
625	542	2.074
626	542	1.216
627	542	1.888
628	542	3.298
629	542	2.311
630	542	2.468
631	542	2.307
632	542	1.965
633	542	2.512
634	542	2.318
635	542	2.315
636	542	3.282
637	542	1.932
638	542	1.848
639	542	1.218
640	542	2.566
641	542	1.549
642	542	3.263	5
759	542	3.206
760	542	1.910
761	542	2.422
762	542	0.511
763	542	2.120
764	542	2.429
765	542	0.563
766	542	2.002
767	542	2.791
768	542	2.036
769	542	2.168
770	542	2.865
771	542	3.617	4
897	542	2.732
898	542	2.304
899	542	1.868
900	542	1.262
901	542	3.198
902	542	2.045
903	542	1.576
904	542	2.912
905	542	2.028
906	542	2.169
907	542	3.818
908	542	2.104
909	542	2.870
910	542	1.441
911	542	2.577
912	542	1.490
913	542	1.639
914	542	2.318
915	542	2.236
916	542	1.740
917	542	1.923
918	542	2.128
919	542	2.164
920	542	1.819
921	542	2.643
922	542	2.547
923	542	2.694
924	542	2.027
925	542	2.785
926	542	1.573
927	542	3.326	2
45	542	2.590
47	542	1.576
48	542	2.268
49	542	0.692	2
379	542	2.129
380	542	1.514
381	542	2.045
382	542	2.128
383	542	1.411
384	542	3.030
385	542	0.882
386	542	2.576
387	542	0.950
388	542	3.158
389	542	1.756
390	542	2.997
391	542	1.675
392	542	1.876
393	542	2.939
394	542	2.387
395	542	2.580
396	542	2.868
397	542	1.418
398	542	2.351
399	542	2.213	3
562	542	1.681
563	542	2.454
564	542	2.621
565	542	3.189
566	542	1.359
567	542	1.247
568	542	0.486
569	542	2.134
570	542	1.295
571	542	1.822
572	542	2.737
573	542	1.814
574	542	2.575
575	542	1.597
576	542	2.849
577	542	3.163
578	542	2.023
579	542	1.939
580	542	2.203
581	542	0.887
582	542	1.861
583	542	1.766
584	542	2.420
585	542	2.118
586	542	2.194
587	542	1.963
588	542	2.600	3
728	542	2.698
729	542	2.699
730	542	2.027
731	542	1.464
732	542	2.785
733	542	1.254
734	542	2.168
735	542	2.021
736	542	1.111
737	542	0.824
738	542	2.267
739	542	3.651
740	542	2.018
741	542	1.961
742	542	1.043
743	542	2.405
744	542	1.472
745	542	1.315
746	542	2.294
747	542	1.992
748	542	2.174
749	542	2.585
750	542	2.041
751	542	1.914
752	542	2.218
753	542	2.196
754	542	2.459
755	542	2.952
756	542	2.374
757	542	2.129
758	542	2.621	2
893	542	2.372
894	542	1.978
895	542	2.061
896	542	1.688	3
46	542	2.853
50	542	0.745
51	542	2.183
52	542	2.597
53	542	2.368
71	542	1.594
72	542	2.361
73	542	0.879
74	542	2.202
75	542	1.696
76	542	1.394
77	542	1.556
78	542	1.664
79	542	2.261
80	542	2.592
81	542	2.084
82	542	2.068
83	542	2.639
84	542	2.820
85	542	2.020
86	542	2.213
87	542	2.957
88	542	3.343
89	542	2.944
90	542	2.210
91	542	2.524
92	542	1.787
93	542	3.828
94	542	1.792
95	542	2.262	2
304	542	2.661
305	542	1.856
306	542	1.818
307	542	2.452
308	542	2.055
309	542	2.688
310	542	1.864
311	542	2.793
312	542	2.441
313	542	1.845	3
542	542	1.884
543	542	2.106
544	542	1.848
545	542	2.690	2
712	542	3.464	4
816	542	2.916
817	542	2.105
818	542	1.834
819	542	2.230
820	542	0.535
821	542	2.686
822	542	2.302
823	542	2.007
824	542	1.816
825	542	3.417
826	542	2.867
827	542	2.081
828	542	1.037
829	542	1.531
830	542	2.413
831	542	1.836
832	542	2.204
833	542	0.668
834	542	2.293
835	542	2.352
836	542	1.224
837	542	2.031
838	542	2.805
839	542	2.325
840	542	2.035
841	542	2.880
842	542	1.978
843	542	1.317	2
96	542	3.027
99	542	2.189
101	542	2.207
105	542	1.806
108	542	2.129
111	542	2.611
113	542	3.142
115	542	1.377
117	542	2.617
119	542	2.918
121	542	1.709
123	542	0.891
125	542	3.223
127	542	3.947
129	542	1.207
131	542	1.981
132	542	0.623
133	542	2.175
134	542	2.928
135	542	2.023
136	542	2.161
137	542	3.230
138	542	2.418
139	542	1.613
140	542	2.328
141	542	3.389
142	542	1.950
143	542	2.980
144	542	2.053
145	542	2.397
146	542	2.026
147	542	2.407
148	542	3.223
149	542	1.286
150	542	2.007
151	542	2.080
152	542	3.164
153	542	1.496
154	542	1.318
155	542	1.528
156	542	0.642
157	542	2.427
158	542	2.240
159	542	3.128
160	542	1.547
161	542	1.366
162	542	2.675
163	542	1.757
164	542	3.541
165	542	3.272
166	542	3.265
167	542	1.832
168	542	2.528
169	542	3.220
170	542	3.552
171	542	2.166
172	542	1.909
173	542	2.884
174	542	2.316
175	542	2.108
176	542	1.425
177	542	1.437
178	542	2.493
179	542	1.938
180	542	2.153
181	542	1.280
182	542	2.820
183	542	2.224
184	542	2.014
185	542	1.974
186	542	3.011
187	542	2.822
188	542	2.710
189	542	2.166
190	542	2.347
191	542	2.160
192	542	2.164
193	542	2.491
194	542	1.573	3
281	542	2.466
282	542	2.226
283	542	2.721
284	542	2.156
285	542	2.305
286	542	3.141
287	542	2.548
288	542	1.314
289	542	2.060
290	542	2.449
291	542	2.037
292	542	1.956
293	542	1.252
294	542	2.096
295	542	3.053
296	542	2.118
297	542	1.734
298	542	2.532
299	542	1.944
300	542	2.782
301	542	2.573
302	542	1.264
303	542	1.747	2
537	542	1.184
538	542	1.240
539	542	2.735
540	542	2.180
541	542	2.854	1
661	542	2.216
662	542	1.617
663	542	2.173
664	542	1.690
665	542	2.293
666	542	1.681
667	542	1.381
668	542	2.386
669	542	1.424
670	542	2.672
671	542	3.129
672	542	2.138
673	542	2.259
674	542	2.603
675	542	0.962
676	542	3.327
677	542	2.296
678	542	2.132
679	542	1.969
680	542	2.250
681	542	2.512
682	542	2.221	2
847	542	2.383
848	542	3.042
849	542	3.776
850	542	3.982
851	542	2.495
852	542	2.677
853	542	2.520
854	542	1.345
855	542	1.930
856	542	2.086
857	542	1.886
858	542	1.112
859	542	2.452
860	542	1.963
861	542	3.081
862	542	3.052
863	542	1.803
864	542	2.381	4
98	542	1.889
103	542	2.196
106	542	1.983
109	542	2.689	3
255	542	1.381
256	542	3.247
257	542	1.963
258	542	3.819
259	542	2.154
260	542	2.924
261	542	3.223
262	542	2.049
263	542	2.011
264	542	2.417
265	542	2.772
266	542	1.023
267	542	2.218
268	542	1.546
269	542	0.405
270	542	2.866
271	542	2.057
272	542	1.899
273	542	1.935
274	542	2.769
275	542	2.068	3
406	542	1.806
407	542	2.090
408	542	2.283
409	542	1.213
410	542	1.715
411	542	2.326
412	542	2.397
413	542	2.191
414	542	1.955
415	542	2.666
416	542	2.688	1
622	542	1.968	2
797	542	1.899
798	542	2.866
799	542	2.042
800	542	2.788
801	542	2.520
802	542	2.827
803	542	1.309
804	542	2.899
805	542	1.882
806	542	2.119
807	542	3.129	5
97	542	3.073
100	542	2.338
102	542	1.891
104	542	1.819
107	542	0.881
110	542	2.570
112	542	2.851
114	542	1.221
116	542	1.567
118	542	2.611
120	542	2.316
122	542	1.833
124	542	1.496
126	542	2.570
128	542	2.146
130	542	2.788	3
276	542	2.047
277	542	1.886
278	542	2.559
279	542	2.659
280	542	2.540	3
400	542	2.192
401	542	2.001
402	542	2.325
403	542	2.955
404	542	2.693
405	542	1.583	1
643	542	1.828
644	542	3.352
645	542	1.376
646	542	2.257
647	542	2.549
648	542	2.979
649	542	2.432
650	542	1.814
651	542	1.609
652	542	2.486
653	542	1.612
654	542	2.452
655	542	1.564
656	542	0.888
657	542	1.364
658	542	1.979
659	542	1.983
660	542	1.960	2
772	542	2.824
773	542	1.647
774	542	0.996
775	542	1.977
776	542	1.999
777	542	3.377
778	542	1.280
779	542	3.189
780	542	2.628
781	542	1.308
782	542	2.382
783	542	2.455
784	542	2.701
785	542	2.633
786	542	2.247
787	542	2.651
788	542	2.147
789	542	1.765
790	542	1.979
791	542	3.010
792	542	1.826
793	542	2.069
794	542	1.970
795	542	2.117
796	542	2.706	3
928	542	3.263
929	542	0.830
930	542	2.700
931	542	2.379
932	542	1.870
933	542	1.066
934	542	2.459
935	542	3.101
936	542	1.984
937	542	2.215
938	542	2.481
939	542	3.237
940	542	2.289
941	542	2.971
942	542	2.927
943	542	1.806
195	542	2.265
196	542	1.750
197	542	2.373
198	542	1.645
199	542	1.181
200	542	2.883	3
326	542	2.310
327	542	1.420
328	542	2.448
329	542	1.840
330	542	3.271
331	542	2.328
332	542	2.725
333	542	3.362
334	542	1.692
335	542	2.308
336	542	1.480
337	542	2.514
338	542	1.418
339	542	1.808
340	542	2.574
341	542	2.926
342	542	1.318
343	542	1.864
344	542	1.715
345	542	2.034
346	542	2.489
347	542	2.140
348	542	3.133
349	542	1.859
350	542	1.925
351	542	3.532
352	542	1.403
353	542	1.842
354	542	1.775
355	542	2.856
356	542	1.951
357	542	3.459
358	542	1.498
359	542	2.762
360	542	1.648
361	542	1.359
362	542	2.338
363	542	1.840
364	542	2.870
365	542	1.464
366	542	2.177
367	542	2.529
368	542	2.228
369	542	2.723
370	542	2.031
371	542	2.440
372	542	3.101
373	542	2.888
374	542	2.115
375	542	2.245
376	542	2.069
377	542	2.361
378	542	2.038	4
507	542	4.124
508	542	1.969
509	542	1.053
510	542	2.654
511	542	1.895
512	542	1.713
513	542	3.491
514	542	2.159
515	542	2.184
516	542	3.410
517	542	2.084
518	542	3.233
519	542	2.901
520	542	1.888
521	542	1.952
522	542	1.220
523	542	3.298
524	542	2.151
525	542	2.129
526	542	1.696
527	542	1.628
528	542	2.095
529	542	3.012
530	542	2.499
531	542	2.867
532	542	2.829
533	542	2.685
534	542	3.321
535	542	2.490
536	542	3.292	1
589	542	3.144
590	542	1.372
591	542	1.882
592	542	1.545
593	542	2.306
594	542	1.767
595	542	1.922
596	542	2.809
597	542	2.791
598	542	2.969
599	542	3.262
600	542	2.170
601	542	1.732
602	542	2.963
603	542	2.901
604	542	3.632
605	542	1.648
606	542	2.707
607	542	1.587
608	542	1.342
609	542	2.117
610	542	1.519
611	542	2.545
612	542	2.725
613	542	2.196
614	542	2.425
615	542	1.654
616	542	2.623
617	542	0.049
618	542	1.654
619	542	2.588
620	542	3.430
621	542	2.077	2
808	542	2.346
809	542	2.223
810	542	3.549
811	542	3.422
812	542	3.086
813	542	1.814
814	542	2.236
815	542	2.164	4
