1	209	4.531	4
2	209	4.587
3	209	2.465
4	209	3.665
5	209	3.922	5
60	209	4.133	5
91	209	3.499
92	209	3.894	5
139	209	4.616
140	209	4.208
141	209	2.363
142	209	3.802
143	209	2.856
144	209	3.833	2
190	209	3.671
191	209	3.422
192	209	4.294
193	209	3.979
194	209	3.836	3
235	209	4.324
236	209	2.838
237	209	4.371
238	209	3.179
239	209	5.072	5
294	209	3.889
295	209	4.034	5
313	209	4.182
314	209	2.142
315	209	4.027	5
390	209	3.889
391	209	4.090	5
418	209	1.818
419	209	4.870
420	209	4.299
421	209	3.977
422	209	3.822
423	209	3.545
424	209	3.462
425	209	3.987	2
477	209	3.734
478	209	3.752
479	209	4.585	4
538	209	4.294
539	209	3.119
540	209	4.118
541	209	3.753
542	209	4.199	4
623	209	3.935
624	209	4.342
625	209	3.615	3
667	209	4.357
668	209	4.168
669	209	4.687
670	209	3.676
671	209	3.473
672	209	2.840
673	209	4.172
674	209	2.698
675	209	2.904
676	209	3.962
677	209	2.646
678	209	3.073
679	209	4.122
680	209	3.625
681	209	0.872
682	209	3.489	3
748	209	3.633	4
791	209	5.082
792	209	3.673
793	209	4.003
794	209	5.066
795	209	3.635	5
847	209	3.014
848	209	4.467	5
890	209	4.872
891	209	3.322
892	209	4.631
893	209	3.921
894	209	3.828
895	209	4.190
896	209	3.936	3
935	209	2.286
936	209	4.017
937	209	4.413
938	209	3.417
939	209	3.855
940	209	2.930	4
6	209	4.618	4
86	209	4.990
87	209	3.774	5
126	209	3.831
127	209	1.288
128	209	4.073	4
178	209	3.641	4
223	209	3.226
224	209	2.528
225	209	4.820
226	209	3.612	3
265	209	2.552
266	209	4.578
267	209	4.807	5
287	209	4.689
288	209	3.045
289	209	2.915
290	209	2.452
291	209	4.552
292	209	4.590	5
309	209	1.188
310	209	4.751
311	209	3.852	2
371	209	3.087
372	209	3.401
373	209	3.291	4
410	209	4.136
411	209	3.821	4
458	209	4.000	4
509	209	4.421
510	209	3.118
511	209	4.060
512	209	5.086
513	209	3.305
514	209	3.402	3
557	209	3.770
558	209	3.316
559	209	4.108
560	209	3.947
561	209	4.232	4
642	209	2.828
643	209	4.264	5
705	209	1.511
706	209	2.598
707	209	3.417
708	209	2.558
709	209	2.879	3
750	209	4.187
751	209	3.208	4
805	209	4.212	4
871	209	3.336
872	209	1.619
873	209	1.767
874	209	4.165
875	209	4.416
876	209	3.939
877	209	3.902
878	209	3.796
879	209	3.445
880	209	3.797	3
909	209	4.115
910	209	3.558
911	209	4.022	5
14	209	4.654
15	209	3.383
16	209	4.400	5
78	209	2.390
79	209	3.934
80	209	3.430
81	209	3.879
82	209	4.057
83	209	3.108
84	209	3.984
85	209	3.926	4
120	209	3.550
121	209	4.549
122	209	3.546
123	209	3.984
124	209	3.822	3
161	209	1.637
162	209	3.218
163	209	1.848
164	209	3.772
165	209	4.294
166	209	1.655
167	209	3.548
168	209	4.014
169	209	3.284
170	209	3.179
171	209	4.012
172	209	3.495
173	209	4.962
174	209	4.683
175	209	3.295
176	209	3.795
177	209	3.959	4
219	209	7.051
220	209	3.498
221	209	4.217
222	209	3.440	4
277	209	3.662
278	209	4.081
279	209	3.119	5
296	209	4.766	4
316	209	2.690
317	209	2.739
318	209	3.367
319	209	3.672
320	209	3.923
321	209	3.737
322	209	4.316
323	209	4.119
324	209	3.427
325	209	4.610
326	209	3.835
327	209	3.635	4
374	209	2.863
375	209	4.377
376	209	4.125
377	209	4.306
378	209	3.877
379	209	4.445
380	209	3.440
381	209	4.398
382	209	3.996
383	209	4.429
384	209	3.473
385	209	4.124	4
417	209	3.728	4
469	209	4.450
470	209	3.934
471	209	2.204
472	209	4.405
473	209	4.090
474	209	4.389	5
528	209	4.739
529	209	2.996
530	209	3.288
531	209	5.195
532	209	4.394
533	209	3.545
534	209	3.820
535	209	3.672	5
568	209	3.435
569	209	4.642
570	209	4.913
571	209	3.747
572	209	2.988
573	209	3.675
574	209	4.024
575	209	4.730
576	209	3.789
577	209	3.810
578	209	2.176
579	209	3.094	4
646	209	2.724
647	209	3.644
648	209	4.173
649	209	3.233
650	209	3.478	3
710	209	4.114
711	209	4.365
712	209	1.895
713	209	3.128
714	209	2.527
715	209	4.385
716	209	4.104	3
764	209	3.159
765	209	3.324
766	209	3.860	3
807	209	3.694
808	209	5.079
809	209	6.300
810	209	5.062
811	209	3.782
812	209	1.204
813	209	5.364
814	209	3.138
815	209	3.602
816	209	2.804
817	209	3.482
818	209	4.759
819	209	5.066
820	209	4.396
821	209	3.712
822	209	3.804
823	209	4.758	4
881	209	3.813	3
914	209	4.880
915	209	2.135
916	209	4.118	3
7	209	4.875
8	209	4.293
9	209	4.024
10	209	4.147
11	209	3.751
12	209	3.790
13	209	4.455	3
65	209	3.613
66	209	2.921
67	209	3.255
68	209	5.793
69	209	4.483
70	209	3.777
71	209	3.647
72	209	3.182
73	209	4.868
74	209	3.692
75	209	5.174
76	209	4.425
77	209	3.969	4
95	209	3.435	4
159	209	4.442
160	209	4.430	4
227	209	4.656
228	209	0.540
229	209	3.638
230	209	2.804	1
268	209	4.152	4
298	209	3.721
299	209	3.595	3
335	209	5.037
336	209	3.862
337	209	4.016
338	209	4.440
339	209	4.748	5
392	209	4.369	5
430	209	3.947
431	209	2.919
432	209	3.043
433	209	4.115
434	209	1.867
435	209	3.933
436	209	3.305
437	209	3.832
438	209	3.151
439	209	3.428
440	209	4.015
441	209	3.030
442	209	3.762	4
480	209	4.127	4
536	209	4.189	2
584	209	3.205
585	209	3.414
586	209	2.104
587	209	3.480
588	209	2.681
589	209	0.957
590	209	3.744
591	209	3.583
592	209	4.913
593	209	3.229
594	209	3.586
595	209	4.589
596	209	2.326
597	209	4.247
598	209	2.704
599	209	2.024
600	209	4.073
601	209	4.848
602	209	3.985
603	209	3.058
604	209	3.179
605	209	3.834
606	209	4.131	4
656	209	2.892
657	209	2.867
658	209	3.774
659	209	3.679
660	209	3.302	4
717	209	4.185
718	209	2.384
719	209	2.495
720	209	4.923
721	209	3.664	3
759	209	3.090
760	209	0.748
761	209	2.892
762	209	5.618
763	209	4.458	4
806	209	4.172	3
869	209	4.661
870	209	3.956	4
912	209	3.320
913	209	4.688	2
17	209	3.698
21	209	4.253
22	209	4.762	4
61	209	3.347
62	209	4.598	4
99	209	4.533
100	209	3.703
101	209	3.343
102	209	3.179
103	209	3.597
104	209	3.422
105	209	3.780
106	209	3.669
107	209	4.392
108	209	4.073
109	209	3.035	1
145	209	4.340	4
189	209	4.787	1
240	209	4.376
241	209	3.978
242	209	2.725
243	209	3.388
244	209	4.613	4
284	209	3.828
285	209	3.945
286	209	2.993	4
308	209	4.178	4
355	209	3.582
356	209	3.139
357	209	4.722
358	209	2.856
359	209	4.530
360	209	4.104
361	209	4.197
362	209	2.565
363	209	4.612
364	209	3.029
365	209	4.009
366	209	4.031
367	209	4.507
368	209	3.556
369	209	4.418
370	209	3.047	5
408	209	3.881
409	209	3.696	5
448	209	4.311
449	209	4.552
450	209	3.966
451	209	1.807
452	209	4.161
453	209	3.986
454	209	2.606
455	209	3.815
456	209	3.728	3
507	209	2.583
508	209	4.824	5
555	209	3.771
556	209	4.361	5
641	209	4.697	4
683	209	4.142
684	209	3.486
685	209	2.087
686	209	4.945	5
749	209	3.659	4
796	209	2.752	3
849	209	4.842
850	209	3.427
851	209	4.837
852	209	3.649
853	209	2.542
854	209	3.840
855	209	4.315
856	209	5.334
857	209	3.061
858	209	2.520
859	209	3.035
860	209	4.013
861	209	2.959
862	209	4.310
863	209	5.187
864	209	4.395	3
897	209	3.538
898	209	2.680
899	209	2.860	5
941	209	4.045
942	209	3.814
943	209	3.813
20	209	2.663
23	209	3.901	5
45	209	4.645
46	209	4.196
47	209	5.570
48	209	4.231	5
96	209	4.233
97	209	3.204
98	209	4.124	2
146	209	4.508
147	209	3.427
148	209	4.848	5
215	209	4.378
216	209	4.605
217	209	2.458
218	209	3.973	5
250	209	4.084
251	209	4.382
252	209	4.642
253	209	3.388
254	209	2.834
255	209	3.039
256	209	3.848
257	209	4.807
258	209	1.120
259	209	4.053
260	209	2.331
261	209	5.577
262	209	2.531
263	209	4.299
264	209	5.136	5
300	209	2.549
301	209	3.774
302	209	3.758
303	209	4.678	5
331	209	2.770
332	209	3.705
333	209	2.964
334	209	3.821	3
393	209	2.741
394	209	4.165
395	209	4.729
396	209	2.314
397	209	4.193
398	209	3.300
399	209	3.181
400	209	3.914
401	209	2.571
402	209	4.504
403	209	3.414
404	209	3.077
405	209	0.444	3
443	209	3.481
444	209	4.849
445	209	2.292	4
481	209	4.282
482	209	3.233
483	209	2.954
484	209	3.971
485	209	5.115
486	209	4.117
487	209	4.644
488	209	2.706
489	209	4.455
490	209	3.504
491	209	4.920
492	209	3.947
493	209	4.228	5
543	209	3.502
544	209	4.473
545	209	3.478
546	209	4.360
547	209	4.405
548	209	4.114
549	209	3.902
550	209	4.633
551	209	2.665	5
616	209	3.620
617	209	4.156
618	209	3.074
619	209	3.318
620	209	2.691
621	209	4.216
622	209	4.439	5
662	209	4.181
663	209	3.635
664	209	4.408	4
728	209	3.674
729	209	1.270
730	209	4.855
731	209	2.551
732	209	5.457
733	209	4.057
734	209	2.747
735	209	3.376
736	209	4.452
737	209	4.809
738	209	3.977	4
779	209	3.017
780	209	2.904
781	209	5.372
782	209	2.625
783	209	4.587
784	209	3.747
785	209	3.626	3
844	209	3.857
845	209	1.966
846	209	4.194	4
887	209	2.397
888	209	4.210
889	209	3.786	2
934	209	3.755	1
18	209	3.412	4
49	209	4.025	5
93	209	2.208
94	209	4.574	5
152	209	3.242
153	209	1.093
154	209	4.655
155	209	3.406
156	209	3.829
157	209	5.516
158	209	4.104	5
202	209	1.476
203	209	3.038
204	209	4.752
205	209	2.972
206	209	3.793
207	209	2.862
208	209	4.343
209	209	4.480
210	209	4.035
211	209	2.916
212	209	3.083
213	209	4.754
214	209	3.843	5
270	209	3.945
271	209	4.070
272	209	4.795
273	209	3.766
274	209	5.110
275	209	2.904
276	209	5.085	4
297	209	3.552	4
312	209	4.685	3
386	209	3.881
387	209	4.482	5
412	209	3.756
413	209	3.899
414	209	4.949
415	209	3.790
416	209	4.070	5
459	209	2.758
460	209	4.293
461	209	2.629
462	209	2.359
463	209	3.628
464	209	4.614
465	209	3.229
466	209	3.687
467	209	3.807
468	209	4.811	5
525	209	3.721
526	209	4.328
527	209	4.111	4
562	209	2.857
563	209	4.020
564	209	3.423
565	209	4.385
566	209	3.874
567	209	4.428	4
651	209	5.674
652	209	3.779
653	209	3.337
654	209	3.994
655	209	3.277	3
722	209	4.077
723	209	3.190
724	209	2.332
725	209	2.978
726	209	-1.005
727	209	3.395	3
774	209	3.033
775	209	4.413
776	209	4.039
777	209	2.776
778	209	3.820	4
834	209	4.067
835	209	3.786
836	209	4.860
837	209	2.678
838	209	4.179
839	209	4.266
840	209	4.424	4
884	209	4.541
885	209	2.977	2
930	209	2.095
931	209	3.857
932	209	4.218	5
19	209	4.103
24	209	4.098
25	209	4.060
26	209	3.686
27	209	4.047
28	209	4.143	4
63	209	3.566
64	209	4.075	5
125	209	3.357	4
179	209	2.518
180	209	4.349
181	209	1.479
182	209	3.367
183	209	3.827
184	209	3.835
185	209	3.316
186	209	2.902
187	209	4.194	4
231	209	1.886
232	209	4.655	3
245	209	1.807
246	209	4.387
247	209	2.873
248	209	3.269
249	209	4.463	5
293	209	4.290	3
328	209	4.029
329	209	3.446
330	209	3.628	3
388	209	3.777
389	209	4.104	4
426	209	3.792
427	209	3.866
428	209	4.015
429	209	4.029	4
475	209	4.782
476	209	4.340	4
537	209	3.344	4
607	209	4.313
608	209	2.511
609	209	2.661
610	209	3.799
611	209	5.010
612	209	2.939
613	209	4.976
614	209	3.931
615	209	4.798	5
661	209	4.060	4
739	209	3.235
740	209	4.595
741	209	4.684	3
767	209	4.442
768	209	3.834
769	209	3.496
770	209	4.192
771	209	2.505
772	209	4.851
773	209	4.408	5
824	209	2.153
825	209	3.778
826	209	4.005
827	209	3.023
828	209	4.285
829	209	4.293
830	209	3.957
831	209	3.623
832	209	2.540
833	209	4.058	5
886	209	3.625	4
933	209	4.194	2
29	209	4.123
31	209	4.470
32	209	3.216
33	209	3.611
34	209	7.130
35	209	2.510
37	209	3.607
39	209	3.596
42	209	3.222
43	209	3.421
44	209	3.986	5
59	209	4.304	5
88	209	1.429
89	209	3.839
90	209	4.740	5
129	209	4.605
130	209	3.602
131	209	3.263
132	209	3.974
133	209	4.552
134	209	1.880
135	209	3.762
136	209	4.502
137	209	3.389
138	209	4.374	4
188	209	3.499	2
233	209	3.691
234	209	3.662	4
280	209	3.484
281	209	5.337
282	209	4.592
283	209	4.399	4
306	209	4.011
307	209	4.937	5
343	209	4.350
344	209	4.406
345	209	4.181
346	209	3.912
347	209	3.763
348	209	2.758
349	209	3.298
350	209	4.466
351	209	3.403
352	209	3.210
353	209	4.178
354	209	3.437	3
407	209	4.242	5
457	209	4.915	5
515	209	2.366
516	209	3.469
517	209	3.768
518	209	4.159
519	209	4.825
520	209	3.314
521	209	3.743
522	209	4.962
523	209	3.929
524	209	3.163	4
580	209	2.906
581	209	4.989
582	209	4.999
583	209	4.733	4
644	209	3.514
645	209	4.747	5
687	209	3.245
688	209	3.347
689	209	3.750
690	209	2.732
691	209	3.569
692	209	2.620
693	209	2.453
694	209	4.261
695	209	4.112
696	209	5.769
697	209	5.176
698	209	2.574
699	209	2.779
700	209	3.470
701	209	4.063
702	209	3.389
703	209	3.635
704	209	3.950	3
752	209	4.118
753	209	3.429
754	209	3.479
755	209	4.259
756	209	3.288
757	209	3.586
758	209	4.953	5
797	209	3.708
798	209	2.620
799	209	3.723
800	209	4.225
801	209	3.713
802	209	3.072
803	209	5.520
804	209	3.958	3
865	209	4.537
866	209	0.705
867	209	5.065
868	209	4.420	4
900	209	3.397
901	209	3.191
902	209	4.142
903	209	3.898
904	209	1.768
905	209	3.624
906	209	3.767
907	209	3.926
908	209	3.003	3
30	209	4.153
36	209	3.654
38	209	0.807
40	209	2.042
41	209	4.556	4
50	209	2.155
51	209	3.764
52	209	4.167
53	209	4.353
54	209	3.410
55	209	2.988
56	209	3.523
57	209	3.664
58	209	4.707	5
110	209	2.704
111	209	2.914
112	209	4.085
113	209	2.486
114	209	4.342
115	209	5.404
116	209	3.281
117	209	4.394
118	209	5.007
119	209	3.705	4
149	209	3.423
150	209	3.512
151	209	4.498	4
195	209	3.793
196	209	3.171
197	209	3.559
198	209	4.254
199	209	4.636
200	209	3.834
201	209	3.640	3
269	209	3.923	4
304	209	3.144
305	209	3.485	5
340	209	2.634
341	209	2.070
342	209	3.950	5
406	209	4.028	1
446	209	4.160
447	209	4.000	4
494	209	3.748
495	209	4.337
496	209	3.916
497	209	3.504
498	209	3.995
499	209	3.594
500	209	3.728
501	209	4.380
502	209	1.428
503	209	3.999
504	209	3.575
505	209	2.546
506	209	4.428	4
552	209	3.076
553	209	4.000
554	209	3.453	4
626	209	4.288
627	209	4.281
628	209	2.825
629	209	3.907
630	209	1.893
631	209	4.402
632	209	3.673
633	209	2.844
634	209	3.767
635	209	3.994
636	209	3.264
637	209	3.139
638	209	3.241
639	209	3.300
640	209	4.488	5
665	209	2.761
666	209	3.680	4
742	209	3.614
743	209	4.766
744	209	3.686
745	209	2.769
746	209	3.281
747	209	5.284	3
786	209	4.152
787	209	3.593
788	209	3.286
789	209	3.986
790	209	3.433	1
841	209	3.093
842	209	3.123
843	209	2.873	3
882	209	4.328
883	209	3.900	3
917	209	3.042
918	209	3.738
919	209	3.610
920	209	3.479
921	209	2.268
922	209	3.609
923	209	4.283
924	209	3.315
925	209	2.462
926	209	4.128
927	209	3.300
928	209	4.464
929	209	3.949	3
