447	12	5	878855907
447	132	4	878855963
447	200	3	878855963
447	180	5	878855989
447	135	5	878855989
447	174	5	878856052
447	144	5	878856078
447	202	3	878856078
447	28	4	878856110
447	79	3	878856110
447	176	4	878856148
447	11	4	878856208
447	69	4	878856209
447	282	4	878856290
447	183	5	878856394
447	265	4	878856394
447	22	4	878856422
447	204	4	878856458
447	70	3	878856483
307	56	4	878856967
653	151	3	878866475
653	238	1	878866604
653	496	2	878866679
653	4	3	878866755
653	135	5	878866755
653	28	4	878866814
653	216	3	878866900
653	7	2	878866951
653	200	4	878866952
653	125	2	878866973
653	265	4	878866995
653	204	4	878867093
653	153	2	878867228
653	64	4	878867272
653	144	3	878867346
213	294	3	878870226
213	258	4	878870226
213	288	4	878870226
213	678	4	878870275
213	50	5	878870456
213	7	4	878870518
213	515	4	878870518
213	181	4	878870552
213	286	3	878870598
213	475	4	878870648
213	1	2	878870719
213	100	5	878870749
213	25	4	878870750
213	222	3	878870790
213	508	4	878870790
213	127	5	878870790
213	471	3	878870816
213	257	4	878870846
213	118	4	878870871
213	546	4	878870903
213	405	3	878870904
213	121	5	878870940
213	273	5	878870987
213	117	4	878870987
213	597	5	878871062
1	222	4	878873388
1	258	5	878873389
635	301	3	878878587
635	294	3	878878588
635	323	3	878878714
635	328	3	878878752
635	748	2	878878838
635	300	3	878879107
635	742	3	878879190
635	276	3	878879257
635	237	3	878879257
635	1	4	878879283
635	117	2	878879284
635	15	3	878879346
416	95	3	878879688
416	568	4	878879861
416	423	4	878880195
699	288	3	878881675
699	294	3	878881676
699	127	3	878881828
699	111	3	878881875
699	50	3	878881875
699	151	3	878882002
699	181	3	878882082
699	9	2	878882133
699	7	2	878882272
699	1	3	878882272
699	235	3	878882272
699	121	3	878882366
699	15	1	878882511
699	273	3	878882563
699	405	3	878882608
699	100	4	878882667
699	475	4	878882667
699	98	4	878883038
699	185	4	878883038
699	70	4	878883038
699	202	3	878883112
699	211	1	878883113
699	234	3	878883172
699	191	3	878883173
699	95	3	878883173
22	258	5	878886261
22	294	1	878886262
22	186	5	878886368
22	173	5	878886368
22	153	5	878886423
22	238	5	878886423
22	210	3	878886479
22	202	5	878886480
22	168	5	878886517
22	211	3	878886518
22	4	5	878886571
22	204	5	878886607
22	194	5	878886607
22	435	5	878886682
22	175	4	878886682
22	216	4	878886682
22	187	5	878887680
22	172	4	878887680
22	89	5	878887680
22	96	5	878887680
22	144	5	878887680
22	50	5	878887765
22	79	4	878887765
22	176	5	878887765
22	181	5	878887765
22	174	5	878887765
22	403	5	878887810
22	195	4	878887810
22	568	4	878887810
22	228	4	878887810
22	515	5	878887869
22	385	4	878887869
22	127	5	878887869
22	117	4	878887869
22	121	3	878887925
22	161	4	878887925
22	222	4	878887925
22	118	4	878887983
22	265	3	878888066
22	405	1	878888067
22	546	3	878888107
763	258	3	878914901
763	286	4	878914901
763	98	4	878914968
763	50	4	878914968
763	173	4	878914968
763	200	4	878915015
763	210	3	878915015
763	191	4	878915063
763	1	4	878915559
763	238	4	878915559
763	69	4	878915600
763	483	4	878915628
763	515	4	878915628
763	153	4	878915692
763	144	3	878915722
763	475	4	878915722
763	28	3	878915765
763	100	5	878915958
763	275	5	878915958
763	70	5	878917468
763	4	5	878917877
763	96	2	878918213
763	588	4	878918213
763	135	5	878918332
763	143	3	878918332
763	11	4	878918333
763	195	4	878918360
763	197	4	878918360
763	194	5	878918406
763	222	5	878918406
763	88	4	878918486
763	12	5	878918486
763	111	2	878918871
763	174	4	878919019
763	168	5	878919055
763	79	5	878919083
763	176	4	878919116
763	56	5	878919116
763	357	4	878919116
763	97	3	878919153
763	237	3	878919153
763	196	4	878919206
763	127	4	878920656
763	132	3	878920656
763	742	4	878921584
763	22	4	878921853
763	25	4	878922982
763	234	3	878923288
763	125	3	878923322
763	151	4	878923488
847	405	3	878938982
847	95	4	878939503
847	185	2	878939503
847	234	2	878939645
847	172	4	878939803
847	196	3	878939839
847	11	3	878939876
847	603	3	878939876
847	204	4	878939912
847	168	4	878939912
847	180	2	878939945
847	238	2	878939975
847	56	1	878939975
847	98	4	878940067
847	144	4	878940189
847	202	4	878940255
847	195	4	878940301
847	96	4	878940301
847	173	5	878940332
847	183	4	878940332
847	89	2	878940332
847	216	3	878940356
847	228	4	878940383
847	211	4	878940383
847	70	3	878940584
847	210	3	878940584
847	191	4	878940652
847	71	4	878940653
847	200	3	878940756
847	161	2	878940830
847	496	4	878940954
847	8	4	878941082
847	135	4	878941144
847	174	4	878941168
847	88	2	878941168
847	176	3	878941398
847	568	4	878941442
847	82	4	878941466
847	153	4	878941496
847	79	4	878941588
274	288	4	878944379
274	294	3	878944379
274	258	5	878944379
274	748	5	878944406
274	300	5	878944464
274	275	5	878944679
274	50	5	878944679
274	117	4	878945264
274	742	4	878945322
274	181	5	878945365
274	100	5	878945404
274	9	5	878945404
274	276	4	878945437
274	1	4	878945466
274	471	4	878945505
274	15	5	878945505
274	111	4	878945541
274	25	5	878945541
274	237	4	878945678
274	125	4	878945711
274	118	4	878945711
274	282	5	878945788
274	405	4	878945840
274	546	3	878945918
274	597	3	878946133
274	496	5	878946473
274	234	5	878946536
274	98	5	878946536
274	318	5	878946577
274	71	4	878946612
274	200	4	878946612
274	211	5	878946612
274	69	5	878946644
274	88	4	878946677
483	258	4	878950353
483	286	3	878950353
483	1	4	878950971
483	515	4	878950971
483	181	4	878950971
357	294	4	878951101
357	322	3	878951101
357	748	5	878951101
357	258	4	878951101
357	245	4	878951101
357	1	5	878951216
357	237	5	878951217
357	117	5	878951217
483	275	4	878951388
357	273	5	878951457
357	222	5	878951498
357	471	5	878951498
357	7	3	878951537
357	121	5	878951576
357	508	5	878951616
357	742	4	878951691
357	118	5	878951691
357	235	4	878951691
357	151	5	878951728
357	546	5	878951729
357	111	5	878951784
357	125	5	878951784
357	275	5	878951784
357	405	5	878951784
357	597	4	878952080
483	9	2	878952471
483	257	2	878952519
483	151	2	878952582
483	121	2	878952692
483	405	3	878952966
483	237	3	878953019
483	50	5	878953485
483	228	5	878953485
483	222	3	878953485
483	197	3	878953815
483	12	2	878953999
483	180	2	878954086
483	144	2	878954228
483	195	3	878954753
213	235	1	878955115
213	125	5	878955295
213	234	4	878955373
213	12	5	878955409
213	172	5	878955442
213	173	5	878955442
213	185	5	878955501
213	318	5	878955533
213	69	3	878955534
213	8	3	878955564
213	98	5	878955598
213	175	4	878955599
213	603	5	878955599
213	238	5	878955635
213	56	5	878955635
213	64	5	878955680
213	197	5	878955707
213	182	4	878955766
213	70	3	878955766
213	143	5	878955766
213	194	4	878955766
213	174	5	878955848
213	357	5	878955848
213	483	5	878955848
213	151	5	878955886
213	568	4	878955941
213	187	5	878956022
213	180	5	878956047
213	144	5	878956047
213	200	5	878956100
213	135	5	878956101
213	204	5	878956130
213	195	5	878956156
213	11	4	878956156
213	132	5	878956263
213	79	5	878956263
213	97	5	878956299
213	655	4	878956300
213	176	4	878956338
181	286	1	878961173
181	294	2	878961173
181	288	4	878961173
181	300	3	878961227
181	328	3	878961227
181	301	2	878961303
181	323	2	878961304
181	289	4	878961332
181	748	1	878961368
181	678	2	878961369
181	245	2	878961369
181	258	3	878961709
181	322	1	878961814
181	1	3	878962392
181	742	4	878962623
181	121	4	878962623
181	508	3	878962623
181	25	5	878962675
181	9	4	878962675
181	275	3	878962720
181	475	2	878962720
181	273	1	878962774
181	111	3	878962774
181	276	2	878962816
181	15	3	878962816
181	282	4	878962816
181	125	3	878962816
181	100	3	878962816
181	151	2	878962866
181	117	2	878962918
181	222	4	878962919
181	471	2	878962919
181	546	2	878962919
181	405	4	878962919
181	118	2	878962955
181	237	5	878962996
181	7	4	878963037
181	235	1	878963168
181	597	3	878963276
267	294	3	878970155
267	475	5	878970368
267	100	5	878970427
267	7	5	878970503
267	273	4	878970503
267	127	5	878970529
267	235	3	878970578
267	742	3	878970621
267	121	3	878970681
267	222	4	878970681
267	515	5	878970710
267	597	3	878970805
267	546	3	878970877
267	405	3	878970953
267	174	5	878971405
267	183	4	878971438
267	144	5	878971463
267	483	5	878971463
267	204	4	878971629
267	238	4	878971629
267	12	5	878971659
267	69	4	878971659
267	89	5	878971690
267	180	5	878971690
267	168	4	878971716
267	182	5	878971773
267	22	4	878971816
267	176	5	878971874
267	403	4	878971939
267	655	4	878971989
267	98	5	878971989
267	186	5	878972071
267	187	5	878972071
267	195	4	878972092
267	64	5	878972193
267	179	5	878972314
267	202	5	878972398
267	210	4	878972434
267	228	5	878972434
267	135	5	878972463
267	56	5	878972493
267	28	4	878972524
267	175	5	878972558
267	216	4	878972586
267	161	4	878972706
267	423	3	878972842
267	88	4	878972873
267	385	3	878972873
267	265	5	878972903
267	568	4	878972955
267	143	4	878973329
267	82	4	878973675
267	50	5	878974783
267	153	5	878974783
267	172	5	878974783
267	181	5	878974783
207	322	3	879001724
451	258	4	879012343
451	286	1	879012343
451	301	4	879012431
451	288	5	879012470
451	328	5	879012470
451	294	5	879012470
451	322	4	879012510
451	289	1	879012510
451	323	4	879012510
451	678	5	879012510
451	748	4	879012550
451	300	4	879012550
451	245	2	879012550
140	258	3	879013617
140	286	5	879013617
140	288	3	879013617
140	294	3	879013651
140	322	3	879013684
140	289	4	879013719
140	245	3	879013720
140	301	3	879013747
186	288	1	879022858
186	300	5	879022858
138	111	4	879022890
186	322	5	879022927
138	100	5	879022956
138	1	4	879023031
186	742	3	879023073
186	121	2	879023074
186	100	4	879023115
186	118	2	879023242
138	117	4	879023245
138	742	4	879023245
138	222	4	879023345
138	151	4	879023389
138	15	4	879023389
186	79	5	879023460
186	56	3	879023460
186	12	1	879023460
138	121	4	879023558
186	117	5	879023607
186	405	3	879023677
138	185	4	879023853
186	385	4	879023894
186	237	2	879023934
138	182	4	879023948
186	568	4	879024014
138	496	4	879024043
138	187	5	879024043
138	98	5	879024043
186	294	3	879024099
138	318	5	879024183
138	211	4	879024183
138	603	4	879024184
138	194	5	879024184
138	56	5	879024232
138	435	5	879024232
138	12	5	879024232
138	483	5	879024280
138	357	4	879024327
138	238	5	879024382
186	71	5	879024535
186	95	3	879024535
186	588	4	879024535
257	258	3	879029516
257	288	3	879029516
257	286	5	879029516
257	289	4	879029543
257	301	3	879029620
257	475	5	879029716
257	275	4	879029716
227	288	2	879035072
227	286	3	879035072
227	273	3	879035206
227	7	5	879035251
227	276	4	879035251
227	100	5	879035251
227	475	4	879035252
227	50	4	879035347
227	127	4	879035387
227	748	1	879035387
227	9	3	879035431
227	294	3	879035431
227	117	2	879035493
227	25	4	879035535
227	15	4	879035725
227	121	2	879035934
227	405	2	879035934
881	323	2	879051487
881	322	4	879051511
506	678	3	879074774
455	475	4	879109069
455	25	3	879109110
455	125	3	879109133
455	276	4	879109594
455	282	3	879109664
455	471	4	879109692
455	118	4	879109733
455	257	4	879109733
455	405	3	879109764
455	237	3	879109923
455	597	3	879110123
455	144	3	879110436
455	234	4	879110436
455	98	4	879110436
455	435	4	879110544
455	301	2	879110767
455	288	2	879110767
455	15	2	879110767
455	546	3	879110767
455	82	5	879110818
455	56	5	879110844
455	11	3	879110971
455	197	5	879111057
455	95	4	879111057
455	200	5	879111092
455	12	3	879111123
455	228	4	879111153
455	70	3	879111194
455	7	4	879111213
455	135	5	879111248
455	204	4	879111249
455	117	3	879111345
455	8	4	879111345
455	28	4	879111371
455	191	5	879111422
455	22	4	879111500
455	64	4	879111500
455	318	3	879111528
455	127	5	879111586
455	96	4	879111616
455	89	3	879111616
455	196	4	879111737
455	174	4	879111763
455	4	3	879111786
455	423	5	879111862
455	183	4	879111862
455	385	3	879111907
455	173	4	879111937
455	69	4	879111937
455	176	3	879111960
455	172	4	879112054
455	71	3	879112098
455	161	4	879112098
455	265	4	879112152
455	568	4	879112298
455	79	4	879112377
455	97	5	879112436
307	121	1	879114143
14	9	4	879119260
14	276	4	879119390
14	15	4	879119390
14	186	4	879119497
14	175	5	879119497
14	168	4	879119497
14	56	5	879119579
14	173	4	879119579
14	238	5	879119579
14	204	5	879119651
14	70	1	879119692
14	211	4	879119693
14	210	5	879119739
14	655	5	879119739
299	175	5	879123190
154	288	3	879138235
154	286	4	879138235
154	258	3	879138235
154	289	2	879138345
154	174	5	879138657
154	515	4	879138657
154	50	5	879138657
154	357	4	879138713
154	182	5	879138783
154	172	4	879138783
154	175	5	879138784
154	191	4	879138832
154	200	5	879138832
154	475	4	879138832
154	496	3	879138910
154	222	2	879138910
154	89	5	879138910
154	211	4	879139002
154	185	5	879139002
154	143	3	879139003
154	135	5	879139003
154	197	5	879139003
154	238	5	879139040
154	187	5	879139096
154	202	3	879139096
699	678	3	879147032
699	323	4	879147366
699	471	3	879147597
699	546	3	879147769
233	70	5	879147810
699	118	4	879148051
699	117	4	879148051
699	275	3	879148201
145	678	2	879161675
10	294	3	879163524
927	328	4	879176059
927	300	5	879176156
927	222	5	879177177
927	125	4	879177298
927	7	3	879177298
927	257	5	879177353
927	25	3	879177403
927	111	4	879177457
927	237	4	879177508
927	15	5	879177509
470	258	4	879178216
470	288	4	879178216
470	286	4	879178216
470	294	3	879178237
470	100	4	879178370
470	9	5	879178370
470	273	3	879178370
470	1	3	879178428
470	742	4	879178455
470	235	3	879178486
470	50	5	879178487
470	7	3	879178518
470	475	4	879178568
470	257	4	879178568
470	471	5	879178593
470	276	5	879178619
470	118	4	879178645
470	222	3	879178711
470	508	5	879178932
470	546	4	879178950
470	125	4	879178969
927	118	5	879181042
927	405	5	879181451
927	69	4	879183164
927	8	4	879183164
927	195	4	879183245
927	11	5	879183303
927	204	4	879183511
927	28	4	879183511
927	588	5	879183683
927	95	5	879184447
927	56	4	879184534
927	228	5	879184644
927	79	3	879184644
927	96	5	879184761
927	174	3	879185327
470	181	4	879189434
927	71	5	879190473
533	603	4	879190670
533	135	3	879191022
533	194	4	879191061
533	357	3	879191085
533	181	5	879191085
533	174	4	879191184
533	172	4	879191184
533	132	5	879191220
533	182	3	879191265
533	228	4	879191332
533	176	1	879191332
533	234	2	879191373
533	427	4	879191373
533	210	5	879191401
927	1	5	879191524
533	265	3	879191563
95	289	2	879191590
533	168	4	879191864
533	216	4	879191864
533	88	4	879191902
533	70	4	879191938
533	202	4	879191938
533	8	3	879191938
533	211	4	879191972
533	204	4	879192157
533	127	5	879192278
533	28	4	879192315
533	191	4	879192315
533	9	4	879192414
533	111	4	879192474
533	151	3	879192474
533	475	1	879192500
533	1	4	879192521
95	25	3	879192597
533	15	4	879192641
533	742	4	879192681
533	508	4	879192702
95	237	2	879192708
533	546	3	879192769
533	118	4	879192792
533	405	3	879192793
95	275	3	879192819
533	121	4	879192901
533	117	5	879192901
533	597	3	879192939
533	237	2	879193048
533	286	4	879193088
533	294	4	879193088
533	322	4	879193106
95	286	5	879193353
95	181	4	879193353
95	151	4	879193353
927	168	4	879193383
95	742	4	879193512
95	117	4	879193619
927	385	4	879193625
927	471	4	879193906
95	111	4	879194012
95	121	4	879194114
95	405	3	879194159
927	132	2	879194268
927	403	4	879194335
562	286	4	879194616
95	597	3	879194663
562	323	2	879194768
562	318	3	879194894
562	1	2	879194894
927	210	5	879194937
95	15	4	879195062
95	127	4	879195062
562	98	4	879195081
562	181	3	879195125
562	435	4	879195125
562	357	1	879195125
562	56	1	879195156
562	427	4	879195244
562	132	4	879195721
562	89	1	879195819
562	483	4	879195954
562	153	4	879195954
562	143	5	879196074
562	234	5	879196074
562	135	5	879196075
562	185	5	879196075
562	194	5	879196075
562	197	4	879196105
562	174	5	879196105
562	191	5	879196176
95	228	4	879196231
95	195	5	879196231
95	174	5	879196231
95	79	4	879196231
927	143	3	879196231
562	204	1	879196288
95	96	4	879196298
95	176	3	879196298
95	161	3	879196298
562	173	5	879196308
95	89	3	879196353
562	127	5	879196401
562	82	5	879196401
95	82	3	879196408
95	385	4	879196408
562	79	4	879196445
562	144	5	879196445
562	161	3	879196445
562	50	5	879196445
95	403	1	879196457
562	118	3	879196483
562	385	2	879196483
95	265	3	879196513
562	4	1	879196517
95	210	5	879196566
95	546	2	879196566
95	568	4	879196594
562	88	5	879196680
95	172	4	879196847
95	153	5	879197022
927	82	2	879197269
95	7	5	879197329
95	50	5	879197329
95	144	5	879197329
95	183	5	879197329
95	515	5	879197329
95	1	5	879197329
95	257	5	879197329
95	98	4	879197385
95	204	5	879197562
95	135	3	879197562
95	28	4	879197603
95	175	5	879197603
95	194	5	879197603
95	211	3	879197652
95	64	5	879197685
95	234	2	879197886
95	185	3	879197886
95	168	4	879197970
95	215	4	879198109
95	655	4	879198109
95	95	3	879198109
95	191	5	879198161
95	202	4	879198209
95	182	2	879198210
95	69	5	879198210
95	8	5	879198262
95	357	4	879198317
95	196	4	879198354
95	173	5	879198547
95	97	4	879198652
95	483	3	879198697
95	496	4	879198746
95	588	3	879198800
927	294	5	879199250
927	288	5	879199250
927	742	5	879199250
927	568	5	879199250
927	121	5	879199250
927	64	5	879199250
307	196	3	879205470
307	161	3	879205470
307	204	3	879205470
307	195	3	879205470
307	22	3	879205470
307	100	3	879206424
689	328	5	879211479
65	258	3	879216131
65	328	4	879216131
65	69	3	879216479
65	64	5	879216529
65	70	1	879216529
65	135	4	879216567
65	179	3	879216605
65	97	5	879216605
65	196	5	879216637
65	423	5	879216702
65	427	5	879216734
65	28	4	879216734
65	197	5	879216769
65	655	4	879216769
65	191	4	879216797
65	9	5	879217138
65	15	5	879217138
65	1	3	879217290
65	7	1	879217290
65	237	4	879217320
65	294	4	879217320
65	111	4	879217375
65	25	4	879217406
65	471	4	879217434
65	121	4	879217458
65	125	4	879217509
65	100	3	879217558
65	50	5	879217689
65	318	5	879217689
65	215	5	879217689
65	56	3	879217816
65	173	3	879217851
65	168	4	879217851
65	202	4	879217852
65	211	4	879217852
65	194	4	879217881
65	216	4	879217912
65	210	4	879217913
65	88	4	879217942
65	435	4	879218025
65	98	4	879218418
65	238	3	879218449
65	185	4	879218449
552	286	4	879220564
552	258	4	879220564
552	300	4	879220610
552	748	4	879220651
552	294	4	879220688
552	301	4	879220720
552	322	3	879220760
552	323	2	879221267
552	288	2	879221267
552	181	3	879221399
552	515	3	879221543
552	127	4	879221580
552	7	3	879221580
552	237	4	879221617
552	1	3	879221716
552	100	4	879221716
552	222	4	879221764
552	257	3	879221795
552	25	3	879221833
552	50	4	879221876
552	742	4	879222103
552	282	3	879222133
552	111	3	879222238
552	151	3	879222238
552	405	3	879222268
552	471	3	879222306
552	117	3	879222412
552	125	3	879222484
552	15	3	879222484
552	118	3	879222520
552	121	4	879222698
799	286	5	879253668
799	258	5	879253668
799	289	3	879253720
799	748	2	879253755
799	174	5	879254026
799	127	4	879254026
799	427	5	879254077
799	173	5	879254077
799	191	3	879254077
799	50	4	879254077
122	175	5	879270084
122	357	3	879270084
122	28	4	879270084
122	191	5	879270128
122	427	3	879270165
870	4	2	879270213
870	88	2	879270213
870	210	4	879270313
870	79	4	879270313
122	135	4	879270327
122	180	5	879270327
870	96	4	879270357
122	127	5	879270424
122	11	1	879270424
122	187	4	879270424
122	197	5	879270482
122	69	2	879270511
122	70	5	879270606
122	215	4	879270676
122	423	4	879270805
122	403	4	879270805
307	215	4	879283036
307	71	5	879283169
307	143	3	879283203
307	181	5	879283232
307	132	4	879283333
307	64	4	879283371
307	174	4	879283480
307	423	5	879283587
307	186	5	879283625
307	258	5	879283786
307	89	5	879283786
307	172	5	879283786
307	173	5	879283786
307	168	5	879283798
307	50	5	879284239
283	294	4	879297013
283	50	5	879297134
283	100	4	879297160
283	151	4	879297318
283	125	5	879297347
283	288	2	879297867
283	95	5	879297965
283	588	4	879297965
283	71	4	879297965
283	216	4	879298206
283	210	5	879298206
283	435	5	879298206
283	70	4	879298206
283	173	5	879298206
283	56	5	879298206
283	202	5	879298206
283	168	5	879298206
283	186	5	879298239
283	204	4	879298239
283	175	4	879298270
283	211	4	879298271
283	194	4	879298295
283	238	5	879298295
862	258	5	879302461
862	748	4	879302533
862	288	5	879302533
862	678	4	879302614
862	111	5	879302844
862	117	5	879302844
862	515	4	879302877
862	546	4	879302944
862	276	5	879303079
862	282	5	879303123
862	405	2	879303123
862	257	5	879303207
862	742	5	879303298
212	286	4	879303468
212	127	2	879303571
212	515	4	879303571
862	597	3	879303697
212	197	5	879303795
212	427	4	879303795
212	191	3	879303830
212	318	5	879303928
212	180	1	879303974
212	423	4	879304010
212	179	1	879304010
862	151	5	879304196
862	127	5	879304196
862	222	5	879304196
862	100	5	879304196
862	121	5	879304196
862	50	5	879304196
862	7	5	879304196
862	172	5	879304243
862	435	5	879304244
862	69	5	879304244
862	483	5	879304326
862	64	5	879304326
862	179	5	879304410
862	210	4	879304410
862	216	5	879304410
862	603	5	879304445
862	173	5	879304484
862	89	5	879304526
862	168	4	879304526
862	182	5	879304526
862	12	5	879304571
862	185	5	879304571
862	22	5	879304571
862	79	5	879304623
862	197	4	879304623
862	202	5	879304624
862	215	4	879304624
862	238	4	879304624
862	187	4	879304672
862	176	5	879304672
862	174	5	879304721
862	143	5	879304722
862	135	5	879304762
862	196	5	879304799
862	568	3	879304799
862	183	5	879304834
862	98	5	879304865
862	195	5	879304902
862	496	5	879304902
862	132	5	879304980
862	265	5	879304980
862	200	5	879304980
862	655	5	879305016
862	211	5	879305051
862	96	4	879305051
862	228	5	879305097
862	180	5	879305097
862	97	4	879305143
862	186	3	879305143
862	181	5	879305143
862	11	4	879305172
862	175	5	879305172
862	70	4	879305172
862	56	3	879305204
862	357	3	879305204
862	82	4	879305237
862	423	4	879305273
497	257	4	879309648
497	25	4	879309780
497	1	4	879309955
497	95	4	879309993
497	588	4	879309993
497	71	4	879309993
497	237	3	879310314
497	216	3	879310399
497	197	3	879310419
497	97	4	879310473
497	50	5	879310580
497	181	5	879310580
497	222	3	879310580
497	127	5	879310580
497	121	4	879310581
497	273	4	879310604
497	7	3	879310604
497	405	3	879310621
497	118	4	879310621
497	597	3	879310649
497	182	4	879310705
497	96	4	879310705
497	174	4	879310705
497	172	5	879310705
497	195	4	879310730
497	22	5	879310730
497	161	5	879310730
497	79	4	879310730
497	176	4	879310762
497	228	3	879310762
497	82	4	879310792
497	144	4	879310792
497	568	3	879310792
497	385	3	879310792
497	187	5	879310825
497	11	3	879310825
497	4	3	879310825
497	183	4	879310825
497	89	4	879310850
497	403	3	879310883
497	265	4	879310883
651	294	1	879348880
651	286	4	879348880
651	127	4	879348965
651	276	4	879348966
651	515	5	879348966
719	127	3	879358453
719	50	2	879358671
719	282	4	879358874
719	742	4	879358893
719	118	2	879360001
719	64	5	879360442
719	318	5	879360493
719	69	5	879360536
719	357	4	879360583
719	423	3	879360583
719	655	4	879360617
719	215	4	879360781
719	97	3	879360845
8	258	5	879361482
8	294	3	879361521
8	301	4	879361550
497	98	4	879361802
497	603	3	879361802
497	185	3	879361802
497	234	2	879361847
497	12	4	879362019
8	187	4	879362123
8	127	5	879362123
8	172	5	879362123
8	385	1	879362124
8	89	4	879362124
8	50	5	879362124
8	174	5	879362183
8	56	5	879362183
8	22	5	879362183
8	96	3	879362183
8	181	4	879362183
8	182	5	879362183
8	11	3	879362233
8	176	5	879362233
8	568	4	879362233
8	435	5	879362233
8	183	5	879362233
8	403	4	879362234
8	144	5	879362286
8	79	4	879362286
8	228	5	879362286
8	273	3	879362287
8	195	5	879362287
8	210	4	879362287
8	7	3	879362287
8	222	5	879362356
8	82	5	879362356
497	200	3	879362359
497	204	3	879362683
497	70	4	879362798
497	151	3	879363510
497	28	3	879363586
497	423	3	879363586
853	286	3	879364668
853	300	5	879364744
853	301	1	879364744
853	328	3	879364744
853	288	4	879364822
853	322	3	879364883
853	748	2	879364883
853	258	3	879364883
853	323	3	879364883
888	286	5	879364981
888	100	4	879365004
888	191	5	879365004
888	180	4	879365004
853	294	2	879365035
888	202	4	879365072
888	111	4	879365072
853	245	3	879365091
605	286	4	879365101
605	300	2	879365101
888	69	4	879365104
888	153	4	879365154
605	288	5	879365158
853	678	4	879365170
605	294	4	879365219
605	301	3	879365237
64	288	4	879365313
64	258	3	879365313
64	748	1	879365314
64	300	3	879365314
888	237	5	879365449
64	265	4	879365491
64	385	4	879365558
64	100	4	879365558
64	275	4	879365670
64	71	3	879365670
605	1	4	879365748
605	471	3	879365748
605	117	2	879365748
605	9	4	879365773
605	276	4	879365773
605	275	4	879366177
64	1	4	879366214
64	127	5	879366214
64	151	3	879366214
605	127	5	879366240
605	678	1	879366335
605	245	3	879366335
641	258	3	879369806
641	301	4	879369925
641	427	4	879370119
641	50	3	879370150
641	483	5	879370259
641	496	2	879370337
641	64	4	879370337
641	89	4	879370364
155	328	2	879370860
155	288	3	879370860
155	286	4	879370860
155	300	2	879370963
155	245	2	879371061
155	294	3	879371194
155	322	2	879371261
155	748	2	879371261
155	323	2	879371261
62	258	5	879371909
62	288	2	879371909
62	328	3	879371909
62	475	4	879371980
62	273	4	879371980
62	276	5	879372182
62	9	4	879372182
62	50	5	879372216
62	127	4	879372216
719	121	1	879372253
62	100	4	879372276
62	508	4	879372277
62	7	4	879372277
62	275	4	879372325
62	125	4	879372347
62	181	4	879372418
62	257	2	879372434
62	222	5	879372480
62	117	4	879372563
62	237	3	879372563
62	15	2	879372634
62	151	5	879372651
62	111	3	879372670
62	1	2	879372813
62	286	3	879372813
62	121	4	879372916
62	742	2	879372965
62	235	4	879373007
62	118	2	879373007
62	546	4	879373118
62	405	3	879373118
62	294	1	879373215
62	245	2	879373232
62	597	2	879373254
62	98	4	879373543
62	238	5	879373568
62	12	4	879373613
62	191	5	879373613
62	64	4	879373638
62	318	5	879373659
62	423	3	879373692
62	168	5	879373711
62	56	5	879373711
62	204	3	879373737
62	483	4	879373768
62	176	5	879373768
62	172	5	879373794
62	97	2	879373795
62	8	5	879373820
62	22	4	879373820
719	216	4	879373935
62	195	5	879373960
62	70	3	879373960
62	180	4	879373984
62	196	4	879374015
62	69	4	879374015
62	228	3	879374607
62	4	4	879374640
62	89	5	879374640
62	210	4	879374640
62	215	3	879374640
62	71	4	879374661
62	153	4	879374686
62	357	4	879374706
62	173	5	879374732
62	144	3	879374785
62	96	4	879374835
62	183	4	879374893
62	174	4	879374916
62	179	4	879374969
62	132	5	879375022
62	135	4	879375080
62	568	3	879375080
62	28	3	879375169
62	182	5	879375169
62	82	4	879375414
62	216	4	879375414
62	655	3	879375453
62	403	4	879375588
237	286	3	879376220
237	98	4	879376327
237	357	4	879376327
237	176	3	879376328
237	100	5	879376381
237	483	5	879376381
237	238	4	879376435
237	28	4	879376435
237	423	4	879376487
237	197	4	879376515
237	211	4	879376515
237	187	3	879376553
237	183	5	879376641
237	179	4	879376641
237	127	5	879376671
237	64	5	879376671
237	153	3	879376698
237	9	4	879376730
237	180	4	879376730
237	174	4	879376773
237	185	4	879376773
237	191	4	879376773
237	603	5	879376773
870	9	5	879376967
921	288	3	879379265
921	328	5	879379338
921	294	4	879379338
921	245	1	879379361
921	322	3	879379428
921	323	4	879379428
921	678	5	879379447
921	181	5	879379562
921	237	3	879379562
921	1	3	879379601
921	15	4	879379621
921	275	1	879379642
921	282	2	879379714
921	121	5	879379736
921	25	3	879379736
921	125	3	879379774
921	405	3	879379774
921	471	2	879379821
921	257	3	879379898
921	151	3	879379994
921	111	4	879380097
921	96	4	879380656
921	215	4	879380677
921	194	3	879380704
921	79	4	879380704
921	185	3	879380826
921	69	4	879380862
921	71	4	879380957
921	276	1	879381004
921	50	4	879381051
921	222	5	879381128
921	143	5	879381257
699	322	3	879382698
699	748	2	879382698
583	286	4	879384052
583	258	4	879384094
583	276	4	879384338
583	483	5	879384338
583	100	5	879384404
583	195	4	879384404
583	200	5	879384404
583	655	5	879384471
583	175	5	879384471
583	7	5	879384471
583	12	5	879384522
583	265	4	879384522
583	357	5	879384575
233	202	5	879394264
605	180	4	879424315
605	143	1	879424345
605	135	5	879424369
605	475	3	879424369
605	210	3	879424452
605	22	4	879424548
605	496	5	879424600
605	237	3	879424661
605	70	3	879424680
605	174	3	879424743
605	282	4	879424743
605	238	1	879424783
605	153	4	879424784
605	508	5	879425432
605	64	5	879425432
605	69	5	879425432
605	98	5	879425432
605	483	5	879425432
605	100	5	879425432
605	79	5	879425432
605	132	5	879425432
605	187	5	879425432
605	111	3	879425663
605	318	5	879426144
605	215	3	879426163
605	357	5	879426180
605	191	5	879426212
605	176	4	879426339
605	15	5	879427151
605	597	3	879427755
876	286	5	879428072
876	288	3	879428101
876	289	3	879428145
876	294	4	879428145
876	276	4	879428354
876	187	4	879428354
876	174	4	879428378
876	238	4	879428406
876	318	5	879428406
876	435	4	879428421
876	22	4	879428451
605	121	1	879429706
605	405	3	879429706
605	118	3	879429729
605	546	2	879429729
376	301	3	879433102
376	328	3	879433164
376	289	3	879433599
48	286	3	879434181
48	323	3	879434181
48	294	3	879434212
370	294	1	879434229
48	289	1	879434252
370	322	3	879434308
370	323	2	879434333
906	286	5	879434335
906	300	3	879434378
370	257	5	879434468
370	56	2	879434587
370	174	3	879434587
48	603	4	879434607
48	483	5	879434607
48	183	5	879434608
376	603	4	879434613
370	265	5	879434636
48	427	4	879434653
48	357	5	879434653
48	28	2	879434653
370	173	3	879434707
370	50	4	879434707
48	174	5	879434723
48	56	3	879434723
48	50	4	879434723
370	64	4	879434745
370	210	3	879434745
370	135	4	879434746
370	222	3	879434746
376	357	4	879434750
48	215	4	879434751
48	423	4	879434752
48	496	5	879434791
48	202	4	879434791
48	172	5	879434791
48	228	3	879434792
370	175	3	879434804
48	185	4	879434819
48	194	4	879434819
370	181	4	879434832
370	22	4	879434832
370	153	2	879434832
906	7	3	879434846
906	100	4	879434846
906	9	4	879434846
48	71	3	879434850
906	273	4	879434882
370	195	4	879434886
48	210	3	879434886
48	132	5	879434886
370	183	4	879434937
370	98	4	879434937
48	187	5	879434954
48	181	5	879434954
48	195	5	879434954
48	191	5	879434954
48	98	5	879434954
370	435	3	879434999
370	427	5	879435146
419	286	4	879435190
370	176	4	879435217
370	603	5	879435244
906	475	3	879435253
906	742	3	879435278
906	276	5	879435299
419	300	4	879435347
906	125	4	879435365
370	12	4	879435369
370	238	4	879435369
370	100	4	879435369
370	423	4	879435369
370	678	4	879435369
370	172	4	879435369
906	15	3	879435415
906	471	3	879435415
906	237	4	879435469
419	257	4	879435503
419	405	3	879435503
419	275	5	879435520
419	50	5	879435541
906	405	3	879435551
906	117	4	879435574
419	79	4	879435590
419	1	4	879435590
419	191	4	879435590
906	121	4	879435598
310	258	3	879435606
419	69	4	879435628
419	174	5	879435628
419	173	5	879435628
419	28	3	879435663
419	89	3	879435722
419	100	5	879435722
310	748	3	879435729
419	197	5	879435749
419	181	4	879435807
558	286	4	879435828
558	275	4	879435896
310	222	3	879436062
558	9	4	879436069
310	181	4	879436104
310	275	5	879436137
558	15	3	879436140
310	50	5	879436177
558	508	5	879436396
558	100	5	879436396
310	257	5	879436576
310	294	1	879436712
302	748	1	879436739
302	258	3	879436739
302	301	4	879436820
302	328	3	879436844
302	289	3	879436874
302	323	2	879436875
302	322	2	879436875
302	245	2	879436911
302	294	1	879436911
211	286	4	879437184
338	286	4	879437522
338	294	1	879437576
338	301	4	879437655
895	748	3	879437712
895	294	4	879437727
895	328	4	879437748
895	301	4	879437793
895	181	5	879437950
895	1	4	879437950
895	222	3	879437965
895	100	4	879437997
895	275	5	879438011
895	50	5	879438062
338	275	5	879438063
338	204	3	879438063
895	117	3	879438082
338	215	3	879438092
338	483	4	879438092
338	211	4	879438092
895	597	2	879438101
895	151	5	879438101
895	742	4	879438123
338	132	2	879438143
338	1	3	879438143
503	127	5	879438161
503	50	5	879438161
503	286	3	879438191
338	216	4	879438196
338	100	4	879438196
338	168	3	879438225
503	1	5	879438233
503	475	2	879438319
503	181	5	879438319
503	100	5	879438346
338	174	4	879438392
503	275	5	879438411
338	427	4	879438419
533	435	4	879438455
533	483	4	879438470
338	197	5	879438473
503	237	4	879438505
338	196	2	879438505
338	180	4	879438505
338	56	3	879438535
785	288	3	879438537
533	12	4	879438543
533	98	4	879438543
785	301	4	879438565
338	135	5	879438570
338	435	4	879438597
338	194	3	879438597
385	286	3	879438600
321	496	4	879438607
321	603	5	879438607
321	64	3	879438607
321	56	4	879438651
321	127	3	879438651
338	143	2	879438652
533	97	2	879438666
533	385	4	879438666
503	405	3	879438685
503	546	4	879438685
503	25	4	879438685
338	603	5	879438690
785	294	4	879438705
785	748	3	879438705
503	121	3	879438707
338	79	4	879438715
338	175	4	879438762
533	96	4	879438767
321	50	4	879438793
321	7	4	879438793
785	168	4	879438810
785	496	4	879438810
533	187	4	879438811
590	100	5	879438825
533	318	5	879438849
533	69	4	879438849
533	568	5	879438849
533	143	4	879438850
533	186	3	879438850
321	100	4	879438882
590	237	3	879438911
785	56	4	879438920
321	286	4	879438932
590	111	3	879438936
590	15	3	879438936
533	215	4	879438941
797	286	2	879438957
785	174	5	879438957
785	22	4	879438957
785	423	2	879438957
533	22	4	879438961
590	515	3	879438972
590	9	3	879438972
47	286	3	879438984
785	195	4	879438984
47	258	4	879438984
785	79	4	879438984
321	276	3	879438987
707	294	2	879438988
707	286	5	879438988
785	50	5	879439021
797	300	2	879439031
47	289	4	879439040
533	496	5	879439061
47	288	2	879439078
47	322	2	879439078
533	195	4	879439082
797	294	3	879439105
797	748	1	879439105
415	328	5	879439135
415	258	4	879439135
797	328	2	879439136
785	69	4	879439137
785	1	4	879439137
785	12	4	879439137
533	82	4	879439204
415	323	2	879439205
415	322	4	879439205
785	318	4	879439232
785	183	5	879439232
797	127	4	879439297
797	50	5	879439314
533	403	3	879439341
