860	333	3
207	414	2
207	792	2
207	239	3
207	787	3
207	866	3
207	238	2
207	73	3
207	25	4
725	321	2
725	288	3
725	294	3
725	358	3
725	748	4
725	322	4
725	245	4
725	873	4
725	264	1
543	367	4
543	761	2
725	15	4
725	111	3
725	181	4
725	9	4
725	276	4
725	1197	3
725	879	4
725	258	4
725	328	4
725	301	4
725	286	5
725	100	5
725	881	5
725	300	4
725	333	5
725	19	5
207	1012	3
543	748	3
43	879	4
634	294	4
634	292	3
634	628	4
634	274	3
634	819	2
634	477	3
92	190	4
92	1214	2
92	125	4
92	432	3
92	181	4
92	87	3
92	383	1
92	78	3
92	1211	3
798	1066	2
798	1469	3
798	142	3
798	95	5
798	463	3
798	140	4
92	739	2
92	274	4
92	1212	3
92	278	3
92	1040	3
92	408	4
92	284	2
92	7	4
798	419	4
798	420	3
798	623	3
798	768	4
798	1076	3
798	417	3
798	1503	3
798	584	3
798	465	4
798	795	3
798	138	3
798	400	3
307	24	4
798	432	4
798	941	3
798	52	3
798	81	3
798	1285	3
798	162	3
798	703	4
798	660	3
798	1139	3
798	1539	2
711	286	4
711	258	4
711	181	4
711	111	2
711	50	4
711	475	5
711	121	1
711	257	3
711	763	1
711	283	4
711	676	5
711	1115	4
711	476	4
711	275	5
711	250	2
711	222	3
711	744	4
711	151	4
711	25	4
711	10	5
761	258	4
761	288	4
761	748	4
761	294	3
761	358	3
761	678	2
761	245	5
761	326	1
761	988	1
761	243	3
761	1157	5
761	50	5
761	402	3
761	148	5
761	261	1
761	289	2
761	688	2
761	877	2
761	457	1
761	263	1
761	1197	3
761	222	4
761	127	3
761	181	5
761	1287	1
761	1	1
761	293	4
761	275	4
761	295	4
761	283	4
761	1272	1
761	123	3
761	235	3
761	508	1
761	7	4
761	477	1
761	9	2
761	1014	1
761	117	5
761	15	5
761	864	4
761	471	3
761	742	2
761	147	4
761	278	4
761	151	2
761	237	5
761	1012	1
761	455	2
761	546	5
761	476	2
761	426	1
761	214	1
761	205	4
761	1558	1
761	201	2
761	458	1
761	1152	2
761	628	4
761	924	4
761	282	4
761	1277	1
761	1163	2
761	840	4
761	291	3
761	125	4
453	258	4
453	515	4
275	304	3
275	294	4
275	515	3
275	181	4
275	117	3
275	257	3
275	405	2
275	121	3
275	118	3
275	597	3
275	930	3
275	825	2
275	826	2
275	472	3
275	252	2
275	50	4
275	230	3
275	228	4
275	229	3
275	450	3
275	227	3
275	222	4
207	107	3
275	449	3
275	380	3
275	62	3
207	15	4
207	4	4
452	456	1
452	1057	1
452	1013	1
452	1089	1
452	245	2
554	288	3
554	294	3
554	245	3
554	678	3
554	100	3
554	9	4
554	286	4
554	742	3
554	237	3
554	275	4
554	819	3
554	117	4
554	222	4
554	1012	3
554	273	3
554	411	3
554	546	3
554	756	3
554	1	3
554	15	4
554	864	4
554	845	3
554	696	3
554	1284	3
554	595	3
554	220	3
554	597	4
554	820	2
554	21	1
554	121	4
554	282	3
554	274	3
554	866	3
554	252	4
554	717	3
554	69	5
554	238	3
554	13	2
554	582	3
554	28	4
554	596	3
554	22	4
764	286	4
554	265	4
554	202	4
554	223	3
554	209	4
764	321	1
554	11	4
764	323	3
554	527	4
764	294	3
764	273	3
764	50	3
764	100	4
764	9	4
764	13	2
764	1152	3
764	275	4
764	151	4
764	15	4
764	845	4
764	284	4
764	25	2
764	596	3
764	118	3
764	743	1
764	7	4
764	819	3
764	864	4
764	282	4
764	278	4
764	274	3
764	742	3
764	597	4
764	237	4
764	222	4
764	696	3
764	591	3
764	111	4
764	756	3
764	717	3
764	411	3
764	595	4
764	405	4
764	21	2
764	125	4
764	281	3
554	191	5
764	220	3
764	472	3
764	820	3
764	106	2
764	1057	1
764	252	3
764	255	4
764	1028	4
764	245	4
764	866	4
764	1012	4
764	1	4
764	280	4
764	56	4
764	1284	3
764	70	4
764	223	3
764	11	4
764	191	3
764	2	3
764	176	4
764	1046	4
764	200	4
764	69	5
764	318	5
764	496	5
764	633	5
764	117	5
764	98	5
764	289	5
764	64	5
764	121	5
764	531	5
764	28	4
764	143	5
764	173	3
764	4	3
764	432	5
764	174	5
764	216	4
764	22	4
764	218	4
764	89	4
764	939	4
764	140	3
764	132	5
764	747	3
764	202	4
764	692	4
764	86	3
764	227	4
764	231	3
764	588	5
764	371	3
764	95	5
764	732	3
764	673	4
764	946	4
764	77	4
764	693	3
764	31	4
764	99	4
798	443	3
798	769	2
772	304	4
772	328	5
772	331	5
772	323	4
772	264	4
130	332	4
130	1014	3
130	1089	2
130	147	4
130	121	5
130	249	5
130	363	3
130	1088	2
130	1028	4
130	250	3
130	1034	2
130	281	4
130	1277	4
130	3	5
130	974	4
130	291	4
130	252	5
130	546	4
130	532	5
130	290	3
130	833	4
130	742	5
130	472	4
130	930	3
130	122	3
130	413	3
130	1278	5
130	148	4
130	254	2
130	929	4
130	105	4
130	236	5
130	1095	3
130	1244	4
130	1079	3
130	1279	4
130	411	5
130	928	4
130	1013	4
130	1245	3
130	827	4
130	1276	4
130	820	5
712	294	4
130	934	4
130	1049	3
130	975	5
712	142	4
712	787	3
712	213	3
130	407	2
130	1215	2
130	932	3
712	652	3
130	619	4
130	443	5
130	419	5
130	58	2
130	5	4
130	761	3
130	568	5
130	469	5
130	128	4
130	772	4
130	959	4
130	230	3
130	188	4
130	54	5
130	143	5
130	403	5
130	731	3
130	949	3
130	53	3
130	366	5
130	746	5
130	939	4
130	944	4
130	729	4
130	67	4
130	1058	5
130	33	5
130	802	5
130	62	4
130	665	3
130	567	2
130	552	5
130	392	4
130	38	4
130	554	4
130	1275	5
130	210	5
130	541	3
130	2	4
130	1220	5
130	1136	4
130	765	4
130	739	5
130	226	5
130	219	5
130	420	5
130	393	5
130	1246	3
130	84	4
130	63	4
402	286	5
402	258	4
402	13	3
402	137	4
402	257	4
402	408	5
402	475	3
402	275	5
402	9	4
402	50	4
402	126	4
402	511	5
402	135	4
402	182	5
402	529	4
402	12	4
402	234	4
402	245	1
402	181	4
402	515	5
402	748	3
402	1	5
402	455	3
402	100	5
402	864	3
402	124	4
402	25	4
402	255	4
402	237	4
402	222	4
402	151	5
402	1284	3
402	476	3
402	1048	2
402	410	1
402	764	3
402	10	2
402	127	5
402	696	4
402	235	3
402	276	5
402	273	4
402	111	4
402	591	4
402	471	4
402	1060	3
402	628	3
402	116	3
402	7	4
402	16	3
402	118	4
402	19	4
402	15	5
402	48	5
402	117	3
402	483	5
402	228	3
402	42	4
402	479	5
402	480	5
402	710	2
402	204	5
402	168	5
402	96	5
402	1101	4
402	95	5
402	32	3
402	510	5
711	958	5
711	185	4
711	134	5
711	42	3
711	64	4
711	180	4
711	170	5
319	302	4
319	332	4
319	879	5
452	455	1
452	172	4
452	1410	1
452	1534	1
452	288	2
452	1255	2
452	286	4
452	191	5
452	475	2
82	286	4
82	9	4
82	50	5
82	596	3
82	7	3
82	181	4
82	1	4
82	919	3
82	14	4
82	100	5
82	455	4
82	237	3
82	477	3
82	276	4
82	15	3
82	222	3
82	284	4
82	121	4
82	111	4
82	405	3
82	546	3
82	147	3
82	274	3
82	235	1
82	288	3
82	151	2
82	1028	2
82	826	3
870	477	4
870	13	4
870	21	3
870	154	4
407	202	4
407	101	3
407	447	3
407	1	4
407	161	2
407	118	3
407	144	3
407	159	3
407	796	2
407	163	3
407	229	3
407	568	2
407	40	1
407	99	4
407	502	2
407	418	4
407	218	4
407	427	4
407	660	3
407	162	4
407	466	3
407	747	3
407	191	5
407	67	1
407	85	4
407	629	3
407	25	3
764	527	4
407	423	4
407	1118	4
407	712	2
407	972	3
407	4	4
407	88	3
407	715	4
407	196	4
407	151	4
407	82	3
407	732	4
407	785	3
407	203	4
407	443	3
407	231	3
407	399	3
407	123	3
407	382	3
407	1230	2
407	158	2
407	121	4
407	739	3
407	265	3
407	274	3
407	402	2
407	29	3
407	1263	2
407	708	3
407	393	2
407	72	4
407	449	2
407	232	3
407	226	3
407	1188	2
407	94	4
407	1041	3
407	635	3
601	258	5
601	1296	1
601	324	4
601	288	1
601	259	1
601	294	1
601	325	4
601	260	4
601	100	4
601	50	5
601	127	4
601	1084	5
601	475	4
601	276	4
601	250	4
601	109	4
601	151	3
601	508	4
601	181	5
601	222	4
601	15	1
601	410	4
601	21	3
601	107	4
601	455	4
601	123	1
601	1079	3
601	9	4
601	740	4
601	257	2
601	121	2
601	591	3
601	125	1
601	864	1
601	118	1
601	225	1
601	284	4
601	1028	2
601	1047	1
601	840	2
601	473	3
601	405	1
601	476	1
601	763	5
601	411	2
601	1615	4
601	928	1
601	148	3
601	472	1
407	186	4
601	287	1
407	756	2
601	934	1
407	569	3
601	820	1
407	219	4
407	62	3
407	405	3
601	834	1
601	743	1
601	98	3
601	178	4
601	318	4
601	174	4
601	671	4
407	400	1
601	195	3
407	1044	3
407	859	3
407	508	4
407	729	4
601	183	4
407	291	4
407	565	3
601	173	5
601	8	3
601	427	4
601	172	4
601	483	4
601	156	4
601	204	2
407	1090	2
601	176	2
601	22	4
407	1028	3
407	388	2
407	930	2
601	234	1
601	12	3
407	395	1
407	416	3
601	69	3
601	357	4
407	675	3
601	91	5
601	496	4
601	479	4
601	429	5
601	64	4
601	201	5
601	87	4
601	186	4
601	47	3
601	56	3
601	185	4
601	157	3
601	196	3
601	238	2
601	623	1
601	660	3
601	71	1
601	191	4
601	154	5
601	208	4
601	65	4
601	1540	2
601	210	4
601	421	1
601	153	4
601	198	4
601	132	5
601	482	4
601	584	4
601	96	2
601	1039	4
601	184	3
601	1073	2
601	436	4
601	504	4
601	1063	3
601	58	1
601	163	4
601	228	5
601	141	4
601	135	4
601	39	1
601	290	3
601	99	3
601	389	2
601	239	3
601	387	3
601	230	4
601	241	4
601	416	3
601	588	3
601	418	2
601	443	4
601	131	4
601	133	4
601	699	3
601	365	3
601	164	4
601	168	5
601	1116	4
601	406	2
601	378	2
601	179	5
601	143	3
601	1135	2
601	842	1
601	949	2
601	921	5
601	419	4
601	673	1
601	82	1
601	140	1
601	431	4
601	382	4
259	168	5
259	154	5
554	68	2
554	31	4
554	735	3
554	216	3
554	227	3
554	133	4
554	70	4
554	770	1
554	173	3
554	4	2
554	1041	3
554	66	3
554	86	4
554	318	5
554	179	3
554	951	3
554	229	3
554	67	3
554	230	5
554	43	3
554	728	3
554	542	3
233	375	4
233	129	3
233	623	3
543	1262	2
543	9	4
343	286	4
343	302	4
343	269	4
343	303	4
343	258	5
343	288	2
343	324	5
343	334	5
343	333	3
343	358	1
343	306	4
343	260	1
343	515	4
343	100	5
343	475	5
343	236	5
343	1	5
343	124	4
343	237	4
343	9	5
343	147	4
343	50	5
343	25	2
343	13	5
343	458	5
343	150	4
343	744	4
343	471	4
343	137	4
343	257	3
343	7	5
343	222	4
343	277	4
343	116	5
343	10	4
343	276	5
343	1067	3
343	250	5
343	235	4
343	118	2
343	117	2
343	408	5
343	950	3
343	283	4
343	410	3
343	473	3
343	980	5
343	476	2
343	297	5
343	536	4
343	919	5
343	546	1
343	1008	4
343	274	3
343	252	4
343	508	5
343	1117	3
343	930	1
343	1132	4
343	405	4
343	1047	1
343	823	3
343	130	3
343	931	3
343	483	5
343	642	4
343	435	4
343	462	4
343	496	5
343	208	4
343	703	4
343	57	5
343	127	5
343	174	5
343	199	5
343	657	5
343	724	4
343	478	5
343	23	5
343	531	5
343	200	2
343	153	5
343	134	5
343	135	5
343	168	4
343	152	4
343	180	5
343	87	4
343	523	5
343	238	4
343	42	4
343	961	4
343	614	5
343	191	5
343	26	3
343	1039	5
343	228	5
343	164	3
343	527	5
343	52	5
343	28	5
343	463	4
343	606	5
343	197	4
343	86	5
343	8	5
343	98	5
343	582	3
343	132	5
343	963	5
343	56	5
343	83	4
343	461	2
343	466	4
343	660	3
343	528	3
343	77	3
343	144	4
343	157	4
343	175	5
343	663	5
343	499	5
343	55	3
343	1194	4
343	317	5
343	88	4
343	47	4
343	561	3
343	11	5
343	65	5
343	792	5
343	169	5
343	194	5
343	387	4
343	176	5
343	179	5
343	234	1
343	530	5
343	64	5
343	189	4
343	48	3
343	655	5
343	12	5
343	69	5
343	223	5
343	82	5
343	217	3
343	1073	4
343	211	5
343	581	4
343	427	5
343	156	4
343	193	4
343	371	2
343	159	2
343	97	4
343	1140	3
343	715	5
343	215	5
343	187	4
343	198	4
343	89	3
343	63	4
343	79	4
343	367	4
343	951	1
343	22	4
343	786	4
343	3	4
343	202	4
343	196	4
343	702	4
343	38	3
343	58	4
343	1112	3
343	712	4
343	778	5
343	66	3
343	569	3
343	727	4
343	425	5
343	943	4
343	154	5
343	1267	4
343	735	5
343	214	4
343	44	3
343	568	1
343	921	4
343	1211	4
343	90	4
343	143	4
343	474	5
343	62	2
343	318	5
343	203	5
343	559	3
343	684	3
343	68	1
343	403	4
343	265	2
343	739	3
343	385	3
343	1107	3
343	382	3
343	375	2
343	708	4
343	654	5
343	231	5
343	121	2
343	429	4
343	449	5
343	747	4
343	631	4
343	583	4
343	177	4
343	241	3
343	729	3
343	229	4
343	155	1
343	53	5
343	186	4
343	76	4
343	67	3
343	555	1
343	72	5
343	188	4
343	20	5
343	498	5
343	521	5
343	4	5
343	275	5
343	510	5
343	357	5
343	81	5
343	163	5
343	423	5
764	71	5
764	1221	4
764	418	4
764	356	4
307	21	4
182	178	5
182	191	4
182	172	5
182	69	5
182	423	5
182	203	3
182	479	5
182	48	3
116	258	4
116	286	3
116	331	3
116	302	3
116	332	3
116	333	2
116	879	2
116	300	3
116	289	4
116	358	2
116	324	2
116	299	3
116	748	2
116	323	3
116	259	4
116	322	2
116	264	3
116	328	3
116	325	3
116	678	3
116	872	3
116	246	5
116	50	3
116	515	4
116	253	3
116	1142	4
116	248	3
116	181	4
116	257	3
116	255	3
116	298	3
116	295	3
116	1216	3
116	250	4
116	532	2
116	1257	1
116	249	2
116	650	2
116	596	5
116	145	2
116	758	1
116	1082	3
116	1244	2
116	1013	3
116	1256	1
116	326	2
116	1016	2
116	1089	2
116	993	2
116	1258	2
116	252	2
116	294	2
116	304	2
116	1255	2
116	1254	2
116	1214	3
116	730	4
116	511	4
116	185	3
116	275	2
116	531	2
116	221	4
116	640	3
116	582	3
116	195	4
116	193	4
116	116	3
116	124	3
116	421	3
116	806	4
116	292	4
116	1220	2
116	7	2
116	1039	4
116	203	5
116	191	4
116	607	2
116	661	4
116	285	4
116	65	2
116	1226	2
116	942	3
116	390	4
116	1253	2
116	199	4
116	604	3
116	603	3
116	479	4
116	47	3
116	127	5
116	137	2
875	258	4
875	286	3
875	302	5
875	269	4
875	288	4
875	321	3
875	268	4
875	294	2
875	289	4
875	300	3
875	358	3
875	334	4
875	332	3
875	333	5
875	937	4
875	327	4
875	423	5
875	98	5
875	180	5
875	707	4
875	133	4
875	169	5
875	174	5
875	478	4
875	8	3
875	45	3
875	172	4
875	22	3
875	357	5
875	603	4
875	173	5
875	176	4
875	514	5
875	428	4
875	96	4
875	183	5
875	496	4
875	211	5
875	1103	5
875	135	4
875	753	3
875	772	5
875	511	5
875	474	5
875	462	4
875	179	5
875	134	5
875	131	4
875	1073	5
875	418	4
875	692	2
875	654	4
875	527	4
875	12	5
875	806	4
875	1422	3
875	32	5
875	480	5
875	963	4
875	64	5
875	504	5
875	921	5
875	652	5
875	181	4
875	964	4
875	421	4
875	501	4
875	71	2
875	42	4
875	55	3
875	50	5
875	481	5
875	923	5
875	171	5
875	523	4
875	28	4
875	512	5
875	582	5
875	213	4
875	518	4
875	4	3
875	651	5
875	479	4
875	195	4
875	23	5
875	187	4
875	56	5
875	185	4
875	461	4
221	268	5
221	335	4
306	269	5
306	306	5
306	258	2
306	303	3
306	289	3
306	242	5
306	319	4
306	286	4
306	321	3
306	275	4
306	19	5
306	14	5
306	283	3
306	1009	4
306	1251	5
306	116	5
306	744	4
306	864	3
306	741	1
306	150	5
306	100	4
306	285	4
306	235	4
306	257	4
306	25	3
306	287	4
306	111	4
306	13	4
306	756	3
306	1028	2
306	1514	4
306	476	3
593	163	4
593	131	4
593	580	1
593	133	4
268	268	5
268	269	4
268	333	4
268	302	5
268	264	3
268	260	3
268	358	3
268	328	1
268	325	3
268	258	2
268	294	3
268	259	3
268	324	4
268	717	1
268	790	2
268	583	4
268	484	4
268	746	3
268	203	5
268	561	3
268	391	3
268	1476	2
268	89	4
268	421	3
268	978	2
268	1095	2
268	105	2
268	7	4
268	96	5
268	37	3
268	407	1
268	452	1
268	147	4
268	24	2
268	1110	3
268	679	4
268	732	3
268	433	4
268	552	2
268	178	4
268	735	3
268	824	2
286	123	5
286	100	3
286	117	2
286	125	4
286	251	5
286	1	4
286	278	5
286	924	4
286	477	3
286	763	2
286	16	3
286	819	3
286	546	1
286	20	4
286	111	5
286	240	3
286	250	4
286	741	4
286	274	2
286	13	2
286	815	3
286	476	4
286	762	2
286	1047	1
286	290	3
286	280	4
286	929	4
286	147	5
286	1288	4
286	411	2
286	405	3
286	121	3
286	1202	3
286	824	1
286	930	2
286	1079	3
286	1051	4
286	3	2
286	931	4
286	472	3
286	597	3
664	286	4
664	302	4
664	268	3
664	306	4
664	319	4
664	326	2
664	678	2
664	328	3
664	509	4
664	179	4
664	197	4
664	223	4
664	531	2
664	528	5
664	191	3
664	100	5
664	513	4
664	427	4
664	285	5
664	276	5
664	192	4
664	655	3
664	518	4
664	81	5
664	664	4
664	64	4
664	469	3
664	792	4
664	137	3
664	222	3
664	182	4
664	180	4
664	187	5
664	175	4
664	12	5
664	22	2
664	160	3
664	157	3
664	83	4
664	425	3
664	237	2
664	1101	3
664	92	4
664	649	4
664	582	1
664	127	5
664	318	5
664	47	4
664	631	4
664	708	4
664	778	3
664	58	4
664	215	4
664	149	3
664	732	3
664	97	3
664	69	3
664	724	3
664	715	3
664	660	3
664	52	5
664	162	4
664	56	4
664	173	4
664	154	5
664	516	5
664	433	3
664	209	4
664	194	4
664	663	4
664	522	3
664	702	4
664	186	5
664	153	4
664	1098	3
664	367	3
664	4	4
664	321	3
664	514	5
664	176	4
664	98	4
664	183	3
664	228	4
664	659	5
664	504	4
664	603	5
664	466	4
664	79	4
664	234	3
664	642	4
664	1109	4
664	717	1
664	31	4
664	525	4
664	53	3
664	684	4
664	118	3
664	450	3
664	654	5
664	77	3
664	566	4
664	229	3
664	431	2
664	636	3
664	121	3
664	230	3
664	770	4
664	54	3
664	657	5
664	203	4
664	356	3
664	673	3
664	449	2
664	227	3
664	1090	1
664	159	3
664	156	4
297	301	4
647	705	4
647	79	4
647	174	4
647	328	3
647	1014	3
647	588	4
647	490	4
647	631	4
647	748	4
647	294	3
647	326	3
647	405	4
647	147	4
647	15	4
647	250	3
647	298	3
81	269	3
81	288	3
81	289	3
81	147	4
81	456	1
81	283	4
81	116	3
81	475	5
81	276	4
81	100	3
81	7	4
81	121	4
81	471	3
81	282	5
81	150	3
81	222	2
647	29	4
81	93	3
81	275	4
647	231	4
647	403	4
81	273	4
81	118	2
81	742	2
81	237	4
81	405	3
647	554	4
81	717	2
81	926	3
81	596	3
647	568	4
647	77	4
81	284	3
647	82	4
81	410	4
81	25	5
81	151	2
81	1047	3
81	619	3
647	402	4
647	88	4
647	72	4
81	756	1
81	476	2
81	591	5
647	993	4
647	300	4
647	173	5
647	1016	4
647	357	5
647	197	5
647	255	4
647	177	5
647	22	5
647	136	5
647	213	3
81	111	3
81	280	4
81	928	4
81	411	2
647	222	4
647	121	4
647	291	3
647	742	4
647	134	4
647	71	4
647	496	4
647	202	4
647	427	4
647	1047	4
81	1028	1
81	274	3
81	1059	3
81	412	1
81	824	3
81	595	4
81	726	4
81	124	3
81	42	4
81	210	4
81	169	4
81	186	5
81	318	5
81	79	5
81	98	5
81	1	4
81	432	2
881	289	1
881	748	3
881	259	3
881	333	5
881	304	3
881	294	3
881	243	2
881	678	2
881	117	5
881	1	4
881	50	3
881	181	4
881	515	4
881	546	4
881	225	2
881	756	4
881	257	5
881	222	5
881	276	5
881	127	4
881	477	4
881	7	4
881	864	3
881	9	3
881	25	3
881	15	3
881	596	3
881	151	2
881	118	4
881	255	3
881	13	4
881	121	5
881	100	4
881	281	3
881	412	1
881	473	2
881	405	4
881	21	3
881	125	5
881	1033	1
881	103	1
881	282	4
881	742	4
881	274	3
881	924	3
881	685	2
881	112	2
881	934	3
881	1089	1
881	1028	3
881	1164	1
881	291	3
881	472	4
881	105	3
881	820	2
881	943	4
881	483	4
881	185	5
881	175	2
881	511	5
881	23	4
881	514	4
881	357	5
881	8	4
881	191	5
881	178	3
881	484	4
881	671	3
881	498	4
881	504	3
881	192	5
881	89	4
881	31	5
647	604	4
881	98	5
881	478	4
881	28	5
881	97	3
647	196	4
881	705	1
881	480	4
881	238	1
881	176	4
881	95	4
647	73	5
881	133	4
881	96	3
881	174	5
881	209	3
881	11	4
881	414	5
881	495	5
881	202	4
881	432	3
881	523	4
881	524	4
881	79	4
881	234	3
881	197	3
881	430	4
881	521	4
881	474	3
881	527	3
881	177	4
881	135	4
881	69	3
881	168	3
881	64	5
881	228	3
881	183	4
881	642	4
881	588	3
881	22	5
881	180	5
881	208	3
881	140	2
881	217	3
881	1118	3
881	193	5
881	417	2
881	392	5
881	194	3
881	200	2
881	196	3
881	186	3
881	526	5
881	580	5
881	82	5
881	265	5
881	4	3
881	214	4
881	71	4
881	395	3
881	663	5
881	226	3
881	179	5
881	582	1
881	732	5
881	561	4
881	205	4
881	625	5
881	399	4
881	161	3
881	204	4
881	1217	5
881	528	5
881	136	4
881	530	5
881	99	3
881	182	3
881	88	3
881	465	3
881	77	2
881	1124	4
881	188	4
881	62	4
881	81	3
881	385	4
881	419	5
881	1066	3
881	229	4
881	215	3
881	132	3
881	423	4
881	490	4
881	542	1
881	38	3
881	380	4
881	58	3
881	435	3
881	566	4
881	576	3
881	199	5
881	63	4
881	434	2
881	141	3
881	51	5
881	216	4
881	755	4
881	139	3
881	233	3
881	27	3
881	227	4
881	447	4
881	520	5
881	49	5
881	1228	3
881	172	4
881	506	4
881	568	4
881	94	2
881	1046	3
881	849	2
881	29	2
881	187	4
881	739	4
881	393	4
881	1540	1
881	400	2
881	143	5
881	728	3
881	679	1
881	712	3
881	654	4
881	451	1
881	601	5
881	630	4
881	72	2
881	70	2
881	559	2
881	218	4
881	573	3
881	134	5
881	401	1
881	1078	3
881	550	3
881	230	4
881	615	4
881	403	3
881	575	2
881	1133	2
881	54	4
881	375	1
881	795	2
881	1177	1
881	53	2
881	443	5
881	655	4
881	356	3
881	768	3
881	812	2
881	651	5
881	790	3
881	441	2
881	420	3
881	449	3
881	90	3
881	1411	2
881	43	3
881	554	1
881	1480	2
881	195	4
330	286	5
330	989	5
330	181	5
330	100	4
330	255	4
330	864	4
330	293	3
330	284	5
330	763	5
330	15	5
330	275	5
330	50	5
330	845	5
330	283	5
330	1084	5
330	1	5
330	1016	3
330	126	5
330	225	4
330	118	5
330	25	5
330	121	4
330	257	5
330	993	4
330	473	4
330	117	5
330	237	4
330	277	4
330	235	5
330	596	5
330	151	4
330	252	4
330	148	4
330	823	3
330	405	5
330	21	5
330	1028	4
330	866	5
330	370	4
330	105	4
330	739	5
330	403	5
330	231	5
330	627	5
330	22	5
330	708	3
330	133	5
330	603	5
330	729	5
330	153	5
330	423	5
330	694	5
330	161	4
330	588	5
330	98	5
330	527	3
330	197	5
330	95	5
330	479	5
330	205	3
330	58	5
330	135	3
330	496	5
330	174	5
330	99	4
330	71	5
330	8	5
330	185	4
330	470	5
330	177	4
81	544	2
330	82	4
330	419	5
330	418	5
330	238	5
330	318	5
330	443	4
330	136	5
330	385	5
330	47	5
330	208	5
330	969	5
330	64	5
330	168	3
330	357	4
330	143	5
330	216	5
330	70	4
330	747	3
330	132	5
330	28	5
330	11	4
330	102	4
330	447	4
330	172	5
330	200	5
330	195	3
330	501	5
330	568	5
330	213	5
330	660	5
330	432	4
330	51	5
330	73	5
330	31	5
330	485	5
330	204	5
330	210	5
330	69	5
330	427	5
330	44	5
330	88	5
330	38	4
330	202	5
330	193	5
330	393	4
330	699	5
330	692	5
330	209	3
330	72	5
330	575	4
330	63	3
330	584	3
330	77	4
330	228	5
330	97	5
330	732	5
330	465	5
330	966	5
330	651	5
330	549	5
330	376	4
330	94	4
330	91	4
330	1035	4
330	559	3
330	67	4
330	554	3
330	963	5
330	66	5
330	1044	5
330	468	5
330	570	4
330	80	2
330	384	2
330	451	5
330	422	4
330	215	5
554	276	3
554	284	3
554	7	3
554	576	4
554	692	4
554	289	4
554	531	4
554	378	4
554	58	4
554	228	5
554	151	4
554	181	4
554	526	4
554	423	4
554	14	4
554	174	5
554	71	4
554	56	4
554	118	4
554	82	4
554	939	4
554	684	4
554	172	5
554	132	4
554	79	5
554	432	4
554	98	5
554	111	4
554	8	4
554	1046	4
554	95	4
554	204	5
554	1042	3
554	87	4
554	405	4
554	218	4
554	77	4
554	50	4
554	215	5
554	732	4
554	125	3
554	1028	3
81	3	4
770	334	5
770	326	4
770	937	4
279	472	3
195	304	4
195	500	4
195	748	2
195	1228	1
195	47	5
514	306	4
689	300	5
689	748	5
689	879	2
689	358	4
689	181	5
689	258	5
689	222	5
689	125	3
689	109	5
689	150	4
689	596	3
689	597	4
689	763	4
689	273	3
689	298	4
689	1	3
689	405	5
689	410	1
689	117	4
689	237	3
689	250	5
689	475	4
689	295	1
689	7	5
689	717	3
689	50	5
689	13	1
689	257	5
689	118	4
689	121	5
689	471	4
689	111	3
689	151	3
689	15	5
116	880	3
367	268	4
367	334	4
367	302	5
367	258	4
367	324	5
367	876	3
367	288	5
367	331	4
367	333	4
367	326	4
367	246	4
367	50	5
367	176	5
367	183	5
367	665	5
367	179	5
367	919	5
367	250	5
367	1012	4
367	100	5
367	406	4
367	7	5
367	413	4
367	56	5
367	98	5
367	436	4
367	200	4
367	218	4
367	184	5
367	5	4
367	185	5
367	201	5
367	672	4
367	17	5
367	670	4
367	637	3
367	760	4
367	217	5
367	379	4
367	565	2
367	559	4
367	551	3
367	561	4
367	774	4
367	800	4
367	441	3
367	53	4
367	564	2
367	563	4
367	145	3
367	567	4
367	769	3
367	219	4
367	448	4
367	234	4
367	164	4
367	443	4
367	452	4
233	286	3
638	187	2
638	515	4
638	183	4
638	510	3
638	89	4
638	50	4
638	172	4
638	181	5
638	195	4
638	22	5
638	222	4
638	435	3
638	174	5
638	127	2
638	144	5
638	176	3
638	228	3
638	385	5
638	82	2
638	96	4
638	29	2
638	188	3
638	449	2
638	121	4
638	117	4
638	403	3
638	554	3
638	455	3
638	550	5
638	636	3
638	431	4
638	229	1
638	4	4
638	265	5
638	128	3
638	241	3
638	226	5
638	227	2
638	679	3
638	230	5
638	161	4
638	472	3
638	685	4
638	62	3
638	405	3
638	118	3
638	450	1
638	210	4
638	511	3
638	100	3
638	98	3
638	504	2
638	185	5
638	234	4
638	514	2
638	168	4
638	430	5
638	211	4
638	194	3
638	175	4
638	410	4
638	153	3
638	202	3
638	238	4
638	186	5
638	523	4
638	204	5
532	690	4
532	332	4
416	269	4
416	303	4
416	268	4
416	748	4
416	294	4
416	323	3
416	990	2
416	289	3
416	678	2
416	245	2
416	322	3
416	333	4
416	937	2
416	300	4
416	332	4
416	874	1
416	327	4
416	266	3
416	875	2
416	264	3
416	680	3
416	14	4
416	15	4
416	124	4
416	475	2
416	250	4
416	1152	4
416	93	4
416	151	3
416	985	3
416	137	3
416	285	2
416	257	3
416	246	4
416	123	4
416	7	4
416	1012	4
416	25	4
416	815	4
416	276	3
416	253	3
416	717	2
416	628	4
416	225	1
416	237	3
416	845	4
416	473	2
416	298	4
416	273	4
416	21	3
416	297	4
416	713	4
416	118	2
416	742	4
416	696	3
416	762	3
416	249	3
735	242	5
735	286	5
735	690	4
735	258	4
416	824	2
416	111	4
735	301	3
735	288	4
735	300	4
735	333	4
735	319	4
735	304	4
416	1089	2
416	1160	4
416	546	3
416	1014	3
416	535	4
416	106	3
416	1132	2
416	685	3
416	411	3
735	748	3
735	327	3
735	331	3
735	325	1
735	332	3
735	269	3
735	245	3
735	321	3
735	289	1
416	1337	1
416	1054	3
416	252	4
416	934	2
416	597	3
416	472	4
416	929	4
416	1048	3
416	278	3
416	10	3
416	105	2
735	475	4
735	293	3
735	813	4
735	126	3
735	93	2
735	277	3
735	181	4
735	124	5
735	147	1
735	13	4
735	275	4
735	7	3
735	50	5
735	756	2
735	25	4
735	237	4
735	744	3
735	106	3
735	628	3
735	515	4
735	127	4
735	9	4
735	276	4
735	100	2
735	741	2
735	283	2
735	1	4
735	676	3
735	764	3
416	510	4
735	123	3
735	1012	2
735	285	4
735	117	3
735	298	4
416	182	4
416	69	4
416	447	4
416	185	4
416	90	4
416	55	2
416	238	4
416	707	4
416	11	4
416	498	4
416	202	4
416	218	3
416	792	4
416	997	3
416	652	4
416	179	2
416	42	3
416	176	4
416	132	4
416	633	4
416	184	4
416	418	4
416	955	4
416	154	4
416	133	2
416	4	4
416	53	2
416	219	4
416	941	3
416	73	3
416	662	4
416	71	4
416	99	4
297	690	5
543	636	3
543	1416	2
543	831	2
860	690	4
116	306	3
116	262	3
764	14	4
764	276	3
937	242	3
937	258	4
937	286	4
937	268	1
937	303	4
160	9	3
160	408	4
160	100	5
160	137	4
160	825	2
160	952	4
160	628	3
160	124	4
160	150	4
160	1016	4
160	293	5
160	93	5
160	50	4
160	933	3
160	922	5
160	273	5
160	285	4
160	475	5
160	117	4
160	7	3
160	844	3
160	1	4
160	763	4
160	282	4
160	458	5
160	508	5
160	544	4
160	250	4
160	276	5
160	1142	5
160	1197	4
160	237	3
160	15	2
937	301	1
937	304	4
937	326	1
937	300	4
160	129	4
160	118	3
160	248	5
160	1134	4
160	123	4
937	874	3
937	988	2
160	240	4
160	13	4
160	412	3
937	14	4
937	116	4
937	100	3
160	151	4
160	126	3
160	410	4
160	762	3
160	926	2
92	1028	2
937	283	4
937	124	4
937	847	4
937	515	5
92	455	2
92	282	4
937	408	5
937	275	4
937	255	3
937	9	5
937	236	4
937	1007	4
937	50	5
937	126	4
937	285	4
937	19	1
937	297	4
937	225	2
937	294	1
937	224	4
160	21	1
937	137	3
937	293	4
937	864	3
937	222	3
937	237	4
160	24	5
160	455	4
160	1012	5
160	3	3
160	187	5
160	127	5
160	693	5
160	56	5
160	182	5
160	405	3
160	864	1
160	832	1
160	288	5
647	237	3
647	1063	3
647	117	3
647	1263	3
647	257	2
647	70	3
647	831	3
647	203	3
937	93	4
937	508	1
937	295	4
23	222	4
23	258	5
23	541	4
23	294	1
289	282	3
289	685	4
289	125	2
289	471	4
289	742	4
289	222	2
289	117	4
289	147	3
289	15	3
289	815	3
289	109	3
289	7	4
289	1	3
289	121	3
289	1016	5
289	849	4
289	24	4
289	477	2
289	410	2
289	455	4
289	21	1
289	151	2
289	405	2
289	473	1
289	926	3
289	363	3
289	254	1
382	334	5
382	332	3
233	91	3
233	71	5
680	286	4
680	269	4
680	242	4
680	294	4
680	9	4
680	318	5
680	195	4
680	169	5
680	203	3
680	517	4
680	1	4
680	98	4
680	143	4
680	121	3
680	515	4
680	408	5
680	25	4
680	137	4
680	50	5
680	7	5
518	300	3
518	288	3
518	10	3
518	475	4
518	9	3
518	924	3
518	471	3
518	276	5
518	14	3
518	100	4
518	919	5
518	619	4
518	1335	3
518	151	3
518	126	4
518	124	3
518	1017	3
518	713	5
518	123	2
518	1	4
518	934	3
518	25	5
518	7	3
518	744	4
518	508	3
518	458	3
518	1047	4
518	696	5
518	13	4
518	147	4
518	284	4
518	544	3
518	864	3
518	476	4
518	847	5
518	546	4
518	591	3
518	866	5
518	410	3
518	1040	3
518	235	4
518	236	3
518	685	5
518	222	5
518	547	3
518	1011	4
518	125	5
518	742	5
518	129	5
518	106	5
518	117	5
518	628	5
518	121	5
518	237	4
518	118	5
518	273	5
518	289	4
518	291	3
518	405	5
518	370	4
518	717	5
518	763	1
518	1114	2
518	240	1
518	920	3
518	829	3
518	820	2
518	120	3
518	280	4
518	595	3
518	1028	3
518	1079	1
518	412	1
452	23	2
30	289	2
884	269	5
884	258	5
884	268	4
884	322	3
884	323	2
884	300	1
160	109	2
884	275	4
160	589	3
160	1019	5
160	461	5
160	474	4
160	719	3
160	11	4
160	168	4
160	514	4
160	55	4
160	201	5
160	462	4
160	59	4
160	157	5
160	497	4
884	285	4
884	100	5
884	9	5
884	146	3
884	127	4
884	116	4
884	713	3
884	515	4
884	475	4
884	14	4
884	1009	2
884	165	3
884	463	5
884	509	4
884	923	3
884	179	5
884	1073	4
884	640	1
884	213	4
884	166	3
884	70	4
884	86	3
884	462	4
884	198	5
884	212	4
884	921	5
884	529	5
884	638	4
884	736	3
884	510	5
884	582	5
884	382	5
160	483	5
160	195	4
160	32	5
160	447	4
160	79	4
884	381	5
160	463	4
160	1073	4
160	213	4
160	671	5
160	23	5
160	604	4
884	1214	1
884	1018	2
884	949	2
160	174	5
160	135	4
160	153	3
160	230	2
160	640	3
160	175	4
160	161	3
160	192	5
160	185	5
160	460	2
160	209	4
160	432	3
160	234	5
160	969	1
160	603	4
160	4	4
160	430	5
160	61	4
160	1223	4
160	564	3
160	218	4
160	770	4
160	169	4
160	202	4
160	160	5
160	488	5
160	211	4
160	955	4
160	228	2
160	484	5
372	286	5
372	262	4
372	288	5
372	333	5
372	299	4
372	327	5
372	292	5
372	678	4
372	875	4
372	874	4
372	332	4
372	322	3
372	872	4
372	326	4
372	264	4
372	325	4
372	234	5
372	7	3
372	201	2
372	98	5
372	100	3
372	185	5
372	56	4
372	447	5
372	436	5
372	448	4
372	5	4
372	635	5
372	164	4
372	218	5
372	844	4
372	547	5
372	219	5
372	200	5
372	559	4
372	443	4
372	637	4
372	674	5
372	441	4
372	446	4
372	672	5
372	452	4
372	561	5
372	53	5
372	183	5
372	696	4
372	129	4
372	79	5
372	176	3
372	23	5
372	12	4
372	273	5
372	77	5
372	581	5
372	1109	4
372	44	4
372	1090	5
372	595	4
372	1083	3
372	159	5
372	628	4
372	148	5
372	1212	4
372	1273	4
372	574	4
372	649	3
472	222	5
404	690	5
1	150	5
1	234	4
1	42	5
1	92	3
1	71	3
1	176	5
1	91	5
1	193	4
1	217	3
1	216	5
1	177	5
1	194	4
1	73	3
1	59	5
1	133	4
1	41	2
1	195	5
1	218	3
1	170	5
1	213	2
1	157	4
1	223	5
1	227	4
1	27	2
1	80	4
1	231	1
1	67	3
1	200	3
1	119	5
1	4	3
1	215	3
1	2	3
1	164	3
1	77	4
1	206	4
1	53	3
1	136	3
1	40	3
1	46	4
1	153	3
543	1174	3
543	198	4
543	516	4
543	14	4
543	591	4
543	86	4
543	13	3
543	515	4
543	480	4
543	237	4
543	234	4
119	328	4
160	531	5
692	321	3
692	294	3
692	326	3
692	845	3
692	127	3
692	66	2
692	287	3
692	692	3
692	285	3
692	168	2
692	523	3
692	56	3
692	476	3
692	300	4
692	25	4
692	194	4
692	257	4
692	1	4
692	204	5
692	211	4
692	328	4
692	238	4
692	208	4
692	508	3
692	100	4
692	1012	1
692	1047	2
692	762	4
692	756	2
692	249	3
692	866	4
270	258	3
270	306	5
270	242	5
270	286	5
270	268	5
692	1028	3
692	410	5
270	288	5
270	872	5
270	335	3
270	327	5
692	1132	4
270	741	5
270	244	3
270	50	5
270	7	4
692	411	4
692	1040	2
270	1007	5
270	181	4
270	148	4
270	740	5
270	1014	4
692	1023	2
270	121	4
270	282	3
270	279	5
270	475	5
270	713	5
270	535	5
270	13	4
692	412	4
692	1054	3
270	123	5
270	257	4
270	250	2
270	471	5
270	275	5
270	295	5
270	742	2
692	763	3
270	283	5
270	596	5
270	25	5
270	546	4
270	237	1
270	222	5
270	1009	5
270	815	4
270	93	5
270	324	2
270	253	5
270	251	5
270	707	5
270	694	5
270	558	5
270	531	4
270	714	4
270	509	3
270	83	4
270	26	5
270	703	4
270	1148	5
270	60	5
270	70	5
270	584	5
270	213	5
270	86	4
270	736	5
270	582	3
270	1073	5
270	66	4
270	173	5
270	716	4
270	727	5
270	869	1
270	97	4
270	319	5
270	241	5
270	421	5
270	747	5
270	387	5
270	553	1
270	722	4
270	794	4
270	778	5
270	88	5
270	739	4
270	1119	5
270	781	5
270	155	5
270	402	5
270	1074	5
270	90	5
270	603	5
270	98	5
270	230	3
270	156	5
270	466	5
270	1109	5
270	684	4
270	79	4
270	183	5
270	185	5
270	581	5
270	566	5
270	443	3
270	234	5
270	176	4
270	56	5
270	574	3
270	583	5
270	77	2
270	943	5
270	226	4
270	118	3
270	356	3
270	17	2
270	5	5
270	800	5
270	53	4
270	164	5
270	281	5
270	928	4
270	265	4
270	218	5
270	379	5
270	370	5
270	159	4
270	452	4
270	1210	5
270	551	4
270	554	1
270	1471	4
270	447	4
270	217	5
270	671	4
270	200	5
270	219	5
270	672	5
270	569	4
270	665	4
270	145	3
270	441	5
270	563	3
270	559	5
270	860	5
522	79	3
522	135	5
522	654	4
522	100	5
522	180	5
522	192	5
522	12	5
522	168	5
522	514	2
522	48	4
522	173	4
522	134	5
522	205	4
522	543	4
522	96	3
522	11	4
522	480	5
522	128	4
522	523	5
522	510	5
522	179	5
522	492	4
522	521	5
522	23	5
522	208	5
522	318	4
522	200	4
522	133	3
522	430	5
522	530	4
881	286	2
881	56	1
14	242	4
14	275	4
14	919	4
14	151	5
14	475	3
14	124	5
14	473	5
14	762	3
14	288	4
14	121	3
14	7	5
14	222	4
14	100	5
14	25	2
14	111	3
14	116	5
68	258	5
68	286	5
68	288	4
68	245	3
68	181	5
68	276	5
68	763	1
68	475	5
68	117	4
68	50	5
68	127	4
68	275	5
68	471	3
68	596	2
68	458	1
68	713	2
68	9	4
68	125	1
68	7	3
68	237	5
68	121	1
68	25	4
68	742	1
68	118	2
68	111	3
68	926	1
68	282	1
68	1047	1
68	1028	4
68	1089	1
68	405	3
68	411	1
68	409	3
68	178	5
148	194	5
148	174	5
148	496	3
148	1039	2
148	168	5
148	175	4
148	1149	5
148	172	5
148	135	5
148	228	4
148	509	5
148	357	5
148	114	5
148	495	4
148	50	5
148	204	3
148	173	5
148	7	5
634	678	2
148	98	3
634	985	4
634	109	4
634	924	4
634	281	4
634	405	4
634	410	4
634	290	3
634	823	3
634	597	4
634	595	4
634	106	3
634	1008	2
634	933	3
634	1162	1
634	1335	2
634	122	3
634	932	3
634	1049	2
634	240	3
634	934	2
634	929	3
634	977	3
634	287	3
634	411	4
634	475	5
634	276	5
634	93	5
634	950	5
634	9	5
634	744	5
634	286	5
634	121	5
634	237	5
634	25	4
634	248	4
634	515	4
634	127	5
634	293	3
634	1142	3
634	50	4
148	69	5
148	133	5
148	418	3
148	71	5
148	1	4
148	189	4
148	432	5
148	474	5
148	140	1
148	214	5
148	501	4
148	234	3
148	596	5
148	169	5
148	8	4
148	191	1
148	132	4
148	177	2
824	286	2
824	268	4
824	259	4
824	288	3
824	319	2
824	292	3
824	304	3
824	323	2
824	321	2
824	294	3
824	243	1
824	289	2
824	322	4
824	687	2
824	748	1
824	989	2
824	678	3
824	325	4
824	991	3
824	245	2
148	70	5
148	163	4
148	713	3
50	268	4
50	319	5
50	288	4
50	324	5
50	327	3
50	475	5
50	547	4
50	9	4
50	246	3
50	1010	5
50	100	2
50	325	1
50	286	2
50	276	2
50	124	1
50	15	2
50	508	5
50	1084	5
50	125	2
50	253	5
50	823	3
50	1008	5
50	544	4
50	123	4
680	15	3
680	14	5
680	285	5
680	150	5
680	276	5
680	151	5
680	1089	2
680	273	3
680	100	3
680	24	4
680	1012	3
680	845	4
680	257	4
680	20	4
680	248	4
680	117	4
680	274	3
680	815	3
538	258	3
538	289	1
538	294	3
373	328	4
373	259	5
373	286	3
373	748	4
373	269	5
373	487	4
373	210	5
373	318	5
373	204	5
373	433	3
373	48	5
373	166	5
373	633	4
373	96	4
373	603	4
373	168	5
373	12	5
373	842	3
373	488	3
373	156	2
373	655	5
373	114	5
373	209	4
373	1039	4
373	275	5
373	196	5
373	195	4
373	15	4
373	162	3
373	357	4
373	645	5
373	117	4
373	83	5
373	431	5
373	480	3
373	64	4
373	694	5
373	496	5
373	499	4
373	180	3
373	50	5
373	172	5
373	520	4
373	194	4
373	746	4
373	170	5
373	20	2
373	514	4
373	485	4
373	173	5
373	135	1
373	727	4
373	290	5
373	684	4
373	150	4
373	89	5
373	588	3
373	125	4
373	217	3
373	187	2
373	390	3
373	238	4
373	71	5
373	163	4
373	22	5
373	474	3
373	154	5
373	144	3
373	432	5
373	649	4
373	79	4
373	435	4
373	385	3
373	169	5
373	648	4
373	136	4
373	99	5
373	417	3
373	174	4
373	735	5
373	69	4
373	494	4
373	97	3
373	186	5
373	181	5
373	211	4
373	215	4
373	506	4
373	729	4
373	95	5
373	66	4
373	497	3
373	82	1
373	427	4
373	178	4
373	175	3
373	202	3
373	389	3
373	197	3
373	705	4
373	70	4
373	1113	1
373	127	2
373	131	4
373	25	4
373	949	4
373	24	4
373	1079	4
373	213	4
373	392	4
373	317	4
373	102	5
373	1006	2
373	151	4
373	190	5
373	177	3
373	58	4
373	100	3
373	31	3
373	568	4
373	4	4
373	378	5
373	216	4
373	553	4
373	214	4
373	81	2
373	241	5
373	153	5
373	165	5
373	707	4
373	510	3
373	2	4
373	189	5
373	382	4
373	367	3
373	471	3
373	191	4
868	268	4
868	327	4
868	358	2
868	433	4
868	1028	3
868	209	4
868	132	4
868	210	5
868	176	4
868	238	4
868	651	5
868	181	5
868	480	4
868	188	3
868	1	4
868	710	3
868	98	4
868	854	4
868	114	5
868	640	5
868	455	5
868	501	3
868	621	2
868	636	3
868	419	3
868	50	5
868	64	5
868	127	4
868	427	4
868	178	5
868	662	2
868	520	4
868	919	4
868	198	5
868	59	4
868	429	2
868	156	3
868	385	2
868	150	5
868	12	5
373	527	4
373	90	4
373	423	2
868	234	4
373	281	3
373	724	5
868	100	5
868	426	4
373	28	3
868	228	5
868	408	5
373	732	3
373	946	5
373	229	4
373	747	4
373	110	3
373	625	4
373	1087	1
373	184	4
373	528	3
373	1147	4
868	7	5
868	164	2
868	168	3
373	465	4
868	65	2
868	195	2
373	418	5
373	414	3
868	202	3
868	201	2
373	206	4
373	393	4
373	179	3
868	410	3
868	183	5
868	136	5
868	160	4
868	506	4
868	151	5
868	218	3
868	180	4
868	436	3
868	498	3
868	23	5
373	231	3
868	135	5
868	475	4
373	849	3
373	143	3
373	161	4
373	660	4
373	715	2
373	232	3
373	651	4
373	1078	3
373	709	5
373	778	5
373	421	4
373	941	4
373	550	3
373	233	3
373	399	3
373	239	3
373	1119	5
373	402	4
373	658	4
373	699	4
373	566	4
373	856	3
373	366	4
868	474	4
868	199	5
868	204	2
373	265	4
373	529	4
373	627	4
868	153	2
373	1066	4
373	632	3
373	559	3
373	228	4
868	589	4
868	503	3
868	588	1
868	509	3
868	214	3
868	922	5
868	367	2
868	68	2
868	169	5
868	55	5
373	1188	3
538	174	4
373	88	4
538	191	5
538	210	3
373	225	4
373	401	4
373	68	5
373	596	3
373	403	3
538	183	4
538	318	5
373	208	4
373	843	3
373	756	3
538	176	4
373	132	3
373	459	4
538	153	4
538	98	5
373	226	3
373	1135	3
538	79	4
538	275	4
868	434	3
868	161	2
868	179	4
868	96	2
538	208	3
538	97	5
373	704	2
373	1530	2
175	50	5
868	191	3
868	56	3
373	105	3
868	946	1
868	207	3
868	200	3
538	127	5
538	22	5
373	409	2
373	80	3
373	155	4
175	176	3
868	447	2
868	273	3
868	187	4
868	1240	5
868	174	5
175	187	4
175	172	5
175	483	5
175	11	5
538	69	5
538	276	1
373	679	2
868	423	2
868	81	4
868	240	5
373	1110	4
373	1228	2
175	133	4
175	98	5
373	386	3
538	56	4
538	182	4
538	196	4
538	168	3
868	69	2
868	1098	5
868	159	2
868	732	3
373	230	4
373	451	5
175	661	4
868	89	4
538	496	5
538	28	3
538	568	3
538	117	3
175	869	3
175	215	5
538	215	5
538	528	5
868	154	3
175	64	5
538	144	4
538	82	4
868	496	2
868	109	3
373	420	4
538	12	4
538	642	3
175	127	5
175	273	2
538	50	5
538	223	4
538	181	3
175	132	3
175	100	2
175	508	1
538	710	3
538	4	3
868	524	3
868	211	3
868	184	3
538	317	4
538	566	3
538	692	3
538	172	4
175	195	3
175	669	1
175	56	2
175	186	4
868	1035	1
868	91	3
868	219	2
175	660	3
538	187	5
868	172	5
868	568	1
538	273	3
538	173	3
538	956	3
868	239	3
868	470	1
175	629	3
175	71	4
175	183	4
868	173	4
868	317	5
868	655	4
175	566	3
175	111	4
175	234	5
175	136	4
175	96	3
175	31	4
868	378	2
538	234	3
538	42	1
538	88	2
868	417	1
175	419	5
175	496	5
175	193	4
868	193	2
868	128	5
175	12	4
175	147	3
175	88	4
175	9	4
538	188	4
868	73	1
868	579	1
538	202	4
868	133	2
868	47	2
868	265	3
868	95	2
538	655	3
538	385	3
868	206	5
538	137	3
868	24	2
868	738	2
868	432	2
868	208	3
538	164	3
868	658	3
538	735	3
538	423	4
538	195	4
868	237	1
868	222	3
868	405	1
868	746	2
868	145	1
868	398	1
868	232	1
868	709	4
868	186	2
868	216	2
868	189	5
868	139	1
868	778	2
868	615	4
538	31	3
538	240	2
868	61	5
868	825	1
868	646	5
868	162	3
538	11	4
868	762	4
868	1031	1
538	405	3
868	233	2
868	747	2
868	67	3
538	96	4
538	58	4
868	581	2
868	679	3
538	100	4
868	843	1
538	712	3
868	94	1
538	89	4
868	90	3
868	382	4
868	142	1
868	217	2
868	1285	2
868	726	2
538	483	5
538	237	4
538	211	4
868	101	4
868	1188	1
868	556	3
868	227	1
538	238	5
538	381	3
868	167	1
538	121	3
868	727	2
868	117	2
868	448	2
868	229	3
373	94	2
373	1230	3
373	734	3
868	158	1
373	142	3
868	685	1
868	452	2
868	566	1
373	404	4
373	139	3
373	278	5
373	577	1
868	631	4
868	225	1
868	80	2
868	1509	1
868	1076	1
868	121	2
868	739	2
868	155	2
373	739	3
868	403	2
373	571	1
868	1480	1
373	828	3
373	472	3
868	82	2
868	412	5
373	380	4
868	1206	3
868	998	2
868	451	2
373	598	3
373	1133	3
373	1444	3
868	1183	1
868	755	4
868	2	2
868	230	3
868	550	4
868	578	2
868	562	2
868	547	3
868	402	1
868	1037	1
868	567	1
868	783	1
868	449	3
868	122	3
307	655	4
307	175	4
307	200	3
798	690	4
307	428	4
307	736	3
307	588	4
307	185	3
307	178	3
307	28	3
307	83	5
307	509	3
307	70	4
307	189	4
307	395	3
307	183	3
307	427	3
307	403	3
307	419	4
307	197	4
307	239	3
307	135	4
307	1110	4
307	739	2
307	94	3
307	72	3
307	265	3
307	393	3
307	949	4
307	431	4
307	472	3
307	210	2
307	1411	4
207	203	3
207	191	4
207	468	4
207	233	3
207	318	5
207	170	4
207	82	3
207	68	2
207	226	2
207	33	2
901	748	4
180	258	5
207	810	2
901	294	3
901	322	4
901	988	4
180	181	2
180	153	1
180	762	4
901	111	3
901	50	4
901	222	4
901	1620	5
901	237	3
901	929	4
901	756	4
901	287	3
901	866	3
901	235	3
901	1049	3
901	932	4
901	477	3
901	1120	4
901	1389	5
901	1605	5
901	181	4
180	56	5
180	655	5
180	204	3
180	186	4
180	201	2
901	257	4
901	250	3
901	117	4
901	121	4
180	372	5
901	118	3
901	252	3
901	546	4
901	405	4
180	433	5
180	40	4
180	367	1
180	790	1
180	67	1
180	68	5
180	111	5
180	156	5
180	235	4
180	380	5
180	222	5
180	121	5
180	716	1
180	732	3
180	1119	3
180	747	4
180	739	3
180	737	3
180	173	5
180	694	5
180	216	5
180	213	5
180	778	2
180	733	5
180	202	3
180	83	5
180	421	5
180	785	4
901	688	2
901	13	1
901	243	2
901	826	2
901	321	1
901	259	2
901	1	5
901	151	3
901	409	3
901	20	1
901	15	5
901	1643	5
901	275	3
901	174	5
901	210	4
901	56	1
901	96	5
901	22	5
901	228	5
901	568	5
901	403	2
901	230	5
901	38	3
901	566	5
901	195	5
901	161	5
901	636	2
901	172	5
901	679	4
901	229	4
901	391	5
901	204	5
901	63	5
901	66	5
901	8	3
901	211	4
901	194	5
901	168	4
901	435	5
901	1047	3
901	430	3
901	73	5
901	1041	5
901	949	3
901	395	3
901	28	5
901	82	5
901	560	3
901	465	4
901	71	4
901	378	5
901	423	4
901	95	4
901	35	4
901	78	4
901	393	5
901	94	4
901	795	3
901	142	4
901	419	5
901	623	4
901	768	3
901	1035	4
901	91	1
901	436	4
901	135	4
901	578	3
901	498	4
901	447	3
901	12	5
901	58	4
901	429	5
901	69	5
901	523	4
901	732	5
901	216	4
901	88	5
901	451	4
901	662	4
901	402	4
901	728	4
901	739	5
901	155	5
721	258	3
721	269	5
101	304	3
721	264	1
721	300	5
101	282	3
101	846	3
101	7	3
101	50	4
101	1	3
101	280	3
101	117	4
101	829	3
721	879	4
101	123	2
721	326	4
101	222	3
101	742	4
101	845	3
101	928	2
721	328	5
721	301	4
101	109	2
101	1093	1
101	24	4
101	595	2
101	815	3
101	118	3
101	756	3
101	1047	2
101	819	1
101	1028	3
101	147	4
101	924	4
101	471	3
101	596	3
101	284	4
101	1009	2
101	926	3
101	252	3
101	151	3
101	975	2
101	840	3
101	826	3
101	111	2
101	1034	2
101	370	2
101	472	3
101	979	2
101	278	2
101	841	2
101	1057	2
101	763	3
101	225	3
721	334	1
721	268	4
101	281	2
101	412	2
721	322	4
101	411	2
101	1051	2
101	369	2
101	122	1
101	597	3
101	717	3
101	1132	3
101	831	3
101	820	3
721	690	3
721	327	2
721	330	3
721	266	3
721	748	3
721	688	3
101	255	4
101	866	4
101	237	5
101	121	4
101	181	4
101	288	4
101	257	4
101	546	4
101	125	4
101	405	4
721	325	3
721	880	3
721	948	1
721	260	3
721	990	5
721	261	3
721	358	1
721	681	3
721	991	3
721	1026	3
721	1295	3
721	457	3
721	329	3
721	306	3
721	262	3
721	682	3
721	331	3
721	286	5
721	305	3
721	877	3
721	1296	3
721	304	3
721	303	3
721	333	3
721	302	3
721	332	4
721	687	3
721	937	3
721	359	3
721	938	3
721	749	3
721	881	3
721	335	3
721	294	3
721	873	3
721	874	3
721	288	3
721	299	3
721	321	3
721	995	3
721	876	3
721	324	3
721	680	3
721	243	3
721	678	3
721	989	3
721	875	3
721	319	3
721	245	3
721	984	3
721	259	3
721	292	3
721	242	3
721	289	3
721	872	3
721	988	3
721	263	3
721	323	3
721	1392	3
721	878	3
721	1393	3
721	1	5
721	194	5
721	1025	3
721	393	5
721	684	4
721	471	5
721	720	5
721	216	5
721	50	5
721	222	5
721	229	5
721	228	5
721	1265	3
721	380	5
721	173	5
721	161	5
721	172	5
721	455	5
721	181	5
721	82	4
721	174	5
721	22	5
721	196	5
721	64	4
721	81	2
721	435	4
721	809	1
721	739	4
721	1221	3
721	403	4
721	755	4
721	145	4
721	527	5
721	318	4
721	157	3
721	28	5
721	357	5
721	518	2
721	65	1
721	197	4
721	69	4
721	175	5
721	127	5
721	655	2
721	135	3
721	582	3
721	191	3
721	15	4
721	107	4
721	97	4
721	1039	5
721	58	2
721	87	3
721	179	5
721	284	4
721	51	4
721	735	4
721	729	3
721	581	2
721	423	5
721	215	4
721	237	3
721	70	3
721	282	4
721	239	4
721	732	4
721	125	3
721	699	3
721	942	4
721	402	4
721	77	5
721	631	5
721	199	4
721	1065	5
721	162	2
721	660	5
721	632	4
721	382	4
721	84	3
721	715	2
721	1119	4
721	1442	4
721	317	4
721	56	3
721	209	3
721	153	4
721	8	4
721	204	5
721	111	4
721	406	1
195	1013	3
422	302	3
422	334	4
331	242	4
331	286	4
331	223	4
331	514	3
331	705	2
331	475	3
331	178	3
331	653	3
331	132	3
331	124	4
331	933	3
331	482	2
331	22	4
331	175	4
331	47	5
331	1017	2
331	100	4
331	190	3
331	221	4
331	634	3
331	947	5
331	486	3
331	215	3
331	59	5
331	238	4
331	491	3
331	277	4
331	811	4
331	69	5
331	702	3
331	133	3
331	8	3
331	735	4
331	1194	3
331	958	5
331	414	4
331	479	2
331	64	4
331	503	4
331	506	2
331	1141	3
331	868	4
331	31	2
331	182	4
331	58	3
331	1	1
331	180	5
331	32	4
331	7	4
331	234	4
331	511	5
331	1101	4
331	1199	1
331	1100	2
331	198	4
331	81	5
331	11	2
331	694	4
331	160	5
331	214	3
331	467	3
331	454	3
331	306	5
331	305	5
331	302	5
331	269	5
331	1296	5
331	304	5
331	682	5
331	268	5
633	958	3
633	97	3
633	143	4
633	45	3
633	94	4
633	110	3
633	778	2
633	939	4
633	226	4
633	5	3
633	1046	4
633	581	3
633	77	3
633	566	3
633	526	4
633	172	3
633	651	3
633	28	4
633	423	4
633	234	4
864	258	5
864	121	4
864	408	5
864	50	5
864	1	5
864	1016	4
864	13	4
864	100	5
864	405	5
864	124	5
864	9	5
864	106	3
430	302	4
430	286	4
430	300	3
430	748	3
430	303	4
430	288	4
430	294	2
430	328	4
430	264	2
430	137	3
430	181	4
430	127	4
430	117	3
430	253	1
430	50	4
430	151	4
430	129	5
430	298	3
430	221	5
430	100	5
430	258	4
430	297	4
430	1007	3
430	19	5
430	515	4
430	7	3
430	1375	4
430	222	4
430	124	5
430	9	3
430	10	4
430	235	2
430	276	1
430	628	3
430	121	2
430	248	3
430	293	3
430	273	4
430	123	2
430	744	3
430	237	5
430	1347	5
430	148	2
430	64	4
430	165	4
430	318	5
430	12	4
430	528	4
430	462	3
430	527	4
430	164	3
430	234	4
430	56	4
430	547	2
430	436	4
430	98	5
430	656	4
430	674	4
430	1240	3
430	101	2
430	523	4
430	514	4
430	42	3
430	168	4
430	152	4
346	302	3
279	455	5
195	1417	3
901	234	4
901	520	5
901	443	3
901	144	5
901	140	4
901	196	4
901	89	3
901	509	4
901	521	2
901	180	2
901	476	5
901	864	5
719	79	4
719	98	5
719	185	4
719	294	2
719	289	2
719	7	2
71	286	4
71	289	2
71	100	4
71	744	4
71	475	5
71	276	4
71	222	3
71	14	5
71	285	3
71	181	3
71	257	5
71	248	3
71	151	1
71	52	4
71	462	5
71	514	4
71	174	2
71	429	4
71	154	3
708	9	1
708	50	5
708	127	3
708	117	4
708	181	5
708	21	1
708	713	4
708	280	4
708	993	4
708	121	3
708	819	3
708	1	5
708	15	3
708	471	4
708	926	3
708	118	5
708	111	4
708	125	4
708	546	3
708	255	5
708	473	1
708	740	5
708	1047	2
708	762	5
708	535	2
708	25	3
708	405	4
708	276	2
708	764	4
708	112	1
708	278	4
708	281	4
708	1040	2
708	756	2
708	274	4
708	1049	2
708	1023	3
708	685	3
708	596	4
708	1054	3
708	763	4
708	412	1
708	1028	2
708	597	2
145	690	4
145	301	4
145	266	3
145	879	5
145	1025	4
145	218	3
145	448	5
145	558	2
145	200	4
145	436	5
145	816	5
145	559	2
145	569	4
145	217	3
145	674	4
145	219	5
145	447	5
145	665	5
145	413	3
145	563	3
145	769	2
180	318	5
180	735	4
180	939	4
180	69	4
180	423	4
180	28	3
180	12	2
180	658	5
180	729	5
180	196	5
180	403	3
538	963	4
538	162	3
538	204	3
538	143	3
538	199	5
538	527	3
538	213	3
538	216	4
634	690	3
634	864	3
309	300	3
309	258	5
309	879	4
309	304	3
309	242	4
309	303	2
309	1296	2
309	690	3
309	334	4
309	1025	5
309	306	2
309	331	5
309	326	5
309	1393	2
309	286	4
309	938	4
309	989	3
309	324	3
309	319	4
309	333	3
180	191	4
180	660	5
180	469	5
307	529	4
844	258	4
844	294	2
844	690	3
844	300	3
844	326	3
844	260	1
844	117	4
844	251	4
844	919	3
844	100	4
844	222	3
844	151	4
844	13	3
844	471	3
844	7	3
844	257	4
844	109	2
844	864	3
844	255	3
844	121	3
844	405	2
844	125	3
844	597	3
844	930	2
844	1039	4
844	423	3
844	318	4
92	148	2
92	184	3
463	269	5
463	690	4
463	302	5
463	988	2
463	306	4
463	304	3
463	749	3
463	268	4
463	243	1
463	508	4
463	285	4
463	813	4
463	1197	4
463	221	5
463	7	4
463	224	3
463	100	4
463	237	4
463	137	2
463	276	3
463	283	5
463	129	2
463	15	4
463	275	5
463	475	3
463	149	2
463	151	4
463	19	5
463	124	5
463	116	5
463	1284	4
463	111	2
463	544	4
463	764	2
463	235	2
463	93	4
463	744	3
463	455	3
463	477	2
463	225	3
463	284	3
463	1067	2
463	126	4
463	1115	4
463	20	5
463	950	3
463	125	4
463	591	4
463	870	2
463	476	3
463	13	3
463	282	3
463	274	3
463	25	3
463	596	3
463	1017	2
463	117	3
463	24	3
463	473	4
463	1164	1
463	121	3
463	845	3
463	16	4
463	866	3
463	740	4
463	472	3
463	1117	1
463	1163	4
463	147	3
463	1009	3
463	1028	2
463	3	2
844	97	3
844	22	4
844	175	3
844	56	4
463	985	1
463	593	1
844	210	4
844	70	4
844	168	4
844	154	3
844	241	4
844	1474	4
844	778	4
844	421	4
844	90	3
844	553	4
844	549	3
844	1099	2
844	207	4
844	45	4
844	179	3
844	172	4
844	174	4
844	55	4
844	184	3
844	431	4
844	144	3
844	195	3
844	403	3
844	511	3
844	161	3
844	89	3
844	82	3
844	228	3
844	2	4
844	684	3
844	176	3
463	246	4
463	258	5
463	244	4
463	286	4
463	1216	3
463	993	2
463	253	5
463	1605	2
463	1007	3
844	568	4
844	418	3
844	71	3
844	588	4
844	627	3
844	95	4
844	625	3
844	99	3
844	946	3
844	69	5
844	50	5
844	12	5
844	173	5
844	181	5
844	921	5
844	83	5
844	24	5
844	432	5
844	216	5
148	56	5
148	549	3
148	185	1
148	164	4
148	969	4
391	286	4
391	258	3
391	328	3
148	190	2
148	238	4
148	89	5
148	507	5
391	748	3
391	300	2
391	294	2
391	322	3
148	116	5
148	209	5
391	288	3
391	678	2
391	264	1
148	521	1
391	511	5
391	176	3
391	213	4
391	504	5
391	491	3
391	133	4
391	661	5
391	58	4
148	529	5
148	222	4
391	132	4
391	11	3
391	22	4
391	177	4
391	603	5
391	480	4
391	23	4
148	663	5
148	588	4
148	78	1
148	408	5
391	187	4
391	173	4
391	772	2
391	318	4
391	479	4
391	8	3
391	180	5
391	510	5
391	646	4
148	227	4
391	435	5
391	648	5
391	215	4
391	651	5
391	705	5
391	98	4
391	497	3
148	181	5
391	96	3
391	134	4
391	48	4
391	378	3
391	474	5
391	659	4
391	127	5
391	71	3
391	421	2
391	200	5
391	174	5
391	47	4
391	97	4
148	473	5
391	191	3
391	205	5
391	530	5
148	127	1
391	604	4
391	197	5
391	482	4
391	89	3
391	203	4
391	1101	4
391	483	3
391	131	2
391	168	4
391	234	4
391	228	2
391	357	5
391	194	4
391	507	4
391	427	5
391	498	4
