186	1253	4
186	147	4
186	148	4
186	257	4
186	477	4
186	829	4
186	988	4
186	546	4
186	177	4
186	332	4
186	98	5
94	193	5
94	47	5
94	616	4
94	1073	5
94	58	5
94	686	4
94	176	4
94	642	4
94	1101	3
94	208	4
94	508	5
94	657	5
94	61	5
94	813	5
94	589	5
94	76	4
94	132	4
94	655	4
94	184	2
94	789	4
94	183	5
94	647	5
94	357	5
94	693	4
94	631	5
94	518	5
94	86	5
94	484	5
94	50	5
94	101	2
94	228	4
94	51	3
94	52	5
94	969	4
94	469	4
94	736	5
94	587	4
94	433	4
94	721	2
94	1010	4
94	710	3
94	211	5
94	92	4
94	192	4
94	652	4
94	4	4
94	144	3
94	238	5
94	318	5
94	98	4
94	732	3
94	1221	3
94	226	2
94	222	3
94	223	5
94	31	4
94	629	4
94	204	4
94	961	4
94	418	3
94	97	4
94	420	4
94	39	3
94	636	4
94	741	4
94	201	4
94	168	5
94	53	4
94	603	4
94	111	4
94	200	4
94	421	4
94	443	4
94	161	3
94	525	5
94	196	4
94	744	4
94	77	3
94	102	3
94	17	2
94	562	3
94	1223	4
94	410	4
94	219	4
94	164	3
94	735	5
94	549	5
94	703	3
94	447	4
94	544	3
94	232	3
94	419	3
94	684	4
94	673	3
94	405	3
94	404	4
94	71	4
94	506	5
94	471	4
94	501	4
94	393	3
94	151	5
94	241	4
94	746	4
94	431	4
94	142	3
94	942	4
94	559	4
94	1153	4
94	82	4
94	455	3
94	99	3
94	436	5
94	121	2
94	1045	4
94	566	2
94	723	3
94	465	5
94	218	3
94	32	5
94	125	1
94	265	4
94	90	3
94	66	2
94	33	3
94	88	3
94	160	4
94	568	3
94	109	4
94	385	2
94	763	3
94	91	5
94	537	4
94	679	4
94	470	4
94	215	4
94	49	4
94	583	3
94	1011	4
94	951	3
94	742	3
94	692	4
94	581	4
94	670	3
94	715	4
94	186	4
94	1091	3
94	1219	4
94	458	4
94	943	3
94	386	4
94	685	4
94	365	3
94	68	4
94	54	4
94	1211	5
94	823	3
94	727	5
94	1118	4
94	38	2
94	1218	4
94	553	3
94	274	4
94	70	4
94	658	3
94	1044	4
94	281	3
94	1058	4
94	143	4
94	768	3
94	622	3
94	356	4
94	217	4
94	1135	4
94	225	3
94	392	3
94	627	3
94	1220	3
94	401	4
94	1048	4
94	282	3
94	227	3
94	380	3
94	417	3
94	1110	4
94	399	4
94	1224	3
94	206	4
94	1009	4
94	366	3
94	556	3
94	561	3
94	824	4
94	62	3
94	233	3
94	448	5
94	229	3
94	235	4
94	569	1
94	550	1
94	810	3
94	597	2
94	159	3
94	1217	3
94	625	4
94	372	4
94	230	2
94	809	2
94	739	2
94	820	1
94	637	3
94	403	3
94	997	4
94	946	3
94	72	3
94	402	4
94	1119	4
94	1225	3
94	1046	2
883	153	5
94	731	3
94	118	3
94	67	3
94	546	3
94	800	3
883	805	4
94	1140	2
94	665	3
94	367	4
883	210	4
883	13	4
883	285	5
94	41	3
94	1028	2
94	864	2
94	700	2
94	1074	2
94	1209	2
94	369	1
94	624	2
94	737	4
94	451	4
94	585	3
94	722	2
94	783	2
94	1188	3
94	80	2
94	541	3
94	1210	3
94	738	2
94	34	1
94	780	3
94	1004	3
94	786	3
94	720	1
94	576	2
94	1206	3
94	944	1
94	765	3
94	391	3
94	860	2
94	586	1
94	472	3
94	674	3
94	728	2
94	928	3
94	155	2
94	1032	2
94	797	2
94	1222	3
94	572	3
94	29	2
94	94	2
94	63	3
94	808	2
94	258	5
94	293	4
94	246	4
94	1226	4
94	1012	4
94	286	4
94	25	3
94	257	4
94	1014	4
94	250	4
94	1007	4
94	93	4
94	993	4
94	248	4
94	696	4
94	412	2
94	411	3
94	932	2
94	930	2
94	1199	3
94	829	2
94	245	1
94	1089	2
94	368	2
94	268	4
94	313	4
94	347	5
94	328	3
94	343	4
94	338	4
94	260	2
94	355	2
94	56	5
94	428	5
94	157	5
94	214	5
94	651	5
94	156	5
94	959	5
94	921	5
94	153	5
94	390	5
94	170	5
94	346	4
94	334	3
94	750	4
134	315	3
134	258	4
134	269	3
134	313	5
134	302	2
134	300	3
134	678	4
134	301	2
134	326	5
134	286	3
134	323	4
134	539	4
134	751	5
134	328	4
134	748	5
134	294	4
134	259	2
134	879	4
134	316	4
134	339	2
134	892	2
134	338	4
134	508	3
134	15	5
134	1	5
860	257	3
655	505	3
13	902	3
13	906	3
883	504	5
883	506	5
883	134	5
883	7	5
883	154	4
883	945	4
883	589	5
883	479	5
883	490	4
883	603	4
883	496	2
883	487	5
883	684	3
883	129	5
207	316	5
207	182	3
207	177	3
207	302	4
195	46	3
195	387	4
195	93	3
195	1418	4
776	479	4
54	307	4
655	915	4
655	1648	2
655	1647	3
655	1602	3
655	914	3
655	1106	2
655	913	4
655	912	3
655	911	2
200	291	3
200	866	4
200	1033	2
200	1034	3
200	103	2
200	831	4
200	982	2
200	743	3
200	931	3
195	841	2
407	223	4
818	269	3
818	313	4
818	303	5
818	286	4
818	300	2
818	302	5
818	912	3
818	690	3
818	258	4
818	316	4
818	328	4
818	288	5
818	346	4
818	271	4
818	322	2
818	751	5
818	245	4
818	312	2
818	887	4
818	875	1
407	315	4
810	338	4
810	331	4
810	326	5
625	100	3
818	1105	1
448	1294	1
448	288	1
448	333	2
448	303	4
448	896	5
448	302	5
448	316	1
448	360	4
448	269	5
448	286	2
448	1176	2
448	900	3
448	345	5
448	258	4
448	262	4
448	307	2
448	1602	4
448	887	2
448	750	5
448	301	1
448	319	5
448	270	5
448	304	3
448	340	4
448	1062	5
448	292	4
448	1022	5
448	344	4
448	327	2
448	268	3
448	321	4
448	305	4
448	271	4
448	312	1
448	338	1
448	902	4
448	874	3
448	884	4
830	203	4
830	612	4
830	968	4
830	69	5
830	193	5
830	487	5
830	204	3
830	613	4
54	291	1
830	523	4
830	484	5
830	633	4
830	474	5
830	211	4
830	194	4
830	820	1
830	449	2
830	834	1
830	288	1
830	413	1
830	29	1
830	790	1
830	498	5
514	313	5
514	344	3
11	286	5
11	750	5
11	268	5
11	258	5
11	690	4
11	332	5
11	749	5
11	350	4
11	751	2
11	300	3
11	312	4
11	752	4
11	301	4
11	324	1
11	748	1
11	259	3
11	260	1
11	100	4
11	222	3
11	121	3
11	123	3
11	741	5
11	291	4
11	742	3
11	717	2
11	370	3
11	9	5
11	744	4
11	508	4
11	237	4
11	713	5
11	15	5
11	740	4
11	125	4
11	544	4
11	277	5
11	107	4
11	25	3
11	718	5
11	109	3
11	111	4
11	455	3
660	106	2
11	290	3
11	120	2
11	24	3
11	405	3
11	597	2
11	743	2
11	423	5
11	521	2
11	190	3
11	317	4
11	12	2
11	318	5
11	714	4
11	558	3
11	28	5
11	22	4
11	357	5
11	191	4
11	434	4
11	196	5
11	69	3
11	11	2
11	735	3
11	425	4
11	97	4
11	427	4
11	662	3
11	135	4
11	52	3
11	727	3
11	730	3
11	180	2
11	527	4
11	83	5
11	429	5
11	215	3
11	699	4
11	646	3
11	733	4
11	47	4
11	724	3
11	86	4
11	175	3
11	57	2
11	660	3
11	382	3
11	70	4
11	58	3
11	732	3
11	239	4
11	549	4
11	729	4
11	723	5
11	402	4
11	720	1
11	715	3
11	365	3
11	737	4
11	731	4
11	29	3
11	526	3
11	194	4
11	204	3
11	659	5
11	173	5
11	216	3
11	168	3
11	8	4
11	524	4
11	56	4
11	372	4
11	435	4
11	433	4
11	451	2
11	692	4
11	88	3
11	652	4
11	211	3
11	208	4
11	746	4
11	238	3
11	663	4
11	430	3
11	428	4
11	367	3
11	42	3
11	716	3
11	710	2
11	393	4
11	580	5
11	517	2
11	40	3
11	719	3
11	386	3
11	721	3
11	399	3
11	90	2
11	738	3
11	745	5
11	94	3
11	110	3
11	401	3
11	722	3
11	395	2
11	734	3
11	728	3
11	414	3
11	726	3
11	383	2
11	577	3
11	725	3
11	176	3
11	98	2
11	603	4
11	79	4
11	185	4
11	230	4
11	39	3
11	228	3
11	504	3
11	203	4
11	654	3
11	229	4
11	431	2
11	227	3
11	561	2
11	54	3
11	38	3
11	449	3
11	356	4
11	573	3
11	241	4
11	707	5
11	213	4
11	736	4
11	739	3
11	747	3
11	51	4
11	274	3
532	915	4
532	1483	4
532	250	3
532	186	4
655	1651	4
655	1646	3
883	1226	3
883	408	5
883	477	5
883	1	3
883	257	5
883	1012	5
883	455	4
500	316	3
500	242	3
883	952	3
883	405	3
483	270	3
909	286	4
909	292	4
909	300	5
909	880	4
909	339	4
909	326	4
909	261	5
909	116	5
909	224	5
909	582	5
909	86	5
909	166	5
909	531	4
909	275	5
909	509	5
909	165	5
909	170	5
909	382	5
909	707	5
909	1121	5
909	289	3
909	14	4
909	294	3
909	529	3
909	744	3
909	682	3
233	269	5
233	313	5
94	302	4
94	690	4
625	855	4
625	486	3
625	173	3
625	428	5
625	95	3
603	271	2
603	50	5
603	228	3
603	222	4
603	230	4
603	449	4
603	62	2
603	229	4
603	450	3
603	380	4
603	227	3
603	12	5
603	1240	5
603	7	5
603	313	5
603	273	1
603	172	5
603	181	5
603	250	5
603	751	4
603	288	3
603	1483	5
603	748	5
603	294	4
603	326	4
603	988	4
603	931	2
603	21	3
603	176	2
603	100	4
603	22	4
603	474	4
603	89	5
603	173	4
603	747	3
603	11	5
603	174	3
603	180	4
603	429	5
603	385	4
603	419	2
603	157	1
603	56	4
603	183	4
603	210	4
603	216	4
603	923	4
625	166	3
624	242	4
624	307	3
624	262	4
624	310	4
624	329	3
624	270	3
624	269	4
624	305	4
624	347	4
624	319	3
624	750	4
851	690	4
625	179	4
624	689	3
851	916	3
624	358	3
624	326	3
851	912	4
624	316	4
624	905	4
624	342	3
624	312	4
624	687	2
624	898	1
625	214	4
625	528	3
851	50	5
851	591	5
851	272	5
851	273	5
851	347	5
851	527	5
851	310	5
851	1016	5
851	127	5
851	318	5
851	326	3
851	338	3
851	1143	5
851	754	2
851	1013	2
625	403	3
625	144	4
625	961	4
33	313	5
33	258	4
33	288	4
33	339	3
33	300	4
33	307	3
33	294	3
33	271	4
33	328	4
33	895	3
33	751	4
33	872	3
33	880	3
33	879	3
33	292	4
33	333	4
33	682	4
33	678	4
33	260	4
33	245	3
33	329	4
33	343	4
33	323	4
33	348	4
625	522	3
625	208	3
625	212	3
444	272	5
444	912	4
444	1483	2
444	906	4
444	515	4
444	245	4
444	275	4
444	269	4
444	300	4
444	307	3
444	271	3
444	916	3
444	678	3
918	995	3
918	340	1
425	912	2
425	83	2
425	207	2
918	1265	1
918	656	4
918	135	1
918	1195	4
918	631	4
918	190	5
918	499	4
918	86	4
918	709	4
918	199	3
918	382	4
918	132	4
918	792	3
918	462	3
918	45	4
918	165	4
918	1137	5
918	168	3
918	498	4
918	64	4
918	1	3
918	658	3
918	42	3
918	433	2
918	514	2
918	606	4
918	174	3
918	275	4
918	170	4
918	216	2
918	430	1
918	166	4
918	196	3
918	133	1
918	638	4
918	529	3
918	153	1
918	923	4
918	204	1
918	175	3
918	507	5
918	197	2
918	154	2
918	707	5
918	487	4
918	855	5
918	69	3
918	28	4
918	1099	4
918	1639	5
918	520	3
918	419	3
918	1172	3
918	659	4
918	517	3
918	495	3
918	485	3
918	582	4
918	211	2
918	660	4
918	971	4
918	89	5
918	131	3
918	1101	4
918	488	3
918	137	5
918	83	4
918	664	4
918	428	5
918	1065	4
918	208	3
918	921	4
918	962	4
918	972	5
918	213	5
918	645	4
918	737	3
918	25	4
918	381	5
918	704	4
918	640	3
918	443	3
918	70	3
918	1200	4
918	965	4
918	88	2
918	179	2
918	72	1
918	856	4
918	958	3
918	417	2
918	82	3
918	289	2
918	16	4
918	1266	4
918	1171	4
918	151	2
918	630	3
918	747	3
918	143	4
918	161	1
829	1	4
829	125	3
829	845	3
829	151	4
829	276	4
829	475	4
829	284	3
829	1067	4
829	458	3
829	408	4
829	86	4
829	189	4
829	339	2
625	408	4
625	154	3
655	1214	2
655	746	3
655	1074	3
625	213	4
625	640	3
625	135	5
625	204	3
625	151	3
625	165	3
625	655	3
625	96	5
625	4	4
625	192	2
625	183	3
625	516	3
625	692	3
625	190	3
625	1020	3
625	200	3
4	258	5
4	300	5
4	288	4
4	328	3
4	271	4
4	362	5
4	327	5
4	329	5
4	360	5
4	303	5
4	359	5
4	301	5
4	354	5
4	324	5
4	361	5
4	210	3
4	356	3
4	357	4
4	50	5
4	260	4
4	358	2
4	264	3
4	294	5
4	11	4
655	307	3
655	653	3
655	312	2
655	770	2
13	912	2
13	913	1
13	915	5
13	917	4
13	911	2
13	904	1
13	889	3
13	899	1
13	891	1
219	223	5
219	879	4
219	906	4
219	1014	3
645	319	3
645	258	3
645	288	3
645	340	4
645	268	4
645	286	4
776	1172	2
645	748	1
645	301	2
645	243	1
645	318	5
645	656	4
645	56	3
645	98	4
645	488	4
645	963	4
645	177	4
645	357	5
645	956	4
645	28	4
645	482	4
645	183	4
645	186	4
645	474	5
645	558	4
645	64	3
645	59	5
645	483	5
645	203	4
645	89	4
645	209	5
645	181	4
645	427	5
645	174	4
645	202	3
645	1018	3
645	447	3
645	959	4
645	198	3
645	191	5
645	194	4
645	69	4
645	496	3
645	523	5
645	654	5
645	182	5
645	514	5
645	72	3
645	675	4
645	228	3
645	55	3
645	173	4
645	48	4
645	60	5
625	385	4
625	210	3
625	265	3
645	960	4
645	11	4
645	39	3
645	134	5
645	435	4
645	23	5
645	211	4
645	180	4
645	674	3
645	664	4
645	92	3
645	96	3
645	513	5
645	22	4
645	46	5
645	61	5
645	616	3
645	185	5
645	172	4
645	175	5
645	195	4
645	214	4
645	709	3
645	641	5
645	673	3
645	179	5
645	1159	4
645	658	4
645	746	4
645	428	4
645	135	5
645	469	5
645	216	4
645	430	5
645	208	5
645	168	4
645	30	4
645	65	4
645	47	4
645	50	4
645	212	4
645	433	4
645	188	4
645	32	5
645	200	5
645	955	4
645	521	4
645	653	5
645	91	3
645	81	4
645	367	3
645	708	3
645	506	5
645	512	5
645	184	3
645	197	5
645	627	2
645	518	5
645	650	5
645	640	4
645	70	4
645	4	4
645	434	4
645	87	4
645	73	3
645	239	3
645	403	3
645	660	3
645	772	3
407	73	4
58	1106	4
234	1269	3
234	1461	2
234	1204	3
234	641	4
234	519	5
234	675	4
234	1330	3
234	1451	3
234	618	3
234	127	4
234	488	4
234	427	4
234	431	3
234	515	5
234	483	5
234	480	4
234	651	4
234	504	4
234	844	2
234	511	5
234	69	4
234	493	3
234	186	3
234	182	3
234	589	3
234	98	4
234	207	2
234	216	3
234	174	3
234	611	5
234	154	3
234	659	3
234	498	5
234	1039	3
234	608	3
234	923	4
234	617	3
234	650	3
234	198	3
234	172	3
234	56	3
234	494	4
234	265	3
234	520	4
234	178	5
234	318	4
234	500	3
234	1020	4
234	484	5
234	492	3
234	185	3
234	604	5
234	32	3
234	195	2
234	156	2
234	64	4
234	963	3
234	192	3
234	525	4
234	531	3
234	165	5
234	177	3
234	199	5
234	435	3
234	238	3
234	694	3
234	175	2
234	1172	3
234	481	5
234	521	3
234	607	4
234	11	2
234	612	3
234	45	4
234	187	4
234	516	3
234	496	4
234	213	3
234	190	3
234	228	3
234	176	3
234	487	3
234	1184	2
234	166	5
234	489	3
234	50	4
234	464	4
234	205	3
234	434	3
234	143	3
234	656	4
234	1120	3
234	188	2
234	87	3
234	223	3
234	236	3
234	709	4
234	181	3
234	486	3
234	179	3
234	418	3
234	1298	3
234	168	3
234	485	3
234	429	4
234	613	4
234	921	4
234	116	2
234	837	3
234	727	3
234	211	3
234	234	4
234	965	3
234	478	3
234	491	4
234	1457	3
234	15	3
234	632	2
234	699	3
234	950	2
234	28	4
234	183	4
234	8	5
234	558	4
234	662	3
234	202	3
234	1015	2
234	204	2
234	95	3
234	528	4
234	863	5
234	215	3
234	432	4
234	615	5
234	1126	4
234	135	4
234	1063	3
234	100	4
234	610	4
234	855	3
234	735	3
234	222	3
234	490	4
234	144	3
234	462	4
234	510	4
234	657	4
234	196	3
234	433	2
234	1203	4
234	524	3
234	89	3
234	79	3
234	180	3
234	634	4
7	334	5
7	294	1
7	260	1
7	418	4
7	625	3
7	542	4
7	219	1
7	558	4
7	672	1
7	563	2
7	440	1
7	551	1
7	569	4
7	565	4
7	567	1
7	446	2
7	669	1
7	638	4
7	557	4
7	580	3
7	666	4
7	642	3
7	227	3
7	54	3
7	583	2
7	574	5
7	450	4
7	143	3
7	417	3
7	621	5
7	626	5
7	560	3
7	231	3
7	576	5
7	391	3
7	540	3
7	428	5
7	175	5
7	73	3
7	585	4
7	575	3
7	386	4
7	577	2
7	579	4
7	520	5
7	387	3
7	317	4
7	662	3
7	553	3
7	555	4
7	134	4
7	31	4
7	324	1
7	258	4
7	12	5
7	641	5
7	185	5
7	199	5
7	193	5
7	667	5
7	582	5
7	357	5
7	654	5
7	433	5
450	354	4
450	749	4
450	245	4
179	916	5
179	340	4
179	347	3
179	902	1
179	269	3
179	302	4
179	914	5
179	272	5
179	316	5
179	315	5
179	362	1
179	300	4
179	538	4
179	917	3
179	1127	1
179	305	4
179	750	1
179	303	1
179	258	5
179	313	4
179	353	1
179	354	4
179	905	4
179	331	2
179	321	1
179	691	3
179	310	4
179	339	1
179	1234	1
179	682	5
179	333	5
179	288	5
179	346	3
179	1316	3
179	690	1
179	895	5
179	307	3
179	893	2
179	271	1
179	751	1
179	345	1
179	301	4
838	354	4
827	750	3
827	313	3
827	333	3
827	316	3
827	938	3
827	347	3
827	331	3
279	474	5
279	1437	3
279	1133	2
279	1108	1
279	1435	3
279	108	4
279	932	3
279	1240	1
279	869	1
776	848	2
776	134	4
776	109	4
776	355	3
776	422	2
776	95	4
776	588	4
455	321	2
455	307	4
455	289	3
455	334	3
178	354	4
178	302	4
178	339	3
178	342	4
178	682	3
642	832	3
642	862	4
642	815	4
421	269	3
421	302	4
421	914	3
421	333	4
421	331	2
421	915	4
421	879	4
421	50	5
421	82	4
421	173	1
421	96	4
421	124	4
421	498	4
421	174	5
421	89	5
421	474	4
421	709	4
421	56	5
421	100	4
421	176	5
421	657	4
421	653	3
421	525	4
421	185	4
421	603	4
421	156	5
421	98	5
421	12	5
421	129	5
421	79	4
421	183	5
421	466	4
421	443	5
421	197	3
421	517	2
421	213	3
421	509	2
421	516	5
421	194	4
421	208	2
421	238	5
421	175	2
421	4	3
421	127	4
421	144	5
421	11	2
421	117	5
421	187	4
421	182	5
421	7	3
421	234	5
421	164	4
421	448	3
421	218	4
421	672	3
421	219	3
421	674	5
421	200	3
421	172	5
421	423	2
421	427	4
421	87	4
58	950	1
58	405	2
58	741	2
58	1048	1
58	546	2
58	249	4
58	121	2
14	269	4
58	823	1
58	240	4
58	120	2
58	1089	1
58	1102	1
58	367	5
58	1099	2
299	916	3
299	333	4
299	915	4
266	286	4
266	272	4
266	313	4
266	319	2
266	268	4
266	321	3
266	289	3
266	874	2
266	325	1
266	245	1
266	275	5
266	100	5
266	283	3
266	676	3
266	285	4
266	237	3
266	25	3
266	276	3
266	14	4
266	508	4
266	9	4
266	124	4
266	924	2
195	591	4
61	748	2
61	347	5
61	271	1
61	678	3
61	342	2
790	269	3
829	319	4
829	275	4
829	124	4
776	427	3
776	53	2
776	282	3
776	866	3
776	276	4
776	21	3
776	241	1
234	136	4
234	836	4
234	209	4
234	474	4
234	208	4
234	705	5
234	111	3
234	1149	3
234	606	5
234	623	2
234	506	4
234	1455	2
234	571	2
656	286	1
656	272	3
656	269	3
656	302	3
656	316	3
656	347	4
656	346	3
656	340	3
656	344	4
656	303	4
656	300	2
656	750	2
656	301	3
656	270	3
656	327	2
656	312	1
656	903	2
656	875	2
656	896	5
656	326	1
656	245	1
656	322	1
656	689	2
656	338	3
183	331	3
183	485	5
183	159	4
183	177	5
183	273	4
183	483	5
183	230	5
183	274	5
183	222	4
183	720	4
183	241	4
61	243	2
7	341	3
234	357	4
234	134	5
234	530	4
234	661	5
234	654	5
234	603	4
234	1449	4
234	1463	5
234	99	5
234	745	4
234	655	3
234	197	5
234	1050	3
234	210	3
234	503	2
234	584	3
234	194	5
234	1064	4
234	430	4
234	1021	4
234	86	2
234	1369	3
234	605	3
234	939	2
234	505	4
234	170	5
234	12	1
234	153	3
234	404	4
234	463	4
234	1200	3
234	1462	3
234	132	4
234	77	3
234	517	3
655	137	4
655	902	2
655	525	2
234	279	3
234	693	2
234	513	5
234	290	3
655	1649	3
234	526	3
234	842	4
234	423	4
234	443	3
234	428	4
234	82	3
234	479	5
234	48	2
234	224	4
234	96	2
234	523	4
234	499	4
234	630	2
234	52	4
234	959	2
234	229	4
234	945	3
234	966	4
234	527	3
234	673	4
234	317	2
234	927	4
234	1003	2
234	97	2
234	71	3
234	5	3
234	23	4
234	466	4
234	73	2
234	602	4
234	1400	3
234	157	2
234	843	2
234	151	3
234	835	3
234	497	4
234	1121	5
234	47	2
234	501	4
234	206	4
234	660	4
234	1169	4
234	631	3
234	848	3
234	173	3
234	747	3
234	451	3
234	141	3
234	614	3
234	942	3
234	4	4
234	22	4
234	419	4
234	164	3
234	133	3
234	131	3
234	277	3
234	81	3
234	445	2
234	732	2
234	193	4
234	191	4
234	66	3
234	436	3
234	601	3
234	274	3
234	951	1
234	806	2
234	140	2
234	642	3
234	31	4
234	280	3
234	507	4
234	465	2
234	482	4
234	85	2
234	142	2
234	1221	4
234	421	1
234	964	4
234	319	3
234	582	4
234	212	2
234	550	2
234	616	2
234	117	2
234	473	5
234	367	4
234	1397	4
234	686	3
234	925	2
234	495	4
234	21	3
234	629	4
234	241	2
234	471	3
234	200	5
234	1168	2
234	477	1
234	566	2
234	653	3
234	393	2
234	1263	3
234	1456	4
234	2	2
234	1035	3
234	591	3
234	609	3
234	1448	3
234	1198	3
234	1450	3
234	378	4
234	746	2
234	119	3
234	1459	3
234	389	3
234	385	2
234	291	3
234	13	3
234	1123	3
234	1452	4
234	1101	3
234	782	3
234	147	3
234	1453	2
234	622	2
234	1010	2
234	970	4
234	284	3
234	1460	3
234	646	3
234	1100	2
234	448	3
234	1205	1
234	832	2
234	1048	3
234	162	3
234	588	3
234	218	2
234	76	2
234	70	3
234	416	4
234	102	2
234	226	2
234	72	3
234	403	1
234	663	4
234	808	2
234	702	2
234	44	3
234	1186	4
234	381	3
234	1446	3
234	125	3
234	724	4
234	781	2
234	1285	3
234	470	2
234	1075	3
234	25	3
234	161	3
234	845	3
234	549	3
234	371	3
234	649	3
234	40	2
234	88	3
234	91	5
234	770	4
234	30	4
234	163	3
234	1185	3
234	557	1
234	638	4
234	768	2
234	739	3
234	692	3
234	233	2
234	237	3
234	414	4
234	447	3
234	850	2
234	712	2
234	502	4
234	1170	1
234	1447	3
234	160	2
234	785	3
234	417	3
234	792	4
234	273	3
234	1458	4
234	731	2
234	1044	2
234	130	1
234	671	3
234	1454	3
234	54	2
234	1445	4
234	625	3
234	928	2
234	219	2
234	552	2
234	401	2
234	106	4
234	1051	2
234	765	3
234	1078	2
234	412	2
234	1133	3
234	635	2
234	636	3
234	626	4
234	878	2
43	316	5
43	1052	1
195	421	4
378	301	3
378	326	3
378	328	3
378	918	3
13	349	1
204	292	5
204	315	4
204	300	3
204	321	1
204	242	5
204	316	4
204	268	3
204	269	4
204	258	2
204	880	2
204	874	3
204	303	5
204	286	3
204	310	1
204	288	3
204	302	5
204	262	4
204	340	5
204	259	2
204	301	4
204	304	3
204	333	1
204	336	1
204	322	3
204	245	3
204	748	1
204	1022	5
204	1296	5
38	916	5
38	288	5
38	313	5
38	294	5
38	678	5
38	328	4
38	326	5
38	259	3
38	681	5
38	243	3
38	588	5
38	419	5
38	420	5
38	22	5
38	508	2
38	445	2
38	28	4
38	247	5
38	127	2
38	257	1
38	1016	5
38	1014	5
38	252	5
38	501	5
38	133	2
38	82	5
38	195	1
38	742	5
38	423	5
38	318	3
38	95	5
38	392	5
38	393	5
38	432	1
38	140	5
38	79	3
38	356	2
38	153	5
38	97	5
38	144	5
38	216	5
38	69	5
38	71	5
38	402	5
38	1	5
38	526	1
38	88	5
38	99	5
38	84	5
38	418	5
38	118	5
38	226	1
38	627	5
38	404	5
38	234	5
38	202	2
38	451	5
38	162	5
38	218	3
38	211	1
38	1035	5
38	188	2
38	94	5
38	161	5
38	679	5
38	673	5
38	155	5
38	200	5
38	403	1
38	405	5
38	720	5
38	70	5
38	465	5
38	1033	5
38	185	2
38	1028	5
38	450	1
38	424	3
38	1032	4
38	410	3
38	112	5
38	139	2
38	550	2
38	768	5
38	225	5
38	1034	1
38	145	1
38	78	5
38	409	5
38	411	3
38	616	3
38	389	5
38	384	5
38	573	1
38	838	2
38	1036	4
38	433	5
38	35	5
38	1031	5
38	383	2
38	444	1
38	717	1
38	400	1
38	395	3
38	780	4
38	105	3
38	406	2
38	1037	4
38	67	4
38	590	1
38	447	5
38	637	2
38	1030	5
38	452	5
38	401	3
38	413	1
38	1029	1
38	758	1
38	940	1
38	672	3
38	122	1
276	303	4
276	916	4
276	262	4
276	315	4
276	316	4
276	1483	3
276	915	4
276	264	3
655	916	2
655	918	2
416	938	3
416	879	3
883	1288	4
883	886	3
883	250	3
883	151	5
112	316	5
112	1106	4
112	339	4
112	891	3
416	869	3
416	795	2
416	412	2
416	1037	2
112	903	1
416	1521	3
416	564	4
416	592	3
416	419	4
416	1035	3
416	477	4
416	1091	3
453	575	2
453	586	2
533	879	3
776	618	3
332	326	5
332	342	4
751	917	2
903	272	4
499	326	3
499	915	4
499	902	5
499	1483	1
643	255	4
643	70	3
830	126	5
643	262	3
643	721	2
830	696	2
830	925	4
830	97	4
830	451	4
830	739	4
830	49	5
830	402	4
204	172	3
204	318	5
204	216	4
204	170	5
204	12	4
204	45	5
204	1194	4
204	191	4
204	482	4
204	1281	2
204	1	2
204	9	5
204	146	3
204	297	5
532	879	3
532	938	3
532	164	5
532	161	5
532	427	5
532	168	5
532	357	5
532	77	5
532	151	5
532	829	3
532	917	4
532	477	4
532	1415	2
532	925	4
532	931	3
660	1483	3
532	431	5
532	685	5
532	195	5
532	568	5
532	1189	5
532	82	5
532	676	5
13	918	3
807	313	5
807	258	3
807	300	5
807	748	4
807	1483	4
807	271	3
807	751	3
807	678	3
807	358	3
807	289	4
807	491	5
807	318	5
807	143	4
807	431	4
807	69	5
807	505	3
807	222	4
807	1	4
807	173	3
807	1039	4
807	757	4
807	8	4
807	199	5
807	969	4
807	404	3
807	427	4
807	543	2
807	194	4
807	22	5
807	423	5
807	89	4
807	172	5
807	699	4
807	96	3
807	205	3
807	208	4
807	527	5
807	210	4
807	612	5
807	435	3
807	79	5
807	144	4
807	416	3
807	419	5
807	117	4
807	408	3
807	174	5
807	28	4
807	496	5
807	705	4
807	154	2
807	161	4
807	204	4
807	181	5
807	393	4
807	195	3
807	566	4
807	515	4
807	584	4
807	50	5
807	265	5
807	1063	4
807	605	3
807	498	4
807	136	5
807	95	4
807	82	4
807	121	4
807	1050	5
807	501	3
807	520	5
807	418	4
807	99	5
807	510	5
807	633	4
807	228	4
807	211	4
807	470	5
807	465	4
807	193	4
807	1084	4
807	523	3
807	630	4
807	657	4
807	127	3
807	118	4
807	483	5
807	227	4
807	421	3
807	239	4
807	684	5
807	168	4
807	132	4
807	140	3
807	381	2
807	503	3
807	186	4
807	526	5
807	451	5
807	235	1
807	528	4
807	230	4
807	234	3
807	588	5
807	385	4
807	428	4
807	432	5
807	968	4
807	578	4
807	472	4
807	29	4
807	622	3
807	473	3
807	624	3
807	71	5
807	231	4
807	636	4
807	142	3
807	229	4
807	596	4
807	495	4
807	831	4
807	484	4
807	63	5
807	485	5
807	73	3
807	820	3
669	310	4
669	915	3
669	300	4
669	7	3
669	508	3
669	408	5
669	475	3
669	151	5
669	181	5
669	1	5
669	248	4
669	222	3
669	150	3
669	246	4
669	257	3
669	111	4
669	125	3
669	121	3
669	290	2
669	118	2
669	252	2
669	235	2
669	664	4
669	462	5
669	205	4
669	427	4
669	190	3
669	175	4
669	482	4
669	216	3
669	187	5
669	521	4
669	522	4
669	114	5
669	483	3
669	514	3
669	196	3
669	276	2
669	517	3
669	490	5
669	191	3
669	82	4
669	531	3
883	550	3
883	349	2
883	144	4
883	847	4
883	226	3
883	407	3
883	10	5
883	273	4
119	269	3
119	294	1
119	917	4
119	916	1
119	338	1
269	1017	5
428	303	3
428	344	3
428	329	3
428	1313	4
428	316	4
428	271	2
428	326	3
517	538	4
517	294	1
517	1016	1
796	269	3
796	316	5
796	313	4
796	272	4
796	333	5
796	286	2
796	591	3
796	100	3
796	315	5
796	270	4
796	307	4
796	258	4
796	880	3
796	321	2
796	342	5
796	301	1
796	300	4
796	322	3
796	323	2
796	751	5
796	748	5
796	294	3
796	245	3
796	879	4
796	326	4
796	328	5
796	243	3
517	105	1
92	307	4
92	1023	2
92	748	3
517	1	3
517	117	4
517	405	4
517	755	3
517	111	3
517	269	3
517	131	3
517	333	3
517	1047	2
517	237	1
517	472	2
517	25	2
517	284	2
517	823	2
517	222	4
517	127	4
517	181	4
517	873	3
517	311	3
517	597	4
517	328	3
517	229	3
796	50	5
796	127	5
796	181	5
796	275	4
796	293	5
796	1	2
796	9	3
796	117	5
796	257	5
796	283	3
796	278	4
796	282	4
796	222	5
796	1163	3
796	477	2
796	125	4
796	248	3
796	685	4
796	1012	3
796	742	3
517	369	5
517	50	5
517	761	5
517	740	4
517	748	4
517	275	5
517	1177	5
517	283	4
517	258	5
517	300	5
796	273	2
796	405	5
796	298	5
796	284	3
796	1197	3
796	1511	3
796	250	5
796	249	1
796	597	5
796	121	5
796	79	5
796	318	4
796	174	5
796	633	5
796	603	4
796	132	4
796	89	5
796	178	3
796	1039	4
796	520	3
796	199	3
796	496	5
796	427	4
796	357	4
796	64	4
796	488	2
796	210	3
796	183	5
796	204	5
796	659	3
796	173	5
796	69	5
796	12	5
796	28	3
796	96	4
796	22	4
796	176	5
796	144	5
796	1269	5
796	194	4
796	1126	1
796	198	4
796	168	5
796	187	5
796	607	4
796	193	3
796	491	4
796	474	2
796	945	5
796	134	3
796	56	5
796	414	3
796	483	5
796	98	5
796	172	4
796	48	3
796	707	3
796	480	4
503	1316	1
503	900	5
503	280	1
503	778	5
503	949	3
214	180	5
214	23	5
214	56	5
214	1073	5
214	357	5
214	64	5
214	179	5
214	7	5
214	42	5
214	512	5
214	151	5
214	285	5
214	475	5
214	236	5
214	175	5
214	208	5
214	132	5
214	221	5
214	12	5
214	11	5
214	427	5
214	156	5
214	185	5
214	516	5
214	209	5
214	324	5
214	1065	5
214	253	5
214	188	5
214	650	5
214	327	5
214	8	4
214	20	4
214	313	4
214	55	4
214	568	4
214	462	4
214	509	4
214	302	4
214	896	4
214	89	4
214	98	4
214	173	4
214	461	4
214	174	4
214	1129	4
214	93	4
214	92	4
214	32	4
214	318	4
796	493	3
796	195	5
796	608	3
796	1119	4
796	484	5
796	45	3
796	58	3
796	180	2
796	527	3
796	188	2
796	467	3
796	196	5
796	433	2
796	611	4
56	300	4
56	258	4
56	323	3
56	748	4
796	1299	2
56	294	4
56	678	4
796	486	5
796	186	3
796	568	4
796	762	3
796	215	5
796	709	3
796	154	3
796	511	4
796	153	5
796	434	4
796	487	5
796	684	5
796	82	3
796	197	3
796	514	3
796	431	4
56	79	4
56	265	4
56	89	4
56	82	4
56	183	5
56	230	5
56	232	4
56	229	3
56	228	3
56	22	5
56	11	4
56	56	5
56	176	5
56	210	5
56	385	4
56	435	3
56	96	5
56	195	5
56	227	3
56	238	5
56	216	4
56	746	4
56	194	5
56	204	5
56	42	4
56	186	3
56	202	4
56	433	4
56	451	3
56	523	4
56	239	4
56	692	4
56	70	4
56	655	4
56	393	4
56	73	4
56	67	2
56	781	4
56	90	2
56	732	4
56	747	4
56	97	3
56	51	3
56	421	4
56	402	5
56	64	5
56	87	4
56	191	4
56	215	5
56	196	2
56	193	5
56	179	3
56	778	4
56	28	5
56	392	4
56	69	4
56	735	2
56	403	4
56	98	4
56	447	4
56	234	4
56	184	4
56	200	4
56	219	5
56	443	4
56	441	4
56	53	3
56	168	2
56	31	4
56	226	4
56	449	5
56	233	1
56	761	3
56	77	3
56	554	4
56	44	4
56	450	3
56	769	4
56	222	5
56	597	3
56	117	5
56	7	5
56	118	4
56	405	4
56	546	3
56	121	5
56	930	3
56	237	5
54	634	1
54	298	4
56	483	4
56	169	4
56	189	4
56	114	4
56	408	4
56	588	4
56	1	4
56	95	4
56	91	4
56	71	4
56	596	4
56	969	3
56	426	4
56	820	3
56	473	2
56	993	3
56	38	2
56	636	4
56	281	2
56	1090	3
56	298	4
116	916	2
116	301	3
116	914	2
116	344	5
116	20	3
56	111	2
56	88	1
56	869	3
56	280	4
56	1074	3
56	794	3
56	815	4
56	1057	3
56	738	3
807	739	4
807	627	4
807	554	4
807	141	3
807	843	2
807	91	5
807	405	4
807	610	3
807	206	2
676	316	4
676	302	5
676	315	4
676	272	4
676	269	2
676	313	4
676	750	4
676	286	4
676	258	2
676	303	4
676	300	4
676	354	4
676	538	4
676	288	1
676	879	3
676	270	4
676	912	3
676	748	4
676	895	1
676	294	4
676	245	4
676	326	2
676	271	3
676	345	2
676	259	4
676	1527	1
676	328	5
676	344	5
676	751	4
676	688	1
676	682	1
676	902	4
676	1234	1
676	687	1
676	948	1
676	1483	4
676	916	5
676	352	1
676	890	1
676	892	4
676	539	4
676	1654	1
676	50	5
676	100	5
676	508	1
676	9	2
676	181	5
676	250	4
676	1	5
676	295	1
676	257	5
676	117	4
676	471	3
676	222	4
676	993	5
676	13	1
676	255	5
676	546	3
676	845	5
676	174	5
676	168	5
676	318	5
676	483	4
676	144	4
676	172	5
676	169	5
676	962	4
676	64	5
676	114	5
676	193	5
676	22	5
676	173	5
676	480	5
676	482	4
676	132	5
676	265	5
676	520	4
796	97	3
796	8	5
796	660	5
796	152	3
796	429	4
796	234	2
796	126	3
796	203	3
796	423	4
796	615	4
796	705	4
796	1101	5
796	191	4
796	23	2
796	95	4
381	79	3
381	216	5
381	83	4
381	378	4
381	480	5
381	582	5
381	1098	4
381	512	4
381	403	3
381	529	5
381	1533	4
381	102	2
381	607	4
551	316	5
381	640	5
381	495	4
381	673	3
381	705	5
381	498	5
381	652	5
381	1119	4
381	50	5
381	175	5
381	855	3
381	178	4
381	49	2
381	134	5
381	485	4
381	77	2
381	89	5
381	660	2
381	20	5
381	132	5
381	13	4
381	99	5
381	419	5
381	418	3
381	656	4
381	566	2
381	14	5
381	95	4
381	517	4
381	771	2
381	276	3
381	120	1
381	432	5
381	281	2
381	724	3
381	443	5
381	961	3
381	318	5
381	631	4
381	159	3
381	176	4
381	483	5
381	459	4
381	217	2
381	191	5
381	520	5
381	121	2
381	526	4
381	657	4
381	1532	2
381	1439	3
381	634	3
381	509	5
381	694	4
381	479	5
381	97	4
381	212	5
381	525	5
381	1401	4
381	1018	4
381	118	1
381	778	4
381	196	5
381	487	5
381	493	4
381	647	4
381	501	4
381	473	5
381	135	5
381	30	4
381	96	5
381	16	4
381	59	3
381	693	4
381	596	3
381	1407	3
381	94	3
381	142	3
381	214	2
381	588	3
381	15	2
381	139	3
381	228	4
381	1	5
381	514	5
381	1400	3
381	133	5
381	462	4
381	100	4
381	934	2
381	225	3
381	151	5
381	150	4
381	847	4
381	1117	4
381	1115	4
381	129	4
381	931	4
381	283	5
381	742	4
381	1060	5
381	124	5
381	914	1
381	313	2
381	898	5
381	344	3
381	887	3
381	307	2
381	268	4
381	682	2
381	304	5
381	303	3
381	995	4
381	259	2
381	294	5
807	133	5
807	402	5
807	177	4
807	68	4
807	597	4
807	679	4
807	135	5
807	511	5
699	291	3
708	362	1
708	352	1
708	347	3
708	751	4
708	313	5
708	538	2
708	271	1
708	1280	1
708	887	2
708	336	2
708	269	3
708	268	3
708	304	4
708	938	3
708	690	4
708	880	3
708	300	4
708	299	1
708	328	3
708	457	4
708	873	5
708	678	2
708	258	5
708	326	4
708	358	2
708	748	4
708	294	3
708	322	3
708	319	5
708	289	4
708	687	2
708	871	1
708	1061	3
708	866	5
708	1152	5
708	237	5
708	222	5
708	676	3
708	225	2
708	934	4
708	864	3
708	508	4
708	1051	4
708	151	4
708	148	4
708	147	4
708	847	3
708	150	4
708	149	3
708	628	3
708	1117	4
708	845	5
708	846	2
708	981	3
708	284	5
708	126	4
708	930	3
708	283	1
708	1079	1
708	476	3
708	742	1
358	918	1
56	432	5
56	181	5
56	50	5
56	174	5
56	173	4
56	423	5
56	172	5
56	1091	2
56	501	3
56	946	4
167	290	3
167	235	3
167	288	3
167	240	1
167	237	4
167	222	4
167	225	3
167	137	5
167	126	3
167	831	3
167	364	3
167	603	4
167	86	4
167	381	5
167	216	4
167	8	5
167	655	4
167	554	1
167	675	1
167	1307	2
167	1304	4
167	615	5
167	659	4
167	48	1
167	735	4
167	1225	3
167	404	3
167	184	1
167	96	5
167	698	4
167	493	4
167	318	5
167	1308	1
167	392	1
167	521	5
167	238	4
167	949	1
167	512	5
167	719	1
167	673	4
167	641	4
167	568	3
167	465	5
167	1309	1
167	232	1
167	204	4
167	1147	4
167	83	5
167	1310	3
167	1200	4
167	674	2
167	99	4
167	726	1
167	1306	5
167	513	4
167	1126	5
167	136	4
167	1305	1
167	1125	5
167	241	5
167	169	1
167	606	4
167	486	4
167	478	5
167	73	2
167	733	2
167	435	5
167	133	5
167	530	5
903	528	4
903	98	5
796	525	4
796	479	4
796	238	3
796	606	4
796	939	3
796	216	5
796	692	5
796	265	5
796	184	1
796	510	3
796	500	4
796	228	5
796	478	5
551	315	5
551	302	3
551	272	5
551	313	4
807	471	4
807	477	4
551	286	4
551	917	3
551	288	4
551	268	4
551	307	4
551	310	4
551	332	4
551	346	4
551	340	4
551	333	5
551	690	5
551	331	5
551	328	5
551	258	4
551	292	3
551	748	4
551	326	4
551	300	4
551	245	3
551	912	3
551	895	3
551	354	3
714	100	1
714	9	3
551	751	4
551	324	3
551	294	4
551	260	5
551	343	4
551	351	3
551	991	2
551	875	4
551	334	4
551	264	3
551	355	4
714	1	3
714	237	3
551	50	2
551	265	4
551	64	5
551	479	3
714	257	3
551	12	4
551	127	5
551	187	5
551	56	5
551	100	4
551	603	5
551	98	5
551	205	5
551	164	4
551	22	5
551	223	4
551	174	4
551	651	4
551	192	5
551	318	5
551	79	5
551	182	5
551	183	4
551	176	4
551	28	4
551	196	5
551	69	4
551	9	5
551	1039	4
551	746	5
551	97	5
551	180	5
551	11	5
551	616	5
551	195	5
551	692	4
551	317	5
551	282	5
551	234	4
714	291	3
551	527	5
551	209	5
714	255	2
714	15	3
714	276	2
551	357	5
551	509	4
551	143	4
551	177	5
551	153	3
714	111	3
551	520	4
551	193	5
551	505	5
714	477	2
714	924	3
714	284	3
551	531	5
714	597	3
714	369	3
551	132	5
551	431	4
551	216	5
714	252	3
551	238	5
551	7	5
714	1152	2
714	281	3
551	204	4
714	1014	3
551	156	5
551	168	5
714	472	2
551	710	5
551	55	5
714	410	3
551	89	4
551	210	4
551	433	5
714	151	3
551	44	4
551	237	4
551	184	1
714	405	5
714	50	5
714	1016	5
714	181	5
714	117	5
714	250	5
714	3	5
714	118	5
714	1028	4
714	748	5
551	185	5
714	871	3
714	685	4
714	294	4
714	121	4
714	7	4
714	763	4
714	282	4
714	471	4
714	323	4
714	258	4
551	475	5
551	693	5
551	96	5
551	211	5
551	198	5
551	144	5
714	300	5
551	215	4
551	181	2
551	461	3
714	289	3
551	135	5
551	172	2
551	673	4
551	76	4
551	421	4
551	1035	2
551	770	2
551	33	5
551	1169	4
551	34	4
551	291	4
551	280	3
551	583	3
551	941	4
551	698	4
551	157	4
551	403	3
551	150	3
551	117	5
551	742	5
551	273	4
551	230	5
551	685	1
551	393	5
551	200	4
551	15	5
551	161	5
551	203	5
551	423	1
551	91	1
551	747	3
551	70	4
551	241	4
551	284	4
551	735	5
551	24	5
551	655	5
551	186	5
551	628	5
551	1011	5
551	202	4
551	218	5
551	684	5
551	518	4
551	228	5
551	42	5
551	566	5
551	448	4
551	162	5
551	71	4
551	66	2
551	49	3
551	774	5
551	5	4
551	88	4
551	232	5
551	471	5
551	508	4
551	25	1
551	955	3
551	222	5
551	13	1
551	226	5
551	121	5
551	924	5
551	276	5
551	31	4
551	58	5
551	943	5
551	380	3
551	227	5
551	274	2
551	147	4
551	455	1
551	82	5
551	587	4
551	468	5
551	727	5
551	658	5
551	405	3
551	591	5
551	1439	5
551	111	5
551	188	5
551	92	5
551	660	3
551	732	4
551	4	2
551	470	5
551	447	5
551	582	5
551	85	1
551	640	4
551	1314	2
551	125	4
551	808	3
551	95	5
551	385	5
551	356	4
551	686	3
551	128	4
551	708	1
551	950	2
551	1267	4
551	568	4
551	554	5
551	627	3
551	846	3
551	1304	1
551	790	2
551	68	2
551	581	5
551	72	5
551	755	4
551	118	5
551	763	5
551	596	5
551	366	5
551	1136	5
551	402	4
551	825	5
551	3	5
551	54	3
551	544	4
551	410	5
551	217	1
551	975	5
551	762	5
551	550	5
551	77	3
551	636	5
551	73	2
551	959	5
551	458	2
551	833	3
551	1118	5
551	90	1
551	476	5
551	155	4
551	552	3
551	233	4
551	460	3
551	944	2
551	281	5
551	756	1
551	411	1
551	1087	1
551	802	4
551	979	4
551	559	5
551	219	5
551	1220	5
551	62	5
551	365	5
551	1376	1
551	1217	1
551	38	1
551	760	3
551	1051	4
551	235	1
551	1253	2
551	824	1
551	809	5
551	572	1
551	578	5
551	240	3
551	546	2
551	363	4
551	827	5
551	415	4
551	739	4
551	576	2
551	159	4
551	595	2
551	720	2
551	229	5
551	51	5
551	2	2
551	719	1
551	721	5
551	1443	5
551	17	5
551	43	2
551	597	4
551	451	1
551	84	1
551	1028	4
551	672	1
551	40	1
551	26	4
551	1067	2
551	864	5
551	715	1
551	1059	3
551	849	5
551	67	5
551	717	3
551	761	1
551	1621	1
551	696	2
551	765	1
551	1044	3
551	384	1
551	1139	4
551	796	4
551	1047	4
551	570	4
551	926	2
551	80	1
551	1207	1
551	728	2
551	1135	5
551	1419	1
551	1518	4
551	561	5
551	399	3
551	386	1
551	779	4
551	1303	1
551	780	5
551	1079	1
472	877	3
472	355	3
472	323	4
472	338	4
472	552	5
472	1	5
472	362	5
472	916	5
472	69	5
472	751	5
472	313	5
472	67	4
472	271	5
472	343	5
472	895	4
472	265	4
472	1074	5
472	358	5
472	569	4
472	3	5
472	568	5
472	2	5
472	1239	5
472	385	5
472	11	5
472	366	4
472	576	5
472	578	5
472	7	5
472	367	5
472	760	5
472	79	5
472	22	5
472	386	5
472	258	5
472	318	5
472	72	5
472	541	5
472	82	5
472	423	5
472	475	5
472	68	5
472	24	5
472	12	5
472	255	5
472	168	5
472	597	5
472	400	5
472	94	5
472	402	5
472	28	5
472	91	5
472	549	5
472	90	5
472	172	5
58	191	5
807	21	4
807	94	2
807	1133	3
234	867	4
234	647	3
234	628	2
234	956	3
234	152	4
234	648	3
234	301	3
125	914	1
125	751	5
125	258	5
125	340	1
125	294	4
125	748	3
125	346	1
125	300	5
125	289	5
125	243	2
125	323	3
125	687	3
125	190	5
125	482	1
125	520	5
125	485	5
125	50	5
125	22	5
125	498	5
125	657	3
125	474	3
125	87	5
125	222	5
125	945	5
125	195	5
125	692	3
125	202	5
125	435	4
125	367	4
125	763	3
125	382	1
911	272	4
911	313	2
125	70	3
125	73	5
125	999	4
125	109	3
125	451	4
125	238	3
125	1249	3
125	116	4
125	111	3
125	72	4
125	508	1
911	1203	4
911	1039	4
125	239	5
125	290	4
911	835	3
911	89	4
125	801	3
125	996	3
125	85	3
125	756	4
125	21	3
125	728	3
125	790	4
125	585	4
125	781	3
125	1185	3
125	399	3
125	41	2
125	376	3
911	427	3
125	785	3
125	63	3
125	235	2
911	174	4
125	796	3
125	1170	1
125	384	3
125	864	3
125	90	5
125	949	3
911	172	4
911	483	3
911	474	5
125	401	4
911	168	4
911	191	5
911	659	3
911	173	5
911	530	4
125	1246	2
125	722	3
125	395	3
125	369	3
911	479	5
911	134	4
911	480	4
911	478	5
125	386	3
125	940	2
125	1074	3
125	571	3
911	603	5
911	190	5
911	482	4
125	1180	3
125	80	4
125	67	5
911	357	4
911	496	3
125	997	2
125	734	3
125	1270	3
125	1000	3
911	98	2
125	105	3
125	1271	2
911	87	5
911	193	4
125	94	5
125	158	4
125	926	3
911	855	5
125	411	3
911	647	4
911	215	3
125	1037	2
125	1036	2
125	412	3
125	364	3
125	780	2
125	388	2
911	507	4
125	122	1
125	577	2
125	407	2
125	1183	2
125	120	1
911	199	3
911	484	3
911	638	4
125	383	2
125	1093	1
911	211	3
911	485	3
911	514	3
911	205	3
125	1052	2
911	183	4
911	154	4
911	506	3
911	432	3
911	7	4
911	655	5
911	210	3
911	83	4
911	93	4
911	153	5
911	209	5
911	163	4
911	381	5
911	709	5
911	428	4
911	216	4
911	194	4
911	186	5
911	204	4
911	238	2
911	208	4
911	435	5
911	26	4
911	399	5
911	21	4
911	451	2
911	240	1
911	465	5
911	625	5
911	969	5
911	588	4
911	423	4
911	627	3
911	82	2
911	99	3
911	102	3
911	143	5
911	419	5
911	501	3
911	151	5
911	404	3
911	420	4
911	142	4
911	622	3
911	473	3
911	1060	4
911	584	3
911	548	3
911	383	3
911	374	1
911	203	4
911	228	4
911	443	4
911	176	4
911	185	5
911	431	4
911	923	4
911	727	2
911	197	4
738	144	5
738	169	5
738	176	5
738	82	5
738	385	5
738	183	5
738	205	5
738	1	5
738	69	5
738	603	5
738	527	5
738	135	5
738	50	5
738	210	5
738	318	5
738	180	5
738	193	5
738	96	5
738	89	5
738	164	5
411	276	3
411	1	4
411	50	5
411	172	5
411	709	5
411	168	5
411	265	5
411	194	5
411	186	5
411	210	5
411	181	5
411	258	4
411	174	4
411	568	4
411	79	4
411	4	4
411	770	4
411	73	4
411	732	4
411	451	4
411	566	4
411	318	4
411	1470	3
411	58	3
411	196	4
411	527	4
411	28	4
411	603	5
411	485	4
411	1197	4
532	754	4
532	470	5
532	226	4
532	298	4
532	339	5
532	229	5
532	562	5
532	559	5
532	241	5
532	636	5
532	520	5
532	655	5
532	204	5
279	434	4
279	919	3
279	586	4
279	1047	4
279	130	1
279	1132	1
279	421	3
279	744	2
279	94	3
279	230	4
532	403	4
532	136	5
279	269	4
532	87	5
532	215	5
532	763	5
532	840	4
532	24	5
532	22	5
532	483	5
532	96	5
13	916	4
13	914	2
587	272	5
587	313	5
587	315	4
587	302	3
587	269	3
587	288	4
587	316	4
587	286	4
587	310	3
587	307	4
587	914	4
587	937	4
587	691	4
587	333	4
587	303	4
587	305	4
587	268	4
587	258	4
587	262	4
587	895	4
587	322	3
587	321	2
587	918	3
587	289	3
587	750	3
587	319	3
587	304	4
587	292	3
587	938	2
587	340	5
587	332	4
587	334	3
587	300	4
587	886	2
587	270	4
587	331	3
587	294	3
587	301	3
587	749	2
587	347	3
587	259	4
655	1645	4
655	1650	4
587	327	3
587	690	3
587	1265	4
587	325	5
587	245	1
587	260	4
587	328	1
587	873	3
587	323	4
587	326	3
587	339	3
587	358	3
587	887	2
587	271	4
587	343	4
587	1483	4
587	682	3
587	330	3
587	350	3
587	877	2
587	264	4
587	349	3
587	243	3
587	539	3
587	689	1
587	989	2
587	748	1
587	678	2
587	261	3
587	338	4
587	892	3
587	875	1
587	680	1
587	890	1
587	905	3
587	995	3
587	342	1
587	688	3
587	879	1
587	266	1
587	876	2
587	880	3
587	312	2
587	888	3
587	902	2
587	916	3
587	355	3
587	681	2
587	881	2
587	988	2
587	878	2
587	308	3
587	687	1
587	351	2
587	353	2
587	1625	4
587	1624	2
883	752	4
796	271	5
796	873	3
796	339	2
379	306	3
379	393	4
379	1113	4
379	577	4
379	345	3
379	1022	3
379	496	5
379	188	4
379	701	4
56	143	3
56	755	3
56	871	2
56	151	4
56	399	4
56	1035	4
56	623	3
56	63	3
56	225	2
56	94	4
56	862	3
56	78	3
56	383	2
56	1036	2
56	201	4
56	164	4
56	559	4
56	144	5
56	568	4
56	550	4
56	720	3
56	797	4
56	578	3
56	161	4
56	62	5
56	849	2
56	29	3
56	68	3
56	231	3
56	373	4
56	391	3
56	66	3
56	153	4
56	154	2
56	25	4
56	1028	4
56	715	1
56	1047	4
56	372	3
56	235	1
56	410	4
56	585	3
56	728	3
56	376	3
56	575	3
56	122	2
56	167	3
56	386	3
56	158	3
56	1092	3
56	368	3
56	395	3
655	1268	3
776	486	4
776	607	4
776	760	3
776	185	4
776	443	3
776	234	5
776	164	3
776	5	4
776	675	3
776	219	3
776	218	4
776	674	3
776	436	4
776	217	4
776	670	3
776	559	4
776	567	2
776	184	4
776	672	3
776	200	4
776	637	3
776	860	3
776	145	2
776	569	3
776	441	2
776	635	4
776	816	2
776	444	2
776	769	3
776	590	1
776	437	1
776	564	3
776	440	2
776	706	3
776	439	1
776	551	3
776	667	2
776	442	2
776	438	2
738	916	3
738	313	5
738	269	2
738	751	3
738	271	3
738	343	3
738	517	3
738	199	4
825	111	3
825	844	2
738	651	4
738	127	4
738	969	4
738	265	4
880	310	3
880	272	5
738	177	4
880	307	4
880	269	4
880	268	5
880	1296	3
880	346	5
880	316	5
738	211	3
738	203	3
738	136	4
880	315	5
880	329	4
880	748	4
880	342	3
880	902	4
880	347	5
880	245	2
880	876	4
880	348	4
880	881	4
880	260	4
880	299	4
880	243	2
880	1664	4
880	246	5
880	248	4
880	295	5
880	287	4
880	992	4
880	1014	4
880	1049	3
880	746	4
807	659	4
807	1409	4
807	625	3
807	2	4
807	546	4
807	403	4
807	62	3
807	420	3
807	102	4
807	842	4
807	1078	4
807	417	3
807	550	5
102	350	3
102	175	4
102	13	3
102	202	4
102	88	3
102	785	2
102	153	2
102	778	3
102	652	2
102	49	2
102	66	3
102	73	3
102	792	3
102	163	2
102	211	3
102	746	2
102	663	3
102	393	3
102	866	2
102	94	2
102	235	3
102	67	1
102	396	2
102	386	2
102	411	2
102	734	2
102	476	3
102	384	2
102	409	2
102	577	3
102	167	2
102	856	2
102	1052	2
102	1030	1
655	131	2
860	1602	3
416	1226	3
532	918	4
532	1226	4
332	302	5
332	728	4
332	264	3
58	1069	2
880	762	4
880	815	4
796	778	4
796	821	4
796	237	5
796	736	3
796	274	5
796	747	4
796	202	4
796	451	5
796	213	4
796	716	3
796	371	5
796	662	5
796	739	5
796	517	2
796	549	3
796	381	3
796	553	4
796	26	2
796	280	4
796	781	4
796	66	5
796	724	2
796	155	5
796	732	5
796	869	4
796	1041	5
796	785	5
796	49	3
796	88	5
796	111	4
796	1048	2
796	402	5
796	796	4
796	731	3
796	794	4
796	815	4
796	86	5
796	949	4
796	722	3
796	1040	3
796	1297	2
796	387	3
796	1074	1
796	765	3
796	783	4
796	807	2
796	775	2
796	728	3
796	1037	2
796	36	1
796	1057	2
796	934	3
796	746	3
796	655	3
796	516	4
796	209	3
796	211	3
796	236	4
796	367	5
796	4	5
796	385	5
796	182	4
796	566	4
796	2	5
796	161	5
796	230	5
796	226	3
796	147	5
796	403	4
796	530	3
796	229	3
796	233	4
796	809	4
796	227	4
796	399	4
796	33	3
796	679	4
796	118	4
796	546	4
796	636	2
796	38	5
796	570	2
796	849	4
796	62	4
796	720	4
796	578	4
796	576	3
796	39	3
796	550	3
796	449	4
796	810	3
796	231	3
796	761	3
796	665	2
796	29	3
796	540	2
796	779	3
796	554	2
796	1303	2
796	53	1
796	391	4
796	1228	4
796	232	3
796	797	3
796	586	3
796	831	2
796	826	2
796	1407	3
796	450	3
334	1525	4
407	313	4
776	648	3
776	661	5
807	380	4
807	386	4
807	101	4
807	720	4
807	399	4
807	384	4
407	269	3
807	151	4
807	946	3
247	750	4
247	272	4
247	100	3
247	251	4
247	7	4
247	151	4
247	340	3
247	181	4
247	58	4
247	257	4
247	121	4
247	300	2
247	259	3
247	222	3
247	751	3
247	271	2
807	570	4
807	1066	5
807	998	3
807	576	4
807	373	4
807	542	5
807	1076	3
807	398	3
807	139	2
807	826	3
807	1034	5
807	1411	1
807	1444	3
807	415	3
807	1091	3
807	422	4
807	930	5
807	449	5
807	450	4
807	374	3
807	1274	3
807	743	3
807	1413	2
807	541	4
807	602	5
807	298	4
807	1016	4
807	257	4
807	250	4
807	1615	4
807	252	4
807	1089	4
807	1138	5
807	254	4
851	915	5
247	1022	4
247	28	5
247	258	5
247	736	5
247	111	5
247	1	4
247	64	5
247	70	5
247	269	4
247	50	5
483	743	1
483	1152	4
561	362	2
85	340	3
85	182	4
85	316	3
85	272	4
751	916	1
532	916	3
532	1594	4
532	914	5
532	95	5
532	132	5
532	304	5
532	66	5
532	203	5
532	576	5
532	230	5
532	402	5
532	228	5
532	739	5
532	472	5
532	117	5
532	1	5
532	658	5
532	591	5
532	100	5
532	2	5
532	692	5
532	404	5
532	282	5
532	588	5
532	1119	5
532	97	5
532	107	5
532	125	5
532	7	5
532	8	5
532	4	5
532	526	5
532	99	5
532	216	5
532	98	5
532	127	5
532	746	5
532	284	5
532	9	5
532	277	5
532	367	5
532	318	5
532	12	5
532	1011	5
532	468	5
532	11	5
532	480	5
532	491	5
532	531	5
532	485	5
532	603	5
532	496	5
699	340	4
699	886	3
699	333	3
699	307	3
699	269	4
699	270	4
699	300	3
699	749	3
699	880	3
416	916	3
416	469	4
416	274	4
416	284	4
416	1133	4
416	96	4
416	775	4
416	1540	4
416	49	4
416	781	4
416	710	4
416	77	4
533	297	4
533	303	4
828	1646	4
828	246	2
828	301	2
828	70	3
828	985	3
796	15	4
796	43	4
796	735	2
796	699	4
796	291	4
796	1055	3
796	1285	4
796	693	3
500	313	3
796	31	4
796	164	3
796	185	4
796	5	4
796	218	3
796	1217	3
796	1046	3
796	77	5
796	356	4
796	649	3
796	159	3
796	54	4
796	1042	4
796	628	4
796	974	3
796	1522	3
796	717	3
796	106	2
796	564	1
796	281	4
796	928	2
796	1090	4
796	977	2
328	313	4
328	915	3
328	344	4
328	916	2
328	903	3
328	1483	4
328	1106	2
328	912	3
328	911	3
796	443	2
416	768	3
416	85	3
416	1229	2
416	1	5
416	966	5
416	915	5
416	1020	5
416	603	5
416	1594	5
416	692	5
416	275	5
416	8	5
416	87	5
416	277	5
416	367	5
416	531	5
416	1426	5
416	12	5
416	614	5
416	496	5
416	223	5
416	9	5
416	500	5
416	607	5
416	22	5
416	763	5
416	13	5
416	402	5
416	812	4
416	625	5
416	451	5
416	136	5
416	924	5
416	239	5
416	148	5
416	403	5
416	24	5
416	50	5
416	144	5
416	31	5
416	147	5
416	727	5
416	28	5
416	699	5
416	591	5
416	462	5
416	51	5
416	155	5
416	100	5
416	156	5
416	729	5
416	739	5
416	378	5
416	54	5
416	64	5
416	58	5
416	56	5
416	747	5
416	107	5
416	286	5
416	168	5
416	65	5
416	117	5
416	181	5
416	794	5
416	1262	5
416	66	5
416	70	5
416	427	5
416	293	5
416	191	5
416	356	5
416	1058	5
416	385	5
416	576	5
416	655	5
416	1221	5
416	281	5
416	248	5
416	1074	5
416	197	5
416	126	5
416	200	5
416	659	5
416	660	5
416	732	5
416	959	5
416	204	5
416	81	5
416	251	5
416	79	5
416	295	5
416	684	5
416	213	5
416	216	5
416	686	5
416	83	5
416	1016	5
416	82	5
416	746	5
416	319	5
416	392	5
416	317	5
416	97	5
416	443	5
416	468	5
416	1516	5
416	1286	5
416	735	5
416	676	5
416	318	5
416	232	5
416	258	5
416	98	5
416	328	5
416	234	5
416	215	5
416	588	5
416	121	5
416	357	5
416	405	5
416	873	5
416	471	5
416	283	5
416	288	5
416	282	5
416	301	5
416	172	5
416	241	5
416	127	5
416	265	5
416	125	5
416	476	5
416	174	5
416	1189	5
416	479	5
416	480	5
416	501	5
416	143	5
416	1007	5
416	627	5
416	210	5
416	178	5
416	150	5
416	506	5
416	211	5
416	326	5
416	421	5
416	255	5
416	164	5
416	515	5
416	509	5
416	194	5
416	302	5
416	936	5
416	173	5
416	690	5
416	183	5
416	750	5
416	195	5
416	754	5
416	187	5
416	196	5
416	310	5
416	339	5
416	199	5
416	657	5
416	304	5
416	1119	5
416	520	5
416	313	5
416	526	5
416	658	5
416	209	5
416	918	4
416	272	5
416	917	4
416	345	5
416	942	4
416	347	4
416	755	4
416	1483	4
416	354	4
796	200	5
796	559	3
796	219	4
796	447	3
796	672	3
796	145	2
796	448	4
796	573	4
796	565	3
796	217	4
796	396	2
796	769	4
796	859	2
796	87	5
796	588	5
796	143	5
796	432	2
796	378	4
796	63	3
796	71	4
796	99	3
796	151	5
796	418	4
796	417	4
796	393	4
796	871	1
796	419	5
796	91	2
796	755	4
796	768	2
796	94	3
796	776	4
796	389	4
796	623	3
796	409	3
796	1076	2
796	1049	4
796	988	3
796	1001	2
796	1415	3
796	932	4
796	78	3
796	795	3
796	542	3
796	401	3
796	1032	3
796	112	4
796	1036	4
407	7	4
159	877	3
159	333	5
159	918	4
159	258	4
159	876	2
159	260	2
159	259	4
159	358	1
159	328	3
159	299	3
159	873	2
159	880	1
159	1025	2
159	881	1
56	295	3
189	313	2
189	14	5
189	9	3
189	100	4
189	127	4
189	50	5
189	297	3
189	181	3
189	246	4
189	124	5
189	532	4
189	847	4
189	253	4
189	1	5
189	248	4
189	275	5
189	294	5
189	13	4
189	1315	3
189	24	4
189	742	3
189	1115	4
189	276	3
189	7	3
189	283	5
189	1060	5
189	15	2
189	10	5
189	16	3
189	129	3
189	151	5
189	137	4
189	596	3
189	1372	4
189	20	5
189	405	2
189	473	5
189	815	3
189	459	4
189	21	2
189	952	5
189	934	2
189	1117	5
189	225	4
189	118	1
189	274	4
189	281	2
189	820	1
189	121	2
189	990	3
189	105	2
189	120	1
189	751	4
189	914	2
189	268	4
189	657	5
189	479	5
189	1056	3
189	174	5
189	618	2
189	173	5
189	318	5
189	178	5
189	59	3
189	176	4
189	474	5
189	134	5
189	505	5
189	603	5
189	199	5
189	56	5
189	654	3
189	197	5
189	480	5
189	483	5
189	527	5
189	531	3
189	511	4
189	638	5
189	1154	3
189	170	4
189	496	5
189	520	5
189	234	5
189	191	5
189	185	5
189	652	5
189	194	5
189	489	5
189	1065	5
189	79	3
189	216	5
189	179	5
189	1098	4
189	175	5
189	634	3
189	492	3
189	135	4
189	165	5
189	136	4
189	517	4
189	516	1
189	487	5
189	656	4
189	705	4
189	661	4
189	523	4
189	499	4
189	89	5
189	632	5
189	83	4
189	198	4
189	166	4
189	1020	4
189	204	5
189	855	3
189	45	3
189	238	5
189	172	5
189	99	5
189	1400	3
189	91	3
189	485	4
189	8	5
189	131	4
189	462	5
189	4	5
189	180	5
189	792	5
189	60	3
189	663	3
189	498	5
189	133	5
189	423	5
189	659	4
189	209	1
189	647	4
189	317	4
189	61	3
189	513	4
189	132	5
189	157	4
189	639	4
189	501	4
189	1403	4
189	203	3
189	694	4
189	525	5
189	241	3
189	1005	4
189	96	5
189	582	5
189	31	3
189	143	5
189	186	2
189	1402	4
189	1099	5
189	486	5
189	484	5
189	588	4
189	1401	4
189	503	3
189	378	4
189	207	5
189	863	4
189	196	5
189	607	4
189	418	3
189	526	4
189	30	4
189	568	4
189	162	3
189	1021	5
189	28	4
189	1404	5
189	510	5
189	214	1
189	433	5
189	500	5
189	630	4
189	44	4
653	272	4
653	245	4
189	732	2
189	255	2
189	381	3
189	97	4
189	150	4
189	512	4
796	485	4
796	855	3
661	272	4
479	915	4
683	313	2
683	269	3
683	900	1
683	915	2
683	286	2
683	258	3
683	311	3
683	270	3
683	303	3
683	914	2
683	880	3
683	259	3
683	328	2
683	245	2
683	300	3
683	331	2
683	301	2
683	322	2
683	323	3
683	678	1
683	358	2
683	264	2
683	879	3
683	332	3
683	299	3
683	1280	3
683	682	1
683	344	3
683	895	2
683	312	3
683	271	3
683	754	3
683	350	2
683	308	3
683	315	4
729	690	2
729	346	1
729	310	3
683	511	5
683	321	5
683	132	5
683	302	5
683	607	5
683	513	5
683	316	4
683	347	4
683	62	4
683	133	5
683	288	3
683	272	4
683	327	4
683	690	4
683	289	4
683	340	4
683	887	4
729	288	2
683	305	4
683	268	4
683	906	4
729	879	3
729	294	2
729	751	3
683	911	3
683	1483	3
683	294	3
683	325	2
683	683	3
683	354	3
683	346	4
683	306	3
683	748	3
683	307	3
683	56	5
729	338	1
729	901	1
683	127	4
683	187	5
683	317	4
683	609	3
729	683	2
729	894	1
683	472	3
683	626	3
683	22	4
683	588	4
683	248	4
729	354	5
729	322	4
729	362	4
729	272	4
729	689	4
729	313	3
729	300	4
729	333	4
729	748	4
729	328	3
