412	288	4
412	340	4
412	114	4
412	634	5
412	318	5
412	174	5
412	969	3
412	508	4
412	28	4
412	1	4
412	182	4
412	202	3
412	427	4
412	408	4
412	169	4
412	154	3
412	186	5
412	56	5
412	724	4
412	487	3
412	218	3
412	23	4
412	480	4
412	117	4
412	211	4
412	24	3
412	4	3
412	214	3
412	939	4
412	175	4
412	96	5
412	684	4
412	92	3
412	70	4
412	172	5
412	7	5
412	64	4
412	357	4
412	651	4
412	431	4
412	193	4
412	276	5
412	526	4
412	135	4
412	150	4
412	195	4
412	208	4
412	173	5
412	436	4
412	206	2
412	81	2
186	258	1
186	299	3
908	300	3
908	288	4
908	322	2
908	264	3
908	525	4
908	98	5
908	648	4
908	55	3
908	7	3
908	484	4
908	603	4
908	496	5
908	50	4
908	963	4
908	528	4
908	183	4
908	204	4
908	100	4
908	515	4
908	192	2
908	709	4
908	69	3
908	133	5
908	156	3
908	12	3
908	694	4
908	174	3
908	200	2
908	427	5
908	488	4
908	56	4
908	482	3
908	558	4
908	127	4
908	124	3
908	209	3
908	318	5
908	483	4
908	181	3
908	527	3
908	481	3
908	195	4
908	701	4
908	172	3
908	185	4
908	423	4
908	657	4
908	654	3
908	123	3
908	447	3
908	79	4
908	144	4
908	151	3
908	419	4
908	173	3
908	205	3
908	194	3
908	147	2
908	96	4
908	223	4
908	732	3
908	591	4
908	663	3
908	479	4
908	414	3
908	357	3
908	494	3
908	478	4
908	111	3
908	28	4
908	216	3
908	47	3
908	434	4
908	631	4
202	242	3
202	286	1
202	258	4
202	269	4
202	481	1
202	515	1
202	172	3
202	516	4
202	173	2
202	195	4
202	604	5
202	204	3
202	96	4
202	1	3
202	423	3
202	318	1
202	283	3
202	484	4
202	191	2
202	179	1
904	288	4
904	300	4
904	328	2
904	682	4
904	289	5
904	9	4
904	117	4
904	181	3
904	628	3
904	255	5
904	535	3
904	275	5
904	216	4
904	173	3
904	736	4
904	709	3
904	694	3
904	1152	4
904	237	5
904	274	5
904	451	4
904	202	2
904	747	4
904	732	3
904	278	5
904	155	4
904	724	4
904	762	2
904	66	4
904	111	4
904	739	4
904	280	5
904	781	4
904	97	4
904	778	3
904	815	4
904	402	4
904	88	3
904	553	3
904	1074	4
904	796	3
904	1041	2
904	794	4
904	785	5
904	90	2
904	421	5
904	603	4
299	305	3
299	271	3
242	294	4
385	305	4
242	475	3
242	283	4
242	1	4
242	291	3
242	237	4
242	1011	3
242	1152	5
242	1357	5
242	111	4
242	740	5
242	1137	5
242	934	5
242	275	5
242	1355	5
242	268	5
242	331	5
242	361	5
242	305	5
242	306	5
422	271	3
422	682	2
422	339	2
422	307	4
422	590	2
422	201	4
422	98	5
422	854	4
422	185	4
422	234	4
422	200	5
422	448	4
422	436	3
422	184	4
422	559	3
422	5	3
422	558	4
422	219	4
422	218	4
422	672	3
422	447	4
422	671	4
422	665	5
422	670	2
422	217	3
422	396	4
422	561	3
422	452	3
422	441	4
422	773	3
422	53	4
422	379	2
422	567	3
422	551	2
422	859	3
422	563	3
422	370	2
422	760	3
385	171	3
533	289	2
533	1282	3
533	107	3
286	269	5
286	301	5
286	340	4
286	1014	5
286	285	1
286	211	4
403	258	4
403	50	5
403	288	4
403	471	5
403	129	4
403	7	5
403	515	4
403	181	4
403	276	4
403	111	4
403	1	4
403	100	5
403	118	5
403	928	3
403	282	5
403	9	3
403	147	5
403	845	4
403	240	1
403	106	2
403	257	2
403	123	3
403	117	4
403	235	5
403	477	4
403	1012	1
403	222	5
403	127	4
403	546	3
403	121	5
403	237	5
403	151	4
403	866	4
403	148	5
403	1047	2
403	748	5
403	274	3
403	685	4
446	340	2
446	306	3
446	879	3
403	864	4
403	405	5
403	597	2
446	883	3
446	292	5
446	288	2
446	301	3
446	307	3
446	268	2
446	690	2
446	270	4
446	321	4
446	338	2
446	887	4
446	880	2
446	326	2
446	289	3
446	328	3
446	294	1
446	688	2
446	299	2
446	332	3
446	300	3
446	334	3
446	748	2
446	322	3
446	359	3
446	245	4
672	269	3
672	301	4
672	321	4
634	760	3
672	874	4
634	762	3
672	280	2
672	127	4
672	220	2
446	286	3
446	269	4
446	302	4
672	50	3
539	289	4
539	303	5
539	242	5
539	269	5
539	319	5
539	258	4
539	301	5
539	306	4
539	340	2
539	286	4
539	367	3
539	69	5
672	237	2
672	515	5
539	382	5
446	327	2
446	754	3
446	311	2
446	303	2
446	888	1
539	275	4
539	357	4
672	15	3
672	124	3
672	275	5
539	496	3
539	372	2
539	603	4
539	197	5
539	19	5
539	204	4
539	238	3
539	661	5
539	56	2
539	127	3
539	640	2
539	487	3
539	185	4
539	483	5
539	527	4
539	50	3
539	133	4
539	131	4
539	58	3
539	962	4
539	22	3
539	59	5
539	132	5
82	310	4
82	326	2
539	236	3
539	45	4
539	660	5
539	1211	3
539	202	5
539	956	5
539	124	4
539	155	4
539	170	5
539	153	5
539	610	4
539	963	4
539	239	3
539	481	4
539	531	4
539	163	4
539	215	4
539	285	4
672	181	3
749	271	5
672	109	4
672	281	3
672	815	4
749	298	4
672	284	4
672	1028	4
672	25	5
672	931	1
672	756	2
672	864	3
672	255	2
672	225	2
672	1190	2
672	476	5
672	1061	4
672	1023	2
403	472	4
403	291	4
403	760	1
403	370	3
403	284	1
403	410	2
403	476	4
403	925	4
403	1199	2
262	121	3
262	147	3
262	252	3
262	7	4
262	278	3
262	235	2
262	255	3
262	931	2
262	293	2
262	762	2
262	929	3
262	546	2
262	411	2
262	369	2
262	473	2
262	815	2
262	1048	2
262	974	3
262	1013	2
262	1054	2
262	122	2
262	1095	2
262	406	3
262	1147	4
262	419	3
262	195	2
262	433	4
262	55	3
624	286	5
624	258	4
262	223	3
624	327	4
262	169	3
262	172	2
624	333	4
624	271	3
624	340	3
624	288	4
262	86	3
262	174	3
624	321	4
624	690	4
624	268	4
262	427	4
262	443	3
262	56	4
624	294	3
624	245	3
624	748	3
624	328	4
624	301	3
624	881	3
624	300	4
624	678	3
624	323	2
624	879	3
262	28	3
624	886	4
624	260	2
624	876	3
262	99	3
624	1017	3
624	127	4
262	52	3
262	98	4
262	421	4
624	534	3
624	236	3
624	124	4
624	181	4
624	298	4
624	126	4
262	496	4
624	25	4
624	117	3
624	276	5
262	58	3
262	22	4
624	150	4
624	275	4
624	246	4
624	471	4
624	924	4
624	741	4
624	285	5
624	93	5
624	544	4
624	1114	4
624	591	3
624	147	4
624	1	4
624	50	5
624	919	4
624	100	5
716	300	5
262	955	2
262	132	3
262	650	4
624	137	4
624	14	5
624	293	4
624	250	4
624	7	4
716	340	3
624	763	3
624	405	4
624	111	3
262	91	3
262	238	4
262	625	3
262	949	4
262	559	3
406	185	5
406	56	5
406	172	5
406	154	5
406	175	5
406	48	5
406	647	5
406	285	5
406	511	5
406	318	5
262	217	3
262	367	4
262	509	3
406	436	4
406	218	3
406	234	4
406	671	5
406	184	2
406	675	4
406	674	4
406	443	4
406	219	3
262	727	3
406	447	4
406	672	2
406	444	3
406	665	3
406	217	4
406	53	4
406	670	3
262	210	3
406	396	3
406	561	3
406	559	3
406	569	3
406	563	1
569	258	5
569	286	5
569	302	4
716	260	1
406	452	2
406	769	1
262	699	5
262	318	5
262	191	4
262	64	5
262	96	4
569	333	3
569	300	3
262	588	4
569	340	4
406	99	5
406	418	5
406	588	4
406	432	5
406	71	3
406	95	4
406	501	5
624	508	4
624	473	3
624	742	4
624	1289	3
624	125	3
624	546	3
569	321	4
406	420	4
406	624	5
406	101	3
624	273	4
624	845	3
624	240	2
624	952	3
624	597	3
569	325	1
569	294	2
569	301	4
624	870	4
624	1010	4
624	121	3
624	235	4
624	410	4
262	185	3
624	237	4
624	815	3
406	652	2
406	213	2
406	198	2
262	491	3
716	50	5
716	1	5
716	222	4
624	628	4
624	864	3
624	477	3
624	108	3
406	212	2
406	190	5
262	216	3
716	181	4
624	696	4
624	475	4
624	1048	4
624	123	3
569	288	3
569	748	2
406	52	5
406	921	4
406	26	3
406	30	4
569	328	4
716	293	4
406	463	5
406	381	3
624	257	3
624	411	4
624	1120	4
716	127	5
716	515	5
716	248	4
716	283	4
406	86	4
406	582	4
406	70	3
406	382	5
406	639	4
406	702	3
406	971	3
406	640	3
624	1067	4
624	762	4
624	15	4
624	282	4
262	153	3
624	1059	1
624	455	3
624	980	4
262	485	4
716	13	2
406	737	3
716	628	3
406	960	2
624	249	3
624	24	3
569	1	4
624	1089	2
624	619	3
624	595	3
624	1095	2
624	1012	4
624	255	3
624	3	3
624	122	3
624	1047	3
624	866	3
716	111	4
569	1197	4
716	257	5
569	281	3
569	471	3
262	69	4
624	248	4
624	1028	3
624	993	4
569	9	5
569	276	4
716	282	3
716	275	5
716	298	5
262	95	3
624	979	4
624	928	3
624	295	3
262	778	4
262	631	4
716	117	4
624	278	4
624	831	3
624	833	4
624	1016	3
624	824	2
262	11	4
716	274	5
716	151	5
262	747	4
716	294	4
262	204	3
262	781	3
716	740	4
262	617	3
569	50	5
569	237	4
569	475	3
569	236	4
262	609	3
716	25	4
569	248	4
716	118	2
569	298	3
569	100	5
569	924	3
569	25	4
569	508	3
569	273	3
716	405	4
716	237	5
569	117	3
569	283	4
569	676	4
569	13	3
262	735	4
262	423	4
262	420	3
569	124	5
569	284	4
262	65	4
569	126	5
569	7	4
262	655	4
262	365	4
569	14	4
569	151	5
569	979	3
569	111	3
262	143	3
569	295	3
716	1016	3
716	472	3
569	685	4
716	546	1
262	568	3
716	284	3
716	121	5
569	19	5
262	393	2
716	235	2
716	866	3
716	1047	3
262	92	3
262	219	3
262	447	3
262	418	3
569	118	4
569	455	3
569	222	3
569	15	4
262	432	3
716	108	2
262	1220	4
262	486	5
569	546	3
569	257	4
262	66	3
569	125	3
569	16	3
569	291	4
262	785	3
262	234	3
716	473	4
569	277	2
569	225	3
716	826	2
262	660	4
716	823	3
262	755	3
262	44	2
262	451	4
716	105	2
716	225	3
569	458	2
569	405	3
262	1035	3
262	1135	3
262	47	2
716	696	2
262	140	2
569	826	3
569	756	3
262	581	3
569	121	3
569	473	4
716	122	2
716	412	2
262	959	2
569	762	3
569	274	4
716	506	4
716	95	4
716	603	5
716	419	5
716	180	3
716	525	3
716	28	5
716	969	4
262	736	3
262	77	2
716	661	3
716	490	4
716	228	4
716	192	3
262	68	2
262	821	3
716	601	4
716	705	5
262	82	3
262	200	3
716	487	5
716	491	4
716	202	4
716	79	4
716	177	2
716	520	4
262	71	4
716	197	5
716	318	5
716	659	4
716	662	3
716	31	3
716	97	4
716	481	4
716	174	5
716	480	5
262	385	2
262	402	4
716	503	3
716	604	3
716	135	3
716	435	4
716	486	5
716	707	4
716	1269	4
262	553	4
716	96	2
716	474	5
716	498	5
262	709	5
262	145	1
716	614	4
716	22	5
716	69	5
716	504	5
716	187	3
716	176	3
716	692	5
716	58	5
716	1286	2
716	1203	2
716	216	5
716	133	5
716	234	5
716	615	3
716	526	5
716	178	5
716	432	5
262	90	4
716	1020	5
716	64	5
716	134	5
716	48	5
262	417	2
262	786	3
716	98	5
716	610	4
716	729	2
716	485	5
716	427	5
716	471	2
716	732	5
262	790	3
262	40	4
716	492	3
716	836	4
716	195	1
262	567	1
716	1101	5
716	663	5
716	144	2
716	52	5
716	496	5
716	423	4
716	489	4
716	611	5
262	386	3
569	1284	2
716	511	5
716	172	4
716	494	5
716	204	5
716	209	3
569	3	1
569	252	3
569	287	4
716	194	5
569	1014	3
716	47	3
716	588	4
716	200	4
716	23	4
716	381	4
716	175	2
716	735	5
716	602	5
716	632	4
716	478	4
716	357	5
716	495	4
716	208	5
716	11	4
716	483	5
716	136	5
716	527	5
716	655	4
716	428	3
716	1124	3
716	482	5
716	186	3
716	484	4
716	154	5
716	631	5
716	502	3
716	213	5
716	83	4
716	493	5
716	497	3
716	163	4
716	479	4
716	566	3
716	792	4
716	956	4
716	385	1
716	191	5
716	4	2
716	185	5
716	215	5
716	70	4
716	723	4
716	86	5
716	507	5
716	199	4
716	724	4
716	1126	3
716	82	5
716	241	3
716	630	4
716	648	4
716	143	5
716	56	5
716	211	5
716	488	4
716	606	5
716	99	5
716	605	3
716	501	5
716	650	3
716	651	5
716	183	2
716	425	5
716	162	4
716	153	4
716	203	4
716	131	5
716	514	5
716	609	3
716	416	3
716	505	4
716	443	4
716	205	5
716	132	5
716	404	4
716	91	5
716	837	4
716	81	4
716	519	3
716	193	5
716	196	5
716	393	3
716	468	3
716	88	4
716	418	4
716	430	5
716	210	5
716	636	2
716	161	3
716	949	3
716	946	2
716	660	4
716	568	4
716	218	3
716	420	4
716	675	2
716	72	3
716	1039	5
716	633	4
716	842	3
716	559	2
716	521	3
716	392	2
716	157	3
716	367	4
716	499	4
716	168	5
716	451	4
716	622	3
716	470	4
716	190	5
716	414	4
716	229	3
716	465	5
716	227	3
716	230	3
716	445	3
716	517	5
716	73	4
716	102	2
716	417	3
716	570	3
716	49	4
716	238	4
716	620	3
716	1050	4
716	160	2
716	173	4
716	549	4
716	387	4
716	399	3
716	265	5
716	708	4
716	1113	4
716	159	4
716	627	4
716	965	2
716	673	4
716	141	4
716	142	3
315	286	5
315	302	5
315	269	5
315	303	4
315	324	3
315	301	2
315	523	4
315	318	5
315	127	5
315	137	5
315	1084	4
315	187	4
315	175	5
315	48	4
315	461	4
315	508	4
315	651	3
315	531	5
315	223	5
315	178	4
315	285	5
315	520	4
315	276	4
315	1065	4
315	180	4
315	46	4
315	271	3
315	327	4
860	307	3
123	288	3
123	242	5
123	286	5
123	319	4
123	289	1
123	321	4
123	294	1
123	127	5
123	187	4
123	707	5
123	22	4
123	435	5
833	340	5
833	271	5
833	5	1
833	164	2
833	291	3
833	227	2
833	636	3
833	159	2
833	928	2
833	761	2
833	931	4
833	38	1
833	106	2
833	1210	1
833	977	2
315	8	3
315	194	4
315	209	5
315	17	1
315	100	5
315	238	5
315	173	4
315	475	4
315	168	4
315	56	5
315	202	3
315	433	4
315	211	4
315	186	4
315	93	5
315	4	4
315	645	4
315	382	4
315	216	4
315	792	5
315	746	3
315	25	5
315	428	4
315	154	5
315	204	5
315	13	4
315	709	4
315	732	3
315	163	3
315	504	3
315	176	4
315	98	4
315	654	5
315	23	5
315	12	5
315	203	3
315	55	5
315	673	4
315	603	5
315	183	3
315	185	4
315	642	5
315	156	5
315	657	4
315	513	5
315	431	2
315	121	2
315	230	4
315	31	3
315	770	3
315	288	3
315	79	4
315	466	1
315	234	3
315	273	3
315	164	4
315	741	5
855	165	4
855	512	4
855	170	2
855	171	3
855	462	4
855	475	4
855	283	3
855	45	3
855	86	2
855	638	4
855	919	3
855	59	3
855	855	4
855	60	3
855	179	3
855	510	4
855	1021	3
855	166	4
855	582	3
855	198	4
855	509	3
855	529	4
855	531	3
85	27	4
85	529	3
85	921	3
85	855	3
85	582	4
85	702	2
85	57	5
85	971	3
85	70	4
85	708	4
85	845	3
85	692	3
85	414	4
85	433	3
85	372	4
85	154	4
85	204	4
85	435	4
85	710	2
85	175	4
85	1098	4
85	208	5
85	709	5
85	792	4
85	393	4
85	745	3
85	141	3
85	1167	3
85	519	4
85	515	5
85	28	4
85	127	5
85	87	4
85	199	5
85	215	4
85	521	3
85	697	3
85	664	4
85	660	4
85	282	3
85	378	4
85	97	2
85	58	4
85	782	2
85	658	3
709	959	4
709	173	4
709	318	5
709	215	3
709	64	5
709	129	2
709	69	5
709	209	3
709	181	4
709	79	3
709	7	3
709	265	4
709	50	5
709	427	4
709	633	3
709	508	4
709	183	5
709	144	3
709	1218	4
709	117	4
709	98	4
709	192	4
709	651	4
709	182	4
709	423	3
709	97	5
709	515	4
709	65	2
709	214	1
709	628	3
709	470	3
709	693	4
709	939	4
709	294	3
709	250	4
709	273	4
709	1	4
709	125	4
709	295	3
709	293	4
709	127	5
709	234	5
709	11	5
709	282	5
709	288	5
709	187	5
709	1059	5
709	22	5
709	697	5
709	28	5
709	56	5
709	200	4
709	17	4
709	164	3
709	219	4
709	447	2
709	5	4
709	217	5
709	218	4
709	637	3
709	561	3
709	569	3
709	559	3
709	413	2
709	379	3
709	769	3
709	672	2
709	441	4
709	665	3
709	567	2
709	53	3
709	452	3
709	564	1
709	860	3
709	816	2
709	859	3
709	145	3
709	174	5
709	568	4
709	228	3
709	172	5
709	89	3
709	96	5
709	385	4
709	92	4
709	210	4
709	176	4
709	195	5
709	550	3
709	121	4
709	546	4
709	161	5
709	431	5
709	2	4
709	233	3
709	230	2
709	4	3
709	226	3
709	68	5
709	227	2
709	62	3
709	849	4
709	403	3
709	405	3
709	27	3
709	232	5
709	578	4
709	636	3
709	82	4
709	229	2
709	808	4
709	231	3
709	1188	4
709	541	3
709	29	3
709	576	4
709	363	3
709	38	3
709	825	2
709	540	3
709	554	4
709	833	4
709	472	4
709	118	5
709	841	4
709	597	4
709	762	3
709	747	2
709	451	1
709	727	2
709	739	3
709	402	3
709	781	3
709	728	4
709	155	2
709	738	1
709	203	4
709	823	3
135	324	3
135	288	3
135	321	4
135	294	4
135	327	4
135	260	3
135	325	4
135	258	4
135	475	4
135	744	4
135	173	4
135	183	4
135	12	4
135	603	4
135	653	4
135	56	4
135	176	4
135	23	4
135	98	5
135	185	4
135	228	4
135	234	4
135	203	4
135	939	4
135	55	4
135	265	3
135	227	3
135	79	3
135	449	3
135	230	3
135	504	4
135	452	2
135	229	2
135	233	3
135	443	4
135	5	3
135	431	2
135	642	4
135	566	3
135	33	3
135	470	4
135	581	4
135	39	3
135	943	3
135	564	1
135	379	2
135	226	3
135	1217	2
135	38	3
135	77	4
135	1208	3
135	554	3
135	1046	3
135	54	3
135	802	2
882	288	3
882	294	4
882	258	3
882	748	5
882	243	4
882	988	5
882	117	4
882	471	4
882	222	5
882	815	2
882	275	5
882	121	4
882	405	4
882	15	5
882	290	4
882	151	5
882	237	5
882	7	4
882	455	3
882	1060	3
882	25	2
882	284	3
882	225	5
882	291	4
882	473	3
882	118	4
882	409	4
882	546	2
882	597	4
882	147	4
882	929	1
882	369	3
882	1015	3
882	411	3
882	756	3
882	235	3
882	476	3
882	105	3
882	412	1
882	407	2
882	122	2
882	21	2
882	841	1
882	932	4
882	820	3
116	340	3
116	270	3
116	307	3
882	1052	2
882	1	5
882	526	4
882	510	5
882	174	5
882	204	5
882	183	4
882	8	5
882	357	4
882	419	5
882	69	5
882	172	5
882	132	5
882	746	4
882	56	4
882	205	5
882	515	5
882	180	4
882	432	5
882	568	5
882	98	5
870	494	3
882	496	5
882	429	4
882	133	5
882	196	4
882	193	5
882	1412	3
882	181	5
882	588	4
882	211	4
882	265	5
882	89	5
882	216	4
882	199	5
882	230	5
882	28	5
882	203	4
882	86	5
882	195	5
882	210	4
882	71	5
882	168	5
882	692	4
882	191	5
882	228	5
882	50	5
882	215	5
882	470	4
882	11	4
882	177	5
882	82	5
438	269	4
438	301	4
438	300	4
438	321	5
438	245	5
438	286	2
882	176	4
882	173	5
882	66	4
438	9	4
438	50	5
438	181	4
438	100	4
438	845	4
438	1	4
882	4	4
438	619	4
438	257	4
438	471	4
882	208	5
882	380	5
882	33	2
882	378	5
438	255	4
438	15	4
438	282	5
438	237	5
438	284	2
438	220	4
438	121	5
438	252	4
438	280	5
438	148	5
438	281	4
438	1028	2
438	866	5
438	118	4
438	864	3
438	815	5
438	476	5
438	21	2
123	511	5
123	657	4
123	479	4
123	197	5
123	487	3
123	514	5
123	134	4
123	962	3
123	143	5
123	482	4
123	523	3
123	480	3
123	14	5
123	462	4
123	606	3
123	531	3
123	182	4
123	98	4
123	132	3
123	165	5
123	64	3
123	100	4
123	485	5
123	1269	2
123	135	5
123	735	2
123	504	5
123	23	4
123	427	3
123	483	4
123	192	5
123	704	3
123	432	5
123	185	4
123	847	4
123	50	3
123	9	5
123	275	4
123	276	4
123	285	5
123	255	1
486	690	2
486	328	2
486	286	2
486	889	4
486	333	2
486	302	5
123	13	3
486	262	1
486	242	4
486	882	2
486	306	1
486	268	3
486	689	2
486	258	5
486	270	2
486	331	2
486	327	3
486	880	5
486	299	1
486	301	4
486	321	3
486	872	5
486	288	4
486	304	3
486	332	3
486	294	2
486	748	2
486	305	3
486	887	5
486	336	2
486	324	4
486	289	3
486	322	2
486	264	3
486	325	2
486	874	3
486	879	3
486	678	1
486	883	3
486	292	4
486	307	3
486	319	3
486	995	4
486	1176	3
486	269	4
486	886	3
486	300	4
486	303	4
486	1171	3
486	515	5
486	766	4
486	277	3
486	127	5
486	9	5
486	1375	3
486	718	3
486	408	3
486	181	4
486	285	5
486	1086	3
486	1379	3
486	1589	3
486	1302	3
486	935	4
486	1405	5
486	813	5
486	124	5
486	1137	5
486	293	3
486	246	3
486	275	4
486	251	5
486	1369	3
486	50	5
486	1197	4
486	475	4
486	16	3
486	1598	5
486	297	4
486	936	3
486	93	4
486	281	3
486	237	4
486	236	3
486	295	3
486	591	4
486	1514	4
486	248	4
486	1611	3
486	255	3
486	1093	4
486	111	4
486	742	2
486	1142	5
486	14	5
486	1129	4
486	1143	3
486	547	3
486	508	4
486	250	1
486	7	5
486	975	3
486	284	2
486	818	3
486	1014	3
486	108	4
486	994	3
486	13	4
486	1610	2
326	194	4
326	496	5
326	493	5
326	174	4
486	25	4
486	1094	2
486	150	3
326	168	3
326	613	5
486	1	4
486	10	4
486	532	4
486	273	3
486	298	3
486	137	4
326	435	3
326	515	5
326	97	4
326	170	2
486	713	3
486	1226	4
486	919	3
486	109	3
486	6	4
486	148	2
326	484	5
326	175	1
326	136	4
486	1011	4
486	129	4
486	117	3
486	222	3
486	279	4
486	762	4
326	483	5
326	204	3
326	481	1
326	210	3
326	69	2
326	526	5
486	276	4
486	471	5
486	1017	3
486	1016	2
486	125	3
326	527	5
326	173	5
326	525	5
326	22	4
486	1202	4
486	845	4
326	64	4
326	474	5
486	459	2
486	405	4
486	221	4
486	1134	3
486	151	2
486	696	3
486	864	3
326	523	4
326	96	3
486	20	3
486	458	3
486	950	4
486	924	3
326	612	2
326	498	5
326	478	3
326	98	5
326	50	5
326	528	3
326	646	2
326	969	4
326	520	5
326	654	1
486	1272	3
486	846	2
326	178	5
326	429	5
486	597	3
486	121	3
486	146	2
486	473	3
486	685	3
486	825	2
326	603	4
326	419	3
326	185	5
326	434	5
326	79	4
486	244	3
486	1609	3
486	1082	2
486	741	3
326	187	1
326	317	3
326	1126	2
486	147	2
486	280	2
486	544	4
326	505	3
326	154	2
486	123	3
486	628	3
486	282	2
486	15	3
486	287	4
486	257	3
486	460	4
486	1047	2
486	831	3
486	252	3
486	3	2
486	1079	2
486	1322	3
486	823	4
486	235	2
486	476	3
486	21	3
326	659	4
326	132	4
326	89	4
326	705	3
326	521	2
486	595	2
486	106	1
486	926	2
87	300	3
326	172	4
326	657	5
326	508	3
326	479	5
326	655	5
486	546	2
486	717	2
486	620	2
486	245	3
486	220	3
326	675	4
326	180	1
326	8	4
326	131	2
486	100	5
486	1120	3
87	303	3
326	427	4
326	485	5
326	127	1
326	837	4
326	205	4
326	519	5
326	48	3
326	208	3
326	199	5
326	611	3
326	468	3
326	237	2
326	181	4
326	511	4
326	514	3
326	239	3
326	318	5
326	500	3
326	433	2
326	648	5
326	86	2
87	179	4
87	48	4
87	523	5
87	199	5
87	180	4
87	64	5
87	135	5
326	651	4
326	588	3
326	480	4
326	56	2
326	197	1
326	202	4
326	378	4
326	615	4
326	616	5
87	144	4
87	96	5
87	183	4
87	210	5
87	7	4
87	195	5
87	174	5
87	172	5
87	182	4
326	153	4
326	195	4
87	684	5
87	55	4
87	82	5
87	566	5
326	241	3
326	530	5
326	234	3
326	134	3
87	22	4
87	435	5
87	510	5
87	188	4
87	385	5
87	230	5
87	568	5
87	89	4
326	196	4
326	183	5
326	44	1
326	633	4
326	135	3
326	9	1
87	685	3
87	79	5
87	273	3
326	507	2
326	161	3
87	228	5
87	651	4
87	1187	2
87	405	4
87	161	5
87	121	5
326	609	3
326	608	4
87	222	4
87	554	4
87	177	5
87	1181	3
87	578	3
87	802	4
87	38	5
326	282	2
87	1183	3
87	39	3
87	403	3
87	62	5
87	472	4
87	808	3
87	849	5
87	679	3
87	233	4
87	27	4
87	128	3
87	229	4
87	232	3
87	68	3
87	546	3
87	1184	3
87	2	4
87	550	4
87	281	4
87	1188	2
87	231	3
87	449	3
87	810	3
326	144	5
326	701	4
326	510	5
326	1	3
326	423	3
87	118	4
87	576	3
87	570	3
326	211	4
326	176	2
87	515	4
87	181	5
87	1016	4
87	127	4
87	50	5
87	252	3
87	1089	3
326	491	4
326	216	2
326	141	3
87	323	3
87	254	4
326	54	3
87	535	4
326	393	4
326	671	3
87	1190	4
87	208	5
87	66	5
87	202	5
87	194	5
87	204	5
87	8	5
87	451	4
87	70	5
87	216	5
87	648	5
87	100	5
87	382	3
87	33	3
87	209	5
326	265	4
326	550	5
87	4	5
87	502	5
87	781	5
87	56	4
326	503	3
87	845	4
87	152	4
87	154	4
87	49	5
87	692	5
87	372	3
87	410	4
882	70	3
882	582	5
882	131	4
882	465	3
87	477	3
87	789	3
87	1072	3
87	111	4
87	47	3
87	88	5
87	514	4
87	414	3
87	239	4
87	201	2
326	4	1
326	501	3
87	367	4
87	433	3
87	732	4
87	94	4
87	153	5
87	167	4
87	393	4
87	238	3
87	13	3
87	186	5
87	274	4
87	871	4
87	728	4
87	801	3
882	559	3
882	143	4
882	566	4
882	135	5
882	202	4
87	25	4
87	211	5
87	709	3
87	1049	3
87	321	2
87	1074	3
87	401	2
87	996	3
87	944	5
87	72	3
87	775	2
87	63	4
326	228	4
326	82	3
326	182	2
326	230	3
326	177	3
326	385	3
326	568	4
87	715	3
87	790	4
87	1185	4
87	1186	3
87	702	3
87	40	3
326	227	3
326	233	4
326	679	3
326	232	2
326	229	3
87	1028	4
87	411	4
87	722	4
326	33	2
326	665	1
326	226	5
326	397	3
326	849	1
326	720	2
326	403	3
326	399	4
326	554	3
326	391	4
326	38	3
87	629	4
87	386	2
87	765	3
87	67	4
87	1118	3
87	1041	4
87	585	4
882	427	5
882	684	3
326	449	3
326	1231	3
326	53	1
87	1182	3
87	824	3
87	926	4
326	566	4
87	804	3
87	163	4
87	73	3
87	1180	3
87	384	4
87	90	2
87	577	4
87	1179	3
87	409	3
326	732	5
326	186	4
882	95	4
326	663	1
87	780	4
87	120	2
87	158	3
87	21	3
87	1000	3
326	90	1
326	790	1
87	1178	3
87	235	3
87	575	3
87	866	4
326	451	2
326	88	2
87	1079	2
87	476	2
87	80	4
882	1444	4
882	185	5
326	367	3
326	72	2
326	1118	2
87	598	2
87	783	4
87	796	4
87	396	1
87	1177	1
87	1047	3
87	791	2
326	428	5
326	67	2
326	386	5
326	94	4
326	780	2
326	944	2
326	443	5
326	219	2
326	448	3
326	200	2
326	436	3
326	670	3
326	447	4
87	297	3
326	444	4
326	559	3
326	445	4
326	441	2
326	674	3
326	563	3
326	452	3
326	565	3
326	564	3
87	318	4
87	519	4
87	196	5
87	628	4
87	496	5
87	423	3
87	134	4
87	657	4
87	705	4
87	192	3
87	521	3
87	157	3
87	427	4
87	97	5
87	132	5
87	491	5
87	87	4
87	9	4
87	1189	5
882	96	4
882	423	5
882	79	5
882	99	5
108	319	5
108	748	3
108	294	4
108	304	3
882	194	3
108	127	4
108	100	4
108	1	4
108	14	5
108	222	2
882	660	3
882	186	5
108	50	4
108	275	5
108	124	4
108	237	3
882	616	4
882	101	3
882	662	3
882	420	5
882	501	5
108	7	5
108	13	3
108	10	5
108	125	3
882	416	4
882	227	4
882	140	3
882	1116	4
108	284	3
108	137	5
108	515	5
108	252	3
108	181	3
108	281	4
108	718	4
108	282	3
108	740	3
108	290	4
108	471	2
108	255	2
882	739	4
882	969	5
882	393	4
108	21	3
108	405	3
108	121	3
108	931	2
810	288	3
810	294	5
810	321	5
810	323	4
810	243	4
810	881	4
810	289	5
810	873	3
810	678	4
810	878	4
894	268	3
894	242	4
894	269	3
894	302	4
894	289	2
894	258	4
894	270	3
894	879	4
894	288	3
894	262	4
894	292	4
894	324	3
894	326	3
894	299	3
894	690	4
894	334	3
894	332	3
894	748	3
894	322	3
894	323	2
894	260	2
894	990	3
894	1295	3
894	678	3
894	264	3
894	300	4
894	328	4
894	515	4
894	1251	4
894	1379	4
894	298	3
894	295	3
894	256	3
894	534	4
894	303	4
894	340	4
894	536	5
894	319	4
894	286	5
894	306	4
894	888	4
894	333	4
894	935	3
894	255	3
894	248	4
894	936	4
894	249	3
894	252	3
894	250	4
894	1023	3
894	1226	4
894	535	4
894	1016	3
894	1258	3
894	1255	4
894	1315	3
894	244	4
894	19	4
894	190	5
894	847	4
894	223	4
894	318	5
894	1131	4
894	479	5
894	511	4
894	134	4
894	1194	5
894	512	5
545	328	4
545	689	4
545	271	3
545	266	2
545	326	3
545	680	2
545	258	3
545	50	5
545	181	5
545	257	5
545	993	2
545	254	4
545	89	3
545	172	5
545	183	4
545	176	4
545	174	4
545	144	3
545	222	4
545	210	5
545	195	4
545	22	3
545	117	4
545	96	5
545	79	4
545	188	2
545	55	3
545	82	4
545	472	5
545	68	4
545	228	5
545	385	3
545	568	3
545	665	3
545	177	3
545	121	5
545	550	3
545	230	5
545	405	4
545	227	4
545	684	4
545	229	3
545	403	5
545	233	4
545	226	3
545	62	5
545	566	4
545	679	2
545	17	3
545	431	3
545	161	4
545	636	3
545	231	4
545	554	3
545	449	2
545	810	4
545	373	3
545	541	4
545	208	3
545	732	4
545	204	4
545	175	4
545	194	3
545	648	3
545	98	5
545	234	3
545	218	4
545	164	4
545	217	5
545	413	4
545	444	3
545	447	3
545	379	4
545	563	3
545	569	3
545	551	4
545	73	4
545	168	4
545	173	5
545	524	4
545	710	3
545	746	4
545	451	3
545	202	4
545	211	3
545	80	3
545	692	3
545	944	4
545	1028	4
545	167	3
545	94	3
545	399	4
545	384	3
545	393	4
545	575	3
545	395	4
545	546	3
545	743	3
545	1	5
545	820	3
545	95	4
545	588	4
545	71	5
545	426	3
545	1091	3
545	627	3
545	101	4
870	736	1
870	699	3
870	470	3
545	97	3
870	433	3
545	549	4
545	88	3
870	1230	2
870	395	3
870	763	4
545	155	3
870	1042	2
870	1208	2
870	579	2
870	1090	2
870	1210	1
870	574	1
870	378	3
389	302	5
389	286	2
389	100	5
389	127	5
389	591	3
389	109	3
389	50	5
389	475	5
389	847	4
389	181	4
389	1007	4
389	1	4
389	275	5
389	249	3
389	124	4
389	111	3
389	845	4
389	285	5
389	257	3
389	471	4
389	926	3
389	283	5
389	15	2
389	151	4
389	25	3
389	763	1
389	410	3
389	240	3
389	301	4
385	522	4
385	865	4
385	174	2
532	338	3
553	307	4
553	611	5
553	641	4
553	515	5
553	89	5
553	479	5
553	483	5
553	178	5
553	496	3
553	497	4
553	99	5
553	427	5
553	523	4
553	1126	4
553	265	5
553	186	3
553	648	4
553	275	5
553	480	5
553	474	5
553	187	5
553	132	4
553	378	3
553	506	4
553	238	5
553	136	4
553	131	5
553	423	3
553	603	5
553	514	3
553	181	4
553	631	5
553	1124	4
553	485	3
553	50	4
553	45	4
553	638	3
553	81	3
553	434	3
553	86	3
553	513	4
553	481	3
553	23	5
553	170	4
553	134	4
553	609	4
553	482	4
553	197	5
553	507	3
553	205	4
553	111	4
553	435	4
553	100	5
553	511	5
553	589	5
553	1200	3
553	478	4
553	1194	5
553	98	5
553	218	4
553	487	5
553	524	5
553	135	4
553	498	4
553	56	4
553	617	4
553	492	3
553	519	5
553	490	4
553	174	4
553	615	5
553	607	4
553	505	5
553	604	5
553	153	5
553	525	4
553	1	3
553	367	4
553	520	5
553	1021	2
553	191	4
553	199	4
553	528	3
553	177	4
553	151	5
553	1451	4
553	1009	4
553	657	5
553	190	5
553	646	4
553	605	4
553	559	3
553	655	4
553	213	5
553	8	3
553	182	3
553	527	3
553	661	5
553	22	5
553	484	5
282	269	4
282	302	5
282	305	4
282	288	4
282	258	5
282	319	4
282	333	3
282	340	3
282	327	5
282	262	4
282	300	3
282	268	4
282	890	4
282	338	3
282	879	2
282	294	4
282	358	3
819	303	4
819	286	5
819	258	2
819	300	5
819	304	4
819	319	4
819	340	5
819	327	4
819	245	3
449	269	5
449	286	4
449	333	3
449	285	5
449	127	5
449	251	3
449	14	3
449	475	5
449	117	3
449	9	4
12	300	4
449	1010	4
449	100	5
449	1011	4
449	515	5
449	276	5
449	936	5
12	328	4
449	224	4
449	293	4
449	459	4
449	1142	4
12	754	4
449	742	3
449	473	3
449	137	5
449	15	4
449	248	4
12	381	4
12	69	5
449	106	3
449	282	3
12	28	5
12	174	5
449	1367	4
449	274	2
449	273	4
449	544	3
12	416	3
12	392	4
12	50	4
12	98	5
449	288	3
12	172	4
449	593	4
12	684	5
449	410	3
12	157	5
449	244	4
12	480	4
449	763	2
449	1009	4
12	591	5
449	291	2
449	748	2
12	159	4
449	983	2
12	170	4
12	708	3
12	132	5
12	228	4
12	127	4
12	276	4
12	168	4
12	202	4
12	215	4
12	196	5
12	161	5
449	546	2
449	120	1
449	118	1
449	122	1
449	1318	2
449	105	1
12	203	3
12	96	4
12	82	4
12	200	1
12	143	5
12	71	4
12	133	4
12	471	5
12	15	5
12	195	4
12	282	5
12	753	5
12	191	5
12	97	5
12	238	5
12	242	5
12	204	5
12	216	5
12	402	5
12	735	5
12	4	5
12	318	5
12	88	5
262	131	5
262	292	4
262	258	4
262	754	3
262	269	3
262	270	3
262	288	3
262	332	3
262	336	3
262	358	3
262	338	4
262	181	3
262	1278	4
262	125	3
262	1014	5
555	271	3
262	275	4
262	596	4
262	237	3
262	845	4
555	328	4
555	319	5
555	258	3
555	288	3
555	340	4
555	302	3
555	301	4
555	748	4
555	326	4
555	269	5
555	50	5
555	117	4
555	7	4
555	147	4
555	181	5
262	111	4
262	100	3
262	50	2
262	72	3
262	294	2
262	476	3
262	1	3
262	628	2
262	283	3
262	15	3
262	405	2
262	70	4
262	582	4
262	923	4
555	546	3
555	121	3
555	252	5
555	118	4
555	405	4
262	179	4
555	244	5
555	1013	4
555	410	4
555	236	5
555	248	4
555	25	4
555	249	4
555	150	4
555	285	5
555	100	5
555	13	5
555	111	4
555	762	4
555	235	3
555	274	4
555	21	4
555	120	4
555	1054	3
231	127	3
231	15	4
231	1	3
231	255	3
231	866	3
231	476	3
231	597	3
231	151	1
128	690	3
128	319	5
128	258	2
128	340	4
128	268	3
128	300	5
128	294	4
128	328	2
128	322	2
295	52	5
295	736	5
295	218	5
295	461	5
295	1170	5
295	1401	5
295	196	5
295	86	5
295	157	5
295	631	5
128	873	1
128	245	2
128	652	3
231	405	4
231	121	4
128	427	5
128	168	4
128	531	4
128	507	4
128	462	4
128	283	5
128	197	4
128	173	5
128	483	5
128	56	3
128	28	5
128	490	5
128	132	3
128	603	5
128	223	5
128	478	5
128	69	4
128	485	3
128	186	5
128	1	4
128	86	5
128	181	4
128	371	1
128	64	5
128	237	4
128	174	3
128	651	5
128	190	4
128	275	5
128	494	4
128	98	4
128	1063	2
128	732	4
128	1039	4
128	136	5
128	191	4
128	497	3
128	216	5
128	392	3
128	505	4
128	588	5
128	686	4
128	180	5
128	425	5
128	742	3
128	692	4
128	433	4
128	182	4
128	496	5
128	133	5
128	172	3
128	193	3
128	222	3
128	419	3
128	50	4
128	213	3
128	143	5
128	70	3
128	14	5
128	924	3
128	416	3
128	482	4
128	131	5
128	215	3
128	602	4
128	204	4
128	609	4
128	196	5
128	282	3
128	276	4
128	1192	2
128	71	4
128	117	5
128	83	5
128	79	4
128	633	4
128	499	5
128	48	4
128	179	3
128	508	4
128	605	3
128	378	5
128	471	4
128	99	4
128	614	3
128	451	4
128	591	4
128	702	3
128	723	3
128	423	4
128	465	4
128	58	3
128	770	3
128	317	4
128	487	5
128	966	4
128	229	2
128	705	3
128	97	3
128	238	4
128	432	2
128	210	4
128	506	4
128	838	5
128	418	4
128	25	3
128	82	5
128	785	2
128	468	1
128	121	4
128	1221	3
128	965	3
128	404	3
128	140	4
128	209	4
128	622	4
128	736	5
128	220	1
128	159	4
128	54	2
128	660	2
128	417	4
128	729	2
128	77	3
128	1053	3
128	65	4
128	715	4
128	568	4
128	280	1
128	202	2
128	422	4
128	265	5
128	284	3
128	553	3
128	763	4
128	942	5
128	747	3
128	387	2
128	685	3
413	286	5
413	690	4
413	303	5
413	306	4
413	269	4
413	302	2
413	258	4
413	301	3
413	307	2
128	1141	4
128	815	3
128	15	4
128	1048	2
128	367	4
128	405	4
413	332	3
128	161	5
128	118	5
128	949	4
128	1035	3
128	501	3
128	458	4
128	151	3
413	327	3
413	333	2
413	328	3
128	227	2
128	380	4
413	300	4
413	326	3
413	270	4
413	271	4
413	245	2
413	289	4
128	73	3
128	26	4
128	381	3
128	955	5
128	869	3
128	655	3
128	1136	3
128	274	4
492	286	4
413	877	3
128	393	4
128	402	1
413	260	1
492	97	3
492	275	2
492	483	2
492	699	3
128	111	3
128	218	3
492	199	3
413	321	3
128	790	4
492	100	4
492	462	3
492	654	4
128	66	3
128	228	3
492	285	4
492	124	4
492	657	3
128	739	4
492	212	3
492	69	3
128	88	4
128	684	4
492	1021	3
492	514	3
492	172	3
492	193	4
492	221	3
492	153	4
492	86	3
413	297	5
413	508	4
413	273	2
413	936	4
413	283	5
492	1098	4
492	492	4
492	185	3
492	772	1
413	14	5
413	100	4
413	460	3
492	186	3
492	531	4
492	64	4
413	236	4
413	275	5
492	479	3
492	478	2
492	523	4
492	192	3
413	9	4
413	181	5
413	515	5
413	257	4
413	7	3
413	471	4
492	650	2
492	521	5
492	134	3
492	83	4
492	137	4
492	1147	1
413	50	5
413	276	4
413	250	3
492	205	4
492	291	4
413	222	4
413	284	4
413	15	4
492	482	3
492	1121	2
492	131	3
413	124	5
413	237	4
413	25	3
413	628	4
413	255	3
492	45	3
492	651	3
413	147	2
492	187	5
492	923	5
492	56	5
492	242	5
492	318	5
492	528	5
492	527	5
492	474	5
492	127	5
492	511	5
805	294	1
805	338	1
805	259	1
805	678	4
805	323	5
805	50	4
805	331	4
805	127	3
805	358	3
805	258	3
805	748	2
805	181	3
805	322	2
805	269	5
560	302	5
560	288	4
560	301	3
560	258	5
560	321	3
560	270	4
560	319	4
560	268	4
560	1265	3
560	271	4
560	264	3
560	358	3
560	134	5
560	483	5
560	318	4
555	168	4
555	169	5
555	318	4
555	89	4
555	195	4
555	489	5
555	357	4
555	480	4
555	505	4
319	340	3
560	11	4
560	429	3
560	58	3
560	132	3
319	307	4
319	306	4
555	87	4
555	265	3
555	47	2
560	1019	4
560	653	4
560	1073	3
560	183	5
560	423	4
560	203	4
560	197	4
560	606	4
560	22	2
560	480	3
560	654	5
560	617	3
560	136	3
560	181	4
560	12	5
560	489	3
560	201	3
560	168	4
560	1021	4
560	275	4
560	498	4
560	7	3
560	89	5
560	478	4
560	211	4
560	496	3
560	100	5
560	1333	3
560	127	5
560	246	5
560	515	3
560	50	5
560	255	4
560	250	4
560	257	3
560	1014	4
560	1160	3
560	1405	4
560	1016	3
560	249	5
560	137	4
560	1	4
560	847	4
560	1134	3
560	813	4
560	508	3
560	284	3
560	123	2
560	151	3
560	93	3
560	845	3
560	13	3
560	109	3
560	121	3
560	546	2
560	25	3
560	222	4
560	1008	3
560	277	3
560	458	3
560	111	3
560	24	2
560	1171	3
560	281	3
560	411	3
560	235	2
560	118	3
560	278	1
560	597	2
560	472	2
560	405	4
560	864	3
560	240	3
560	1163	3
560	108	1
560	756	2
560	928	3
560	122	3
560	975	3
319	682	3
560	476	2
319	338	2
560	1215	2
560	260	1
870	332	2
894	874	4
894	336	3
894	886	3
243	286	4
243	268	4
243	127	4
243	137	3
243	275	3
243	246	4
243	280	1
243	237	2
243	93	2
243	1	4
243	14	3
243	813	4
243	7	3
243	283	3
243	13	4
243	151	3
243	458	4
243	15	3
243	1115	3
243	713	3
243	10	4
243	129	2
243	116	4
243	16	3
243	225	3
243	477	4
243	111	4
243	25	3
243	1368	2
243	215	3
243	318	4
243	655	4
243	1466	3
243	22	3
243	461	3
243	531	4
243	1039	4
243	83	4
243	1465	3
243	28	4
243	223	4
243	694	4
243	468	3
243	125	3
243	196	4
243	631	4
243	69	3
243	1197	4
243	509	4
243	699	4
243	660	4
243	162	4
243	724	3
243	26	3
243	632	5
243	736	4
243	708	3
243	737	3
243	732	4
243	423	3
243	77	3
243	778	4
243	1148	3
243	387	4
897	288	5
897	294	3
243	306	4
897	243	4
897	323	4
243	194	4
243	435	4
243	173	3
243	367	3
243	514	4
243	208	4
243	8	5
243	511	5
243	582	5
243	317	5
243	285	5
243	221	5
243	191	5
243	157	5
243	86	5
243	1281	5
897	82	5
897	98	5
897	40	3
897	22	5
897	69	5
897	204	4
897	96	5
897	419	4
897	497	3
897	177	5
897	199	4
897	193	3
897	172	4
897	265	3
897	176	5
897	530	3
897	510	3
897	132	5
897	183	5
897	205	3
897	201	5
897	95	3
897	429	5
897	651	3
897	174	5
897	181	3
897	187	5
897	55	3
897	97	5
897	385	3
897	127	5
897	182	4
897	89	4
897	215	4
897	23	3
897	498	5
897	202	2
897	8	3
897	11	2
897	673	5
897	173	3
897	238	4
897	28	4
897	203	4
897	526	5
897	136	5
897	135	3
389	300	3
897	588	4
897	77	4
897	622	3
897	849	4
897	616	5
897	521	5
897	550	3
897	659	5
897	214	5
897	66	3
897	699	4
389	135	2
389	210	2
389	187	5
897	210	5
897	371	2
897	633	5
897	180	5
389	204	4
711	269	5
897	485	3
897	56	2
897	208	5
897	436	4
897	133	4
389	134	5
389	836	4
711	306	5
897	402	5
897	179	3
897	435	3
897	143	5
389	602	4
389	234	4
389	524	5
389	490	3
389	485	5
897	478	3
897	609	5
389	489	4
389	487	5
389	709	4
389	657	5
389	615	4
389	174	4
711	995	4
897	378	5
897	1219	4
897	195	5
897	185	5
389	481	5
389	23	4
389	194	4
389	493	5
389	42	4
389	182	5
389	172	5
389	520	3
389	480	5
389	656	5
897	951	3
897	211	5
897	736	3
897	523	5
897	416	5
897	404	4
389	705	5
389	427	5
389	507	5
389	612	4
389	496	4
897	184	4
897	705	3
897	708	2
389	558	4
389	1050	4
389	835	5
711	845	4
897	670	3
897	196	3
389	478	5
389	98	4
897	418	4
897	88	4
711	713	3
389	607	3
389	588	5
389	514	5
389	616	4
389	521	3
389	87	5
389	506	4
897	389	3
897	168	3
897	73	3
897	484	3
711	1163	4
389	4	4
389	429	4
389	491	5
711	288	1
389	238	5
389	604	4
389	216	2
389	1147	4
897	194	5
897	141	4
897	140	3
389	654	5
389	494	5
711	240	1
389	686	3
389	185	5
897	200	5
897	433	4
389	168	5
711	1289	2
389	497	4
389	519	4
389	79	4
389	179	4
711	277	5
389	414	4
389	1121	4
389	197	5
897	470	4
897	393	4
897	188	5
389	605	5
389	584	4
389	467	3
897	506	4
897	684	2
389	479	4
389	474	5
389	483	5
897	501	5
897	479	4
897	71	5
711	472	1
711	762	3
897	451	4
897	230	4
897	228	4
897	660	4
897	679	5
897	443	5
897	603	5
897	234	5
711	1152	1
897	483	3
897	528	3
897	1531	4
897	566	2
897	649	3
711	829	2
897	465	5
711	254	2
711	120	2
897	227	3
897	568	5
897	33	5
897	239	2
711	488	4
711	172	5
711	135	4
711	483	5
711	133	5
711	79	4
711	154	4
711	955	1
897	65	4
897	76	4
711	432	4
711	114	5
711	169	5
711	318	5
711	65	4
711	204	3
711	98	5
711	433	4
711	58	4
897	405	5
897	222	4
711	48	4
711	22	4
711	496	5
711	193	4
711	197	4
711	238	4
711	216	4
711	692	3
711	132	5
897	273	3
711	588	4
711	317	4
711	69	3
711	202	4
897	117	3
711	143	5
711	186	3
897	118	5
711	485	4
897	161	5
897	125	4
897	742	3
897	477	3
711	694	5
711	168	4
711	921	5
897	25	2
897	121	5
897	763	3
897	290	4
897	546	4
897	597	5
897	871	3
897	235	3
897	151	5
711	52	5
711	99	3
711	423	3
897	974	4
897	409	4
897	281	4
897	406	3
897	826	4
711	404	3
711	707	5
711	582	5
711	655	4
711	97	4
897	760	5
897	472	5
897	410	3
897	928	5
897	1028	4
711	83	5
711	923	5
711	727	4
897	473	3
711	704	4
711	421	4
897	926	4
711	402	4
711	509	4
711	651	4
711	8	5
897	1033	4
897	369	4
711	699	5
711	425	4
897	925	5
711	684	3
711	95	4
897	864	4
897	1051	3
897	455	3
897	866	5
897	411	5
711	232	3
897	240	4
711	652	4
711	70	5
711	1170	3
711	747	4
711	214	4
711	144	2
711	736	5
897	120	3
897	368	1
897	840	3
711	173	3
897	717	1
711	196	5
711	662	3
711	200	4
711	380	3
711	463	5
711	191	5
711	228	3
711	1518	3
711	622	4
711	89	5
711	559	3
897	99	5
897	186	5
897	496	5
897	68	5
897	79	5
897	50	5
897	232	5
897	646	5
897	423	5
897	1	5
711	1046	3
711	966	5
711	213	5
711	91	4
711	729	3
711	203	4
711	217	4
711	732	4
711	161	4
711	403	4
711	265	2
711	241	4
711	215	3
711	755	3
711	715	4
711	71	3
711	658	4
711	419	5
711	1446	2
711	941	3
711	157	3
711	1119	4
711	82	3
711	1118	4
711	731	4
711	447	4
711	549	4
711	949	4
711	451	5
711	77	3
711	381	5
711	417	4
711	387	4
711	1221	4
711	51	4
711	393	4
711	66	4
711	660	5
711	723	5
711	218	4
711	40	4
711	162	5
711	710	4
711	49	4
711	230	3
711	720	3
711	1053	4
711	378	4
711	167	2
711	716	5
711	739	3
711	416	3
711	1285	3
711	568	3
711	566	2
711	420	5
711	959	5
711	281	3
711	155	4
711	401	3
711	724	5
711	229	3
711	94	2
711	1168	4
711	542	1
711	1074	3
711	219	2
711	365	3
257	129	4
385	37	4
72	129	4
72	25	5
72	685	4
72	117	4
72	471	4
72	1	4
72	9	5
72	124	4
72	100	5
72	591	5
72	15	5
72	844	4
72	220	3
72	628	4
72	866	4
72	1051	4
72	121	3
72	476	4
72	106	4
72	118	3
72	237	3
72	405	3
72	271	1
72	222	1
72	7	1
72	182	5
72	520	5
72	191	5
72	64	5
72	23	4
72	357	4
72	647	1
72	423	5
72	69	4
72	180	4
72	515	4
72	644	4
72	87	4
72	97	4
72	553	5
72	509	4
72	187	4
72	58	4
72	528	4
72	12	5
72	382	4
72	708	4
72	70	4
72	521	4
72	792	3
72	48	4
72	215	4
72	527	4
72	196	4
72	649	4
72	582	4
72	699	3
72	1147	5
72	518	4
72	461	3
72	402	4
72	28	4
72	54	3
72	380	1
72	81	3
72	972	4
72	1148	4
72	356	4
72	77	4
72	51	4
72	212	5
72	581	4
72	664	3
72	135	4
72	50	2
72	79	4
72	172	1
72	89	3
72	265	4
72	530	4
72	679	2
72	526	4
72	568	4
72	684	4
72	96	5
72	181	1
72	188	4
72	176	2
72	177	4
72	228	1
72	233	4
72	435	5
72	210	4
72	241	4
72	68	3
72	82	3
72	566	4
72	403	3
72	230	1
72	770	4
72	38	3
72	229	1
72	226	4
72	1110	3
72	550	4
72	2	3
72	603	4
72	98	5
72	443	3
72	5	4
72	234	4
72	525	4
72	654	4
72	504	4
72	466	4
72	203	3
72	642	4
72	174	5
72	195	5
72	56	5
72	427	5
72	127	5
72	318	5
72	147	5
72	197	5
72	655	5
72	161	5
72	480	5
72	493	5
72	134	5
72	194	4
72	170	3
72	484	4
72	45	5
72	204	4
72	198	5
72	479	4
378	286	5
378	288	3
378	294	2
378	304	4
378	875	3
378	276	4
378	100	4
378	273	4
378	14	5
378	1	4
378	1134	4
378	508	4
378	15	4
378	285	4
378	275	5
378	151	3
378	591	4
378	845	3
378	117	3
378	9	5
378	1061	2
378	282	4
378	10	3
378	928	2
378	280	2
378	405	3
378	25	4
378	283	4
378	123	3
378	111	3
378	744	3
378	277	4
378	13	3
378	125	2
378	281	3
378	476	3
378	409	2
378	7	4
378	237	4
378	742	4
378	458	4
378	1047	2
378	1028	2
378	866	2
378	597	3
378	121	4
378	287	2
378	284	3
378	118	4
378	619	3
378	762	3
378	930	2
378	21	3
378	148	4
378	220	2
378	235	4
378	411	3
378	225	3
378	696	3
378	50	4
378	181	4
378	257	4
378	252	4
378	22	5
378	531	4
378	655	4
378	692	4
378	4	3
378	97	5
378	223	4
378	174	4
378	631	4
378	31	4
378	433	4
378	234	4
378	200	3
378	651	4
378	79	4
378	8	4
378	56	4
378	806	4
378	98	5
378	99	4
378	180	3
378	318	5
378	566	3
378	402	4
378	172	4
378	496	3
378	213	5
378	86	4
378	82	4
378	83	4
378	356	4
378	265	4
378	28	4
378	143	4
378	693	4
378	469	5
378	69	3
378	729	4
378	1063	4
378	144	4
378	194	4
378	12	5
378	65	3
378	238	3
378	191	5
378	55	4
378	735	4
378	482	4
378	202	3
378	132	4
378	42	4
378	196	4
378	162	4
378	135	2
378	176	4
378	89	4
378	959	3
378	88	4
378	403	4
378	58	4
378	663	3
378	436	4
378	793	3
378	707	3
378	792	4
378	59	4
378	11	3
378	195	3
803	242	5
803	286	5
803	269	5
803	303	4
803	306	4
803	300	3
803	887	5
803	311	5
803	754	2
803	261	1
803	304	3
803	321	4
803	990	2
803	271	2
803	538	4
803	339	3
803	748	1
803	683	1
803	325	4
378	527	4
803	259	2
378	367	3
378	207	4
805	271	3
378	44	3
803	688	1
803	322	2
803	340	5
378	694	3
378	1147	4
378	428	3
378	239	3
378	636	3
378	186	3
803	690	4
378	64	4
378	182	4
378	203	4
378	216	4
378	95	4
803	264	2
803	289	3
378	215	4
378	443	4
378	179	2
803	245	4
378	723	3
378	468	5
378	727	4
803	260	3
378	501	4
803	988	1
803	338	2
378	606	5
378	382	4
378	724	3
803	243	1
378	479	4
378	632	5
378	699	4
378	141	3
378	747	3
378	451	4
378	274	3
803	305	5
803	307	4
378	392	3
378	71	4
378	509	4
378	175	4
378	961	3
378	96	4
378	1267	3
378	568	4
378	1220	3
378	153	4
378	543	4
378	500	4
378	485	4
378	709	4
378	708	4
378	1101	3
378	47	4
378	230	3
378	528	5
378	417	3
378	732	4
378	161	4
378	404	4
378	755	3
378	778	3
378	157	3
378	470	3
378	193	4
378	317	5
378	969	4
378	423	4
378	1042	3
378	629	5
378	949	3
378	686	4
378	1221	3
378	1107	3
378	517	3
378	197	3
378	1531	4
378	387	4
378	77	4
378	702	4
378	218	3
378	52	5
378	972	4
378	951	3
378	660	4
378	731	3
378	620	3
378	164	4
378	43	3
378	66	3
378	921	4
378	73	3
378	48	5
378	549	3
378	420	4
378	559	4
378	716	3
378	674	3
378	569	3
378	385	4
378	720	2
378	942	3
378	204	4
378	159	3
378	447	4
378	932	2
378	1425	2
378	54	4
378	78	3
378	471	3
378	126	4
378	393	3
378	1400	3
378	173	5
378	756	3
378	241	4
378	210	4
707	9	5
707	1251	4
707	251	5
707	10	5
707	1171	3
707	275	4
707	285	5
707	1174	5
707	221	4
707	287	4
707	151	4
707	100	5
707	293	4
707	936	4
707	224	4
707	15	4
707	137	5
707	124	4
707	718	5
707	536	3
707	1142	1
707	283	4
707	13	4
707	116	5
707	93	5
707	847	5
707	14	3
707	1061	3
707	1007	4
707	676	4
707	744	3
707	297	3
707	864	4
707	111	4
707	533	5
707	1008	3
707	220	2
707	815	2
707	952	3
707	458	3
707	1163	4
707	1281	4
707	473	4
707	1120	4
707	866	2
707	256	4
707	476	3
707	1257	2
707	1255	3
707	950	2
707	1381	3
707	696	4
707	1068	4
707	654	4
707	166	3
707	647	5
707	1101	4
707	191	5
707	318	5
707	527	5
232	289	4
232	270	3
232	690	4
232	286	3
232	294	2
232	1	4
232	50	4
232	181	4
232	515	2
232	471	3
232	100	5
232	508	1
232	276	5
232	475	5
232	14	4
232	250	4
232	744	3
634	508	4
867	286	5
867	258	3
867	300	2
867	690	5
867	270	5
867	294	3
867	328	5
867	289	5
867	748	4
867	323	3
867	678	3
867	50	5
867	181	5
867	295	4
867	257	4
867	250	4
867	1608	2
867	252	2
867	528	4
867	511	5
867	483	5
867	480	5
867	498	4
867	1065	5
867	22	5
867	318	5
867	195	5
867	603	5
867	144	3
867	211	3
867	203	4
867	1	4
867	182	4
867	64	5
867	210	5
867	11	3
867	496	5
867	156	5
867	168	4
867	7	5
867	524	5
867	855	5
867	132	3
867	96	5
867	31	5
867	12	5
867	475	5
867	180	5
867	1039	5
867	150	5
867	23	5
867	660	4
867	198	5
867	134	5
867	652	5
867	89	5
867	657	5
867	172	5
867	1159	5
867	188	4
867	197	4
867	69	2
867	56	5
867	175	5
867	650	5
867	474	5
867	431	4
867	183	3
867	529	5
867	28	5
867	588	3
867	655	4
867	98	5
867	186	5
867	204	4
867	9	5
867	228	5
867	423	3
867	1154	5
867	273	3
867	174	5
867	276	1
867	68	4
867	216	3
867	196	3
867	135	5
867	651	5
867	176	3
867	207	5
867	222	4
867	191	5
867	117	3
867	79	4
867	956	4
867	51	3
389	969	4
389	178	4
389	8	4
389	482	5
389	367	4
389	454	2
389	527	3
389	56	5
389	133	5
389	498	5
389	531	4
389	603	5
389	492	5
389	486	4
389	47	4
389	81	3
389	610	5
389	430	5
389	173	3
389	419	3
389	663	4
389	143	3
389	209	4
389	518	4
389	484	5
389	435	4
389	1098	4
389	59	5
389	64	4
389	923	5
389	1036	2
389	526	3
389	404	5
389	154	3
389	488	5
389	69	5
389	630	3
389	208	5
389	211	4
389	186	2
389	428	3
389	423	5
389	191	5
389	631	5
389	196	3
389	671	5
389	132	5
389	1451	5
389	1203	5
389	202	5
389	965	5
389	955	4
389	152	4
389	136	4
389	58	4
389	378	5
389	503	3
389	131	3
389	684	4
389	568	3
389	642	4
389	501	5
389	608	3
389	504	4
389	99	5
389	732	4
389	1286	5
389	499	4
389	160	4
389	239	3
389	477	4
389	82	4
389	517	4
389	416	4
389	693	4
389	613	5
389	699	5
389	583	2
389	71	4
389	618	4
389	792	4
389	65	4
389	420	3
389	736	5
389	739	2
389	1041	3
389	161	2
389	664	4
389	371	4
389	159	2
389	946	3
389	66	3
389	274	4
389	1444	3
389	153	3
389	401	3
389	1119	3
389	90	3
389	29	2
389	411	4
389	559	3
389	393	2
389	1168	3
389	1530	2
389	217	3
389	40	3
389	142	3
389	118	2
389	674	2
389	155	2
389	77	2
389	550	3
389	756	2
389	778	4
389	553	2
389	396	3
389	38	2
389	94	2
389	395	2
389	731	3
389	412	3
389	167	3
389	722	2
389	820	3
389	384	2
389	386	3
389	728	3
389	53	2
629	286	4
629	269	3
629	294	3
629	301	3
629	300	4
629	991	1
629	340	2
629	270	3
629	881	3
629	324	2
629	876	3
629	690	2
629	331	3
629	326	3
629	328	3
629	327	3
629	1038	3
629	322	3
629	245	3
629	309	3
629	886	3
629	984	3
629	271	4
629	288	4
629	258	4
629	292	4
629	319	4
629	880	4
629	268	5
629	332	4
629	333	4
629	307	5
629	1119	5
629	435	4
629	11	2
629	182	5
629	22	5
629	509	5
629	153	5
629	174	5
629	100	5
629	173	5
629	195	4
629	265	4
629	276	5
629	191	3
629	194	5
629	241	5
629	117	5
629	523	3
629	207	4
629	137	5
629	23	5
629	273	2
629	197	5
629	632	3
629	187	5
629	196	4
629	709	3
629	357	4
629	55	4
629	475	4
629	86	5
629	425	3
629	92	4
629	651	5
629	234	4
629	58	4
629	693	5
629	98	5
629	238	5
629	204	5
629	655	5
629	172	5
629	423	5
629	12	5
629	200	4
629	162	5
629	160	4
629	566	5
629	132	5
629	50	5
629	528	5
629	732	5
629	317	4
629	42	2
629	144	5
629	684	5
629	56	5
629	277	5
629	699	3
629	9	4
629	69	5
629	4	3
629	64	5
629	147	5
629	193	5
629	275	5
629	467	5
629	135	5
629	127	5
629	87	5
629	7	2
629	202	4
629	81	3
629	111	5
629	210	5
629	284	4
629	15	5
629	504	4
629	39	2
629	392	4
629	660	5
629	199	5
629	223	5
629	658	4
629	1109	4
629	416	4
629	729	4
629	463	4
629	381	4
745	302	4
745	258	5
745	124	5
745	1	2
745	100	5
745	9	4
745	515	4
745	14	3
745	936	1
745	50	2
745	151	2
745	181	2
745	127	2
745	7	4
745	125	5
745	222	2
745	174	3
745	205	2
745	183	3
745	603	4
745	194	4
745	182	2
745	507	1
745	204	3
745	480	3
745	427	4
745	483	1
745	96	4
745	646	4
745	202	3
745	527	3
745	531	3
745	425	4
745	188	3
745	79	3
745	230	2
745	1126	2
745	177	3
745	492	5
745	207	2
745	8	4
745	168	3
745	169	4
745	28	2
745	520	3
745	203	3
745	923	3
745	510	3
745	519	5
745	215	3
745	64	5
745	276	1
745	20	1
745	98	5
745	10	5
745	285	1
745	286	1
745	190	5
745	275	1
745	12	5
117	288	3
117	268	5
117	307	5
117	748	3
117	271	4
117	886	5
117	678	4
870	248	4
117	358	4
117	181	5
117	150	4
117	475	5
117	7	3
117	15	5
117	257	5
117	249	4
117	742	4
117	258	4
117	50	5
117	121	4
117	240	3
117	1	4
651	683	3
651	269	5
117	405	5
117	237	4
117	411	3
117	282	5
117	109	4
117	151	4
117	596	3
651	242	5
117	117	5
651	327	4
651	306	5
651	268	2
651	690	3
651	995	1
651	322	3
651	309	1
651	301	3
18	319	4
18	269	5
18	286	5
18	242	5
18	517	2
18	603	3
18	188	3
18	185	3
18	427	5
18	136	5
18	357	4
18	275	5
18	487	4
18	663	4
18	56	5
18	528	4
18	659	4
18	216	4
18	69	3
18	165	4
18	28	3
18	98	5
18	951	3
18	480	4
18	973	3
18	708	3
18	647	4
18	166	4
18	520	4
18	382	3
18	408	5
18	113	5
18	178	3
18	127	5
18	70	4
18	631	5
18	478	5
18	86	4
18	474	4
18	604	5
18	223	5
18	958	5
18	26	4
18	199	3
18	479	4
18	613	5
18	489	4
18	513	4
18	524	4
18	189	5
18	221	5
18	753	4
18	194	3
18	83	5
18	134	5
18	179	4
18	530	4
18	504	5
18	509	4
18	483	4
18	498	4
18	212	5
18	514	5
18	519	4
18	237	3
18	12	5
18	23	4
18	89	3
18	462	3
18	100	5
18	135	3
18	488	3
18	527	4
18	197	4
18	654	4
18	515	5
18	430	4
18	968	3
18	50	4
18	387	4
18	190	4
18	191	4
18	392	3
18	443	3
18	180	4
18	169	5
18	285	5
18	65	5
18	714	4
177	258	3
177	302	4
18	91	3
18	523	4
18	187	5
177	333	4
177	340	4
177	292	3
18	175	4
18	168	3
18	14	5
177	324	4
177	300	2
177	270	1
177	268	3
177	288	5
177	334	3
177	327	3
18	496	5
177	294	4
177	321	2
177	336	2
177	299	4
18	972	3
18	418	3
18	152	3
18	529	5
18	48	4
18	629	3
18	202	3
18	170	5
177	322	2
177	245	3
177	748	3
177	289	2
177	260	2
18	9	5
18	283	5
18	172	3
18	153	4
18	735	4
18	952	2
18	19	3
18	482	5
177	154	4
177	100	5
18	198	3
18	174	4
18	58	4
177	56	5
177	318	4
177	60	4
18	22	5
18	182	4
18	705	3
18	954	3
177	693	4
177	216	4
177	129	3
177	173	4
177	127	5
18	863	3
18	510	4
18	126	5
18	52	5
177	182	5
177	195	4
177	1	3
177	135	5
18	461	4
18	133	5
18	955	4
18	425	3
18	609	4
18	42	3
177	64	4
177	963	4
177	209	4
177	919	4
18	224	5
18	45	5
177	197	4
177	23	5
177	223	4
177	276	5
177	79	4
18	950	3
18	6	5
177	221	3
18	367	4
18	8	5
18	699	5
18	1	5
18	61	4
177	168	4
177	150	4
177	1039	3
177	59	4
177	12	5
177	508	4
18	99	5
18	276	5
177	22	4
18	614	4
18	516	5
18	209	4
18	610	4
177	651	3
177	421	3
177	196	3
177	124	3
177	7	4
18	88	3
18	435	4
18	81	3
177	96	3
177	475	4
177	527	4
177	568	3
177	161	3
18	215	3
18	393	3
18	660	5
18	57	4
18	692	3
177	181	4
177	156	5
177	87	4
177	176	4
177	470	5
177	200	4
177	642	4
177	42	4
177	183	4
177	153	4
177	175	5
177	186	4
177	210	4
177	174	4
177	172	5
18	960	4
18	125	3
18	131	4
18	208	4
177	144	5
177	160	4
177	204	3
177	98	5
177	203	4
18	736	4
18	709	5
177	187	4
18	15	4
18	414	4
18	492	4
18	210	5
177	179	5
18	236	3
18	778	2
177	69	1
177	89	5
18	792	5
177	654	4
18	969	3
18	234	3
177	1110	3
177	433	4
177	121	2
18	463	4
177	238	3
177	55	3
18	287	4
18	416	5
18	317	5
177	960	3
177	11	4
177	198	4
18	549	4
18	142	4
177	47	3
177	469	4
18	213	5
177	403	5
18	588	4
177	1067	4
177	50	5
177	806	4
177	217	3
177	1218	4
18	71	4
18	845	3
18	195	3
18	729	3
18	82	3
18	47	3
18	95	4
18	451	3
18	196	3
18	177	3
18	434	3
18	428	3
18	162	4
18	633	5
18	805	4
18	497	4
18	154	4
18	211	5
18	116	5
18	193	5
18	512	5
18	204	3
18	526	4
18	602	3
18	639	4
18	702	3
18	79	4
18	959	3
18	582	5
18	707	3
18	143	4
18	381	4
18	13	5
18	494	3
18	241	3
18	97	4
18	956	5
406	745	4
406	194	5
406	517	2
18	432	4
18	949	3
18	486	3
406	163	3
406	208	2
18	612	4
18	649	3
18	25	3
18	970	3
406	209	1
406	239	3
406	88	2
18	111	3
18	181	3
18	962	4
406	435	5
406	709	5
406	502	1
406	732	4
406	152	2
18	856	5
18	94	3
18	716	5
18	732	3
18	186	4
406	210	5
406	73	2
406	202	3
406	655	3
406	414	2
18	66	3
406	746	3
406	186	3
406	47	4
406	216	3
18	607	3
18	200	3
18	739	3
406	433	3
406	692	3
406	4	2
18	151	3
18	284	3
18	378	3
406	715	4
406	63	3
18	961	3
18	157	3
406	393	4
406	1170	4
406	40	3
406	85	2
18	775	3
18	419	3
18	971	4
18	794	3
18	967	3
18	953	3
406	645	5
406	372	4
406	367	4
18	627	3
406	451	2
406	72	3
406	629	3
18	704	3
18	411	3
18	386	2
18	965	4
406	787	3
406	1079	2
18	724	4
18	404	4
18	737	3
18	60	4
18	214	4
406	712	3
406	1118	3
18	403	3
18	762	3
406	368	2
406	158	2
18	32	2
18	4	3
18	781	3
18	630	3
406	575	1
18	957	3
158	294	1
158	302	4
18	747	3
18	402	3
158	271	4
18	72	3
18	964	3
406	5	4
406	558	3
158	275	5
158	408	5
406	565	3
406	573	3
406	453	2
158	273	3
158	250	4
158	127	5
158	285	5
158	116	5
158	129	5
158	181	3
158	149	3
18	966	2
18	476	3
158	100	5
158	283	5
158	221	2
18	493	5
18	963	5
18	921	5
18	485	5
18	238	5
18	132	5
18	423	5
18	137	5
18	318	5
158	1	4
158	137	5
158	744	4
158	123	3
18	64	5
18	59	4
18	923	5
158	10	4
158	471	4
158	298	3
158	293	4
158	1011	4
158	148	4
158	284	5
158	544	2
158	118	5
158	277	4
158	472	3
158	121	4
158	866	2
158	1016	3
158	546	3
158	117	3
158	7	5
158	125	3
158	222	3
158	244	4
158	455	4
158	235	1
158	410	3
158	252	3
158	823	2
158	107	3
158	825	4
158	217	5
158	729	3
158	89	5
158	694	5
158	483	5
158	525	5
158	50	4
158	325	4
158	978	3
158	120	1
158	111	4
158	20	4
158	1047	4
158	1067	4
158	124	4
158	593	4
158	286	4
158	985	4
158	24	4
158	742	4
158	128	2
158	182	5
158	651	5
158	511	5
158	510	3
158	228	5
158	210	4
158	56	5
158	187	5
158	684	3
158	79	4
158	96	4
158	174	5
158	183	3
158	188	4
158	190	5
158	530	4
158	22	5
158	172	4
158	195	5
158	11	4
158	176	4
158	82	5
158	39	5
158	518	4
158	435	5
158	92	4
158	177	4
158	55	4
158	184	3
158	385	3
158	570	3
158	241	4
158	144	4
158	550	3
158	230	2
158	161	2
158	431	5
158	233	3
158	770	5
158	232	3
158	4	4
158	583	3
158	227	2
158	686	5
158	566	3
158	636	4
158	229	3
158	68	3
158	665	2
158	231	2
158	568	4
158	399	3
158	562	4
158	576	4
158	29	3
158	38	4
158	403	4
158	809	3
158	226	3
158	797	3
158	810	4
158	62	5
158	53	1
158	373	2
158	449	2
158	450	3
158	798	4
158	803	3
158	1303	3
158	186	3
158	367	4
158	238	5
158	194	5
158	42	3
158	83	5
158	173	5
158	659	5
158	168	5
158	8	5
158	216	3
158	652	4
158	204	4
158	209	5
158	202	5
158	648	5
158	709	5
158	163	4
158	516	5
158	433	3
158	175	4
158	745	4
158	154	4
158	1098	4
158	502	4
158	580	4
158	514	3
158	239	3
158	208	5
158	430	5
158	731	2
158	70	4
158	72	3
158	85	4
158	414	4
158	290	4
768	275	4
