650	603	4
650	227	2
650	121	3
650	185	3
650	55	4
650	288	3
650	742	3
650	504	3
650	23	3
650	654	3
650	566	3
650	234	4
650	183	4
650	79	3
650	222	4
650	203	3
650	673	3
650	525	3
650	228	4
650	100	4
650	443	5
650	628	3
650	552	4
650	229	2
650	265	4
650	449	3
650	226	3
650	642	3
650	218	3
650	636	3
650	159	3
650	928	2
650	77	3
650	561	3
650	581	2
650	635	3
650	452	2
650	579	3
650	233	2
650	551	3
650	117	4
650	663	4
650	211	4
650	205	4
650	419	4
650	528	3
650	196	4
650	186	4
650	514	3
650	630	5
650	91	4
650	644	3
650	177	2
650	732	3
650	480	5
650	510	3
650	208	5
650	633	4
650	639	3
650	181	4
650	602	4
650	215	2
650	662	3
650	507	4
650	705	4
650	494	3
650	95	3
650	206	4
650	478	4
650	969	3
26	293	3
26	222	3
26	111	3
26	283	3
26	14	3
26	284	3
26	298	3
26	455	3
26	257	3
26	815	2
26	1011	3
26	471	2
26	125	4
26	126	4
26	685	3
26	546	2
650	136	4
650	650	2
650	50	5
650	175	4
650	197	4
650	509	3
650	530	4
650	968	4
650	131	3
650	202	3
650	357	4
650	435	4
650	588	3
650	483	5
650	495	3
650	423	3
650	499	3
650	479	5
650	657	4
650	99	4
650	484	5
650	132	4
26	151	3
26	235	2
26	628	3
26	13	3
26	282	4
26	410	2
26	25	3
100	333	3
100	302	4
100	288	2
100	269	4
100	258	4
100	313	5
100	340	3
100	900	4
100	874	1
100	887	2
100	751	4
100	344	4
100	879	4
100	268	3
100	750	4
100	270	3
100	1234	1
100	908	1
100	1238	2
100	1233	3
100	300	4
100	321	1
100	292	2
100	752	4
100	881	1
100	895	2
100	689	3
100	347	4
100	328	4
100	354	2
100	271	3
100	691	4
100	880	1
100	316	5
100	294	4
100	355	4
100	885	2
100	289	3
100	323	3
100	990	3
100	678	3
100	898	4
100	342	3
100	1235	4
100	266	2
100	892	2
100	310	3
100	886	3
100	315	5
100	349	3
100	690	4
100	286	3
100	272	4
100	348	3
100	905	3
100	326	3
100	346	3
100	1237	3
100	1236	3
488	724	3
488	205	4
488	492	2
488	198	4
488	230	3
488	238	1
488	429	4
488	222	4
488	181	4
488	190	5
488	58	3
488	162	3
488	480	3
488	185	4
26	405	2
26	109	3
26	240	3
26	845	3
26	248	3
26	24	3
26	148	3
26	121	3
26	255	3
26	1016	3
26	1010	2
26	249	2
26	1008	3
454	984	3
26	871	2
26	369	2
26	831	2
26	597	2
26	291	3
828	896	4
828	955	3
828	45	4
828	1466	4
828	302	4
828	331	4
828	1062	4
828	346	4
828	903	4
828	60	4
828	902	4
828	971	4
26	841	2
26	122	1
828	874	3
903	346	3
903	276	5
903	182	5
903	302	4
903	421	3
903	721	4
650	135	4
650	519	4
650	191	4
650	168	4
650	133	4
650	272	4
650	198	4
650	313	4
650	216	4
650	118	4
650	144	3
650	89	4
650	82	3
650	187	2
650	385	4
650	210	3
650	188	3
650	232	3
650	823	3
650	550	3
650	578	3
650	679	3
650	403	3
650	568	3
650	161	3
650	231	2
650	2	3
650	27	3
650	849	2
650	399	3
650	472	3
650	38	3
650	68	3
650	62	3
650	597	3
650	665	2
650	1215	3
650	1419	3
650	154	3
650	238	4
650	209	3
650	517	3
650	523	3
90	904	3
90	272	5
90	340	4
90	258	3
650	152	3
650	430	4
650	153	4
90	311	4
90	896	3
90	300	3
90	313	5
90	303	4
650	434	4
90	354	3
90	310	3
90	906	2
90	242	4
90	286	5
90	306	4
90	900	4
90	269	5
90	270	4
90	289	3
90	301	4
90	259	2
90	268	4
90	328	3
90	990	3
90	879	3
90	245	3
90	875	1
90	323	3
90	316	5
90	322	4
90	995	4
90	889	3
650	363	2
650	69	2
650	554	2
650	391	2
650	281	2
650	373	1
650	576	1
650	29	2
650	450	1
650	546	1
650	193	3
650	162	3
650	157	3
650	97	3
650	180	3
90	543	3
90	606	5
90	59	5
90	209	5
90	498	5
90	143	5
90	198	5
90	98	5
90	482	5
90	647	5
90	134	5
90	531	4
650	715	3
650	527	3
650	1039	3
90	494	5
90	512	4
90	732	5
90	136	5
90	100	5
90	12	5
650	402	3
650	1119	3
90	312	4
90	302	5
90	347	4
90	506	5
90	905	4
90	197	5
90	750	4
90	903	4
90	307	5
90	690	4
90	318	5
90	435	5
90	604	5
650	708	3
659	135	3
659	479	5
659	131	4
659	70	4
659	173	4
90	523	4
90	166	4
90	454	2
650	427	4
90	194	5
90	8	5
90	69	1
650	631	3
90	211	5
650	429	4
650	1065	4
90	187	4
659	507	5
659	805	5
90	127	4
659	655	4
90	965	5
90	958	4
90	170	5
659	705	5
650	160	3
650	15	3
90	1039	5
90	182	3
90	1196	4
90	474	5
90	493	5
90	33	4
90	216	5
90	317	4
90	86	5
90	275	5
659	157	4
659	1119	4
659	482	4
90	1205	3
90	285	5
90	485	5
90	190	5
90	1201	5
90	83	5
90	505	5
90	18	3
650	212	3
90	213	5
90	421	4
90	1194	4
659	498	3
659	486	4
650	380	2
90	855	5
90	709	5
90	462	5
90	193	4
90	847	5
90	490	5
90	610	5
650	1627	3
650	179	2
650	737	2
90	430	3
90	480	5
90	617	4
90	613	4
90	382	5
90	234	4
26	1013	1
650	1149	4
90	174	5
90	509	5
90	526	5
90	945	5
90	1198	5
90	70	5
90	499	5
650	378	3
659	519	4
659	210	5
659	483	4
659	566	3
26	864	2
26	979	3
26	760	1
90	79	4
90	175	3
90	923	5
90	64	4
90	1206	2
90	223	4
90	1005	2
90	486	5
659	4	3
659	76	4
650	809	3
659	199	4
659	657	5
659	494	4
650	1135	2
650	620	2
90	14	5
90	507	5
90	97	5
90	221	4
90	516	5
90	10	5
659	792	4
90	614	4
90	19	3
659	79	4
90	644	5
90	528	5
90	208	3
90	180	4
90	488	5
90	1200	4
90	131	5
90	676	2
659	179	1
659	211	3
659	181	3
650	1247	1
90	632	5
90	11	4
90	863	4
90	212	4
90	705	5
90	730	5
90	156	4
90	479	5
90	133	5
659	64	4
659	204	4
659	195	4
650	648	3
650	451	2
650	747	3
659	490	4
659	174	4
650	88	3
650	692	3
650	155	2
650	66	3
650	739	2
90	654	5
90	20	4
90	609	5
90	22	4
90	489	5
90	6	4
90	659	4
659	192	4
659	423	4
26	1014	3
26	476	3
659	467	3
90	199	5
90	519	5
90	427	5
90	514	3
90	191	5
90	1086	4
90	692	4
90	707	5
90	511	5
90	837	5
90	171	2
90	1197	4
90	972	4
90	276	4
26	1009	2
659	144	4
659	82	4
659	521	5
659	673	4
659	699	3
90	56	5
90	177	5
90	481	5
90	154	5
90	811	4
90	1137	2
90	650	5
659	172	3
659	654	4
659	96	4
90	631	5
90	135	5
90	1101	4
90	483	5
90	521	4
659	188	3
659	164	4
659	611	4
90	241	5
90	287	4
90	1125	4
90	126	2
90	203	5
90	433	3
90	652	4
90	178	5
659	89	4
90	31	4
90	607	5
90	132	5
90	1192	5
90	500	4
90	17	4
90	962	2
659	474	2
90	149	3
90	96	4
90	137	5
90	648	4
90	478	5
90	153	5
90	739	5
90	611	5
90	1193	4
90	517	3
90	1195	5
90	25	5
659	234	4
659	97	5
659	660	3
659	218	4
659	647	3
650	257	3
659	568	4
659	177	5
90	501	5
90	1097	4
90	42	4
659	196	4
659	517	5
659	69	3
90	527	5
90	1204	4
90	192	4
90	553	2
90	491	4
90	185	5
659	143	5
90	497	5
90	425	4
90	23	5
90	1020	5
90	703	3
90	651	5
90	423	5
90	813	4
659	528	4
659	58	4
659	356	3
650	301	2
90	639	5
90	464	5
90	45	3
90	60	4
90	89	5
90	155	5
90	273	3
659	514	5
659	180	5
659	735	3
659	183	4
659	197	5
650	137	3
90	1048	4
90	603	5
90	357	5
90	529	5
90	656	5
90	1202	5
659	162	3
659	443	5
659	469	4
90	568	5
90	942	4
90	515	5
90	220	4
659	367	3
650	604	3
90	151	2
90	836	5
90	657	5
90	162	5
659	186	3
650	661	3
90	237	4
90	387	5
90	721	3
90	367	4
90	443	4
90	762	3
90	150	3
90	971	4
90	196	4
659	496	5
659	215	4
659	1203	4
650	1474	3
90	699	4
90	65	4
90	202	3
659	66	4
659	202	4
650	474	4
90	215	2
90	402	5
90	684	3
90	618	5
659	506	3
90	447	5
90	117	3
90	179	5
90	57	5
650	485	3
659	448	4
659	167	3
659	49	3
659	499	4
659	502	4
90	475	3
90	1203	5
90	713	4
90	602	5
650	506	3
90	661	5
90	530	3
90	52	5
90	954	4
659	451	5
26	252	3
659	431	4
26	274	3
90	1199	5
90	1109	3
90	660	4
659	1267	3
659	670	2
26	118	3
26	926	2
650	1118	3
90	753	4
90	471	4
90	693	3
90	1134	3
90	356	4
659	609	4
659	505	4
650	182	3
650	491	3
650	482	3
90	496	4
90	518	2
90	148	2
90	9	4
90	708	5
650	420	3
650	25	3
90	662	5
90	26	4
90	30	5
90	821	3
90	966	5
90	964	5
90	1045	2
659	1064	5
659	481	5
650	239	3
650	614	3
650	54	2
90	1136	3
90	141	5
90	547	3
90	385	4
90	218	5
659	88	2
659	43	4
650	501	3
26	930	2
659	602	4
659	512	3
650	200	4
26	840	2
26	413	2
659	1044	4
659	86	5
650	447	3
650	109	3
26	456	1
650	755	3
650	141	4
659	601	3
659	712	3
659	649	3
659	837	3
659	942	3
26	127	5
26	302	5
26	100	5
26	313	5
26	50	4
26	15	4
26	181	4
26	276	4
26	9	4
26	1012	4
659	664	4
659	62	4
659	720	3
659	642	2
659	161	3
659	159	4
659	155	3
659	855	2
659	616	4
659	90	2
659	1168	4
659	559	1
659	708	3
650	219	3
659	629	4
659	77	4
650	4	3
650	71	3
650	72	2
650	393	3
650	674	4
659	175	5
650	432	4
650	671	3
650	163	3
659	447	3
659	794	3
659	569	2
659	675	4
650	601	3
784	286	3
784	315	4
784	750	5
784	313	5
784	302	5
784	300	4
659	739	4
659	393	3
784	272	4
784	346	4
784	303	4
784	344	4
659	73	4
659	241	3
784	310	4
784	299	3
784	269	5
784	331	4
784	326	5
659	226	4
659	762	3
659	212	4
659	387	4
784	321	3
784	270	3
784	690	4
784	754	3
784	258	5
650	489	3
659	1297	2
650	416	3
784	327	4
784	292	4
784	751	4
659	578	3
650	637	3
650	502	3
650	629	3
659	214	3
659	402	3
659	636	3
650	151	3
650	622	3
650	367	2
784	304	4
784	333	4
784	268	3
784	328	3
650	559	3
650	627	2
650	73	3
650	389	3
650	658	3
650	417	3
650	625	3
650	521	3
784	877	4
784	307	4
784	312	3
784	271	3
784	1038	3
784	323	4
784	260	4
650	371	2
650	21	2
121	300	3
784	334	3
784	332	4
650	719	3
650	1060	3
784	678	4
784	898	4
784	340	3
650	670	3
650	571	3
121	514	3
650	145	3
650	585	1
650	290	2
121	736	5
121	11	2
121	631	4
121	644	4
121	100	4
121	357	5
121	174	3
121	124	5
650	235	3
650	476	2
121	172	5
121	135	5
121	479	5
121	509	5
121	156	4
650	158	2
650	563	3
121	98	5
121	165	4
650	445	4
121	83	4
121	1194	4
121	1266	4
121	192	4
121	792	3
650	565	3
650	843	2
121	197	4
121	427	4
121	86	5
121	180	3
650	63	2
650	926	3
121	508	4
121	428	5
121	127	5
650	444	2
121	515	4
121	276	3
650	1110	4
121	1	4
121	121	2
121	137	5
121	117	1
121	125	2
121	250	2
121	298	2
121	237	5
121	249	1
121	458	1
121	744	3
121	126	3
121	292	4
121	282	1
121	628	3
650	1035	2
650	140	2
650	217	3
650	80	2
650	780	2
121	315	4
121	347	3
121	294	4
121	937	4
121	318	5
121	742	5
121	9	5
121	313	5
121	50	5
121	57	5
121	12	5
121	14	5
121	257	5
121	181	5
121	582	2
121	275	4
121	25	5
121	291	3
121	122	2
121	118	2
121	546	1
121	595	2
121	411	1
121	740	3
121	405	2
121	235	1
121	472	3
121	717	5
873	286	2
873	269	2
873	313	5
873	292	5
873	300	4
873	750	3
873	294	4
873	307	3
873	875	1
873	879	2
873	289	2
873	348	3
873	321	1
873	326	4
873	358	2
873	259	1
873	342	4
873	328	4
873	258	3
873	339	3
423	272	5
423	340	4
423	292	4
423	310	3
423	269	3
423	344	4
423	879	3
423	302	5
423	313	4
423	347	3
423	286	4
423	304	4
423	307	3
423	327	2
423	887	5
423	750	5
423	333	3
423	258	5
423	339	2
423	299	3
423	1265	4
423	754	4
423	751	3
423	690	4
423	300	3
423	326	4
423	328	1
423	1238	3
423	348	3
423	245	4
423	898	4
423	329	3
423	748	3
423	316	4
423	355	3
423	678	3
423	322	3
423	689	4
423	323	3
423	315	4
423	508	4
423	127	4
423	9	5
423	148	3
423	100	5
423	237	4
423	282	4
423	1011	3
423	125	2
423	293	4
423	591	5
423	15	4
423	276	5
423	628	4
423	924	4
423	471	3
423	744	4
423	1134	4
423	546	2
423	620	4
423	10	4
423	696	3
423	823	3
423	977	1
704	304	2
704	340	3
704	300	2
704	289	3
704	322	2
704	259	2
704	347	4
704	889	3
704	302	4
704	344	4
704	269	4
704	272	5
704	1296	4
704	286	5
704	354	4
704	316	4
704	222	3
704	435	4
704	173	4
704	172	2
704	480	5
704	170	3
704	514	4
704	210	4
704	187	4
704	14	3
704	493	4
704	655	3
704	519	3
704	603	5
704	208	3
704	50	5
704	191	3
704	89	5
704	193	5
704	135	5
704	735	4
704	98	5
704	429	4
704	58	3
704	631	3
704	604	5
704	22	2
704	1454	3
704	632	3
704	134	5
704	69	3
704	606	2
704	318	5
704	528	3
704	100	4
704	492	5
704	180	4
704	491	5
704	432	5
704	178	5
704	607	4
704	488	5
704	382	4
704	481	5
704	657	4
704	661	4
704	654	5
704	209	3
704	523	5
704	639	2
704	648	5
704	496	5
704	461	3
704	506	4
704	175	3
704	381	3
704	497	3
704	486	4
704	611	3
704	662	3
704	633	5
704	152	2
704	205	5
704	136	4
704	156	3
704	494	5
704	197	5
704	185	4
704	214	2
704	1299	3
704	154	3
704	211	5
704	131	5
704	679	2
753	272	4
753	313	5
753	269	5
753	242	4
753	286	3
753	359	4
753	304	4
753	294	5
753	316	4
39	315	4
39	272	2
39	319	4
39	900	3
39	313	4
39	345	3
39	302	5
39	269	4
39	333	4
39	300	3
39	301	3
39	258	4
39	307	2
39	306	3
753	898	4
39	339	3
39	270	4
39	294	4
39	748	5
39	347	4
39	288	5
39	352	5
39	937	5
753	322	3
753	328	3
753	347	2
753	750	2
753	300	1
753	98	5
753	96	1
753	193	4
753	179	2
753	185	3
753	504	3
753	510	4
753	71	5
753	527	4
753	462	4
753	172	3
753	199	5
753	23	2
753	657	5
753	79	4
753	435	4
753	483	5
753	515	5
753	427	5
753	180	2
753	194	4
753	173	5
753	484	5
753	22	4
753	183	1
753	69	4
753	523	4
753	195	1
753	182	3
753	653	4
753	187	3
753	357	4
753	50	4
353	340	4
353	301	3
353	331	4
753	181	3
753	211	4
753	89	3
353	328	2
753	215	5
353	300	3
753	174	4
753	499	3
753	134	4
353	270	2
753	64	4
753	673	1
353	245	4
353	327	2
353	326	2
353	271	2
353	898	2
353	358	1
353	260	1
353	343	2
353	905	4
353	258	5
353	313	5
353	332	5
353	346	4
353	333	4
353	272	5
353	315	4
353	750	4
353	316	5
353	286	5
294	902	4
660	680	2
356	331	3
356	347	4
356	315	4
356	313	5
356	272	5
356	1294	4
356	310	3
356	286	3
660	366	1
660	3	1
356	333	5
356	300	3
356	292	3
356	258	5
356	937	2
356	307	4
356	294	1
356	288	4
356	326	4
660	229	2
660	191	4
660	209	4
660	219	1
660	195	4
356	892	1
356	328	4
660	1	3
356	322	3
356	312	3
356	316	4
356	689	5
356	748	4
655	459	2
197	302	3
197	311	4
197	346	3
197	344	4
197	347	4
197	333	2
197	313	4
197	306	2
197	272	4
197	895	3
197	362	4
197	326	3
197	750	5
197	340	2
197	354	2
197	286	1
197	258	4
197	690	3
197	294	4
197	332	2
197	751	3
197	328	4
197	748	3
197	307	3
197	271	2
197	245	4
197	880	3
197	288	3
197	289	4
197	300	4
197	323	3
197	259	1
197	321	3
197	322	3
197	316	4
197	879	4
197	538	3
197	688	1
197	678	2
197	1420	1
197	174	5
197	89	5
197	195	5
197	176	5
197	187	5
197	56	1
197	210	5
197	127	5
197	651	5
197	172	5
197	50	5
197	183	5
197	79	5
197	96	5
197	22	5
197	511	5
197	265	5
197	11	1
197	230	4
197	241	3
197	82	5
197	181	5
197	566	4
197	385	2
197	808	3
197	228	4
197	510	5
197	233	4
197	177	5
197	679	1
197	435	5
197	526	5
197	431	3
197	182	3
197	515	5
197	227	3
197	4	3
197	550	3
197	684	4
197	184	1
197	33	2
197	2	3
197	518	1
197	188	3
197	55	3
197	39	2
197	226	4
197	568	4
197	403	3
197	62	2
197	229	3
197	720	2
197	38	3
197	576	4
197	161	4
197	578	3
197	190	3
197	68	2
197	1222	3
197	802	4
197	530	3
197	399	2
197	92	1
197	770	3
197	232	4
197	947	2
197	1419	2
197	849	3
197	1228	4
197	231	3
197	665	4
197	570	4
197	373	1
197	449	5
197	554	4
197	586	3
197	29	3
197	779	2
548	539	2
548	347	2
548	315	3
548	117	4
548	282	4
548	475	4
548	275	3
548	591	3
548	458	3
548	276	3
548	237	4
548	277	3
548	147	5
548	1405	3
548	283	3
548	284	3
548	405	4
548	950	4
548	13	1
548	291	5
548	1051	4
548	925	2
548	762	4
548	471	5
548	25	2
548	1011	2
548	235	3
548	477	1
548	151	1
548	924	3
548	619	3
548	546	4
548	15	2
548	118	5
548	597	4
548	628	2
548	928	3
548	696	4
548	121	5
548	3	1
548	472	2
548	1047	4
548	413	3
548	760	3
548	717	4
548	370	3
548	595	4
548	978	2
548	460	4
548	1278	4
102	269	2
215	288	2
215	258	3
215	272	3
215	354	4
215	270	3
215	300	3
215	271	4
215	483	4
215	474	4
215	180	3
215	523	4
215	89	4
215	179	4
215	144	4
215	22	3
215	205	3
215	496	5
215	127	4
215	203	3
215	182	3
215	134	4
215	202	4
215	197	4
215	172	4
215	434	5
215	28	4
215	191	4
215	433	3
215	238	2
215	423	5
215	196	4
215	132	5
215	357	4
215	157	4
215	432	5
215	181	4
215	195	5
215	183	5
215	234	4
215	212	2
215	215	3
215	421	4
215	99	4
215	186	4
215	237	4
215	151	5
215	15	3
215	216	4
215	176	5
215	64	4
215	174	4
215	82	3
215	11	2
215	168	5
215	23	3
215	204	3
215	194	4
215	8	2
215	211	4
215	208	4
215	70	3
215	210	4
215	692	3
215	88	3
215	239	3
215	451	3
215	227	5
215	230	3
215	229	3
215	222	4
215	449	4
215	380	3
215	450	2
215	228	5
215	517	5
215	87	5
215	98	5
215	480	5
215	1039	5
215	56	5
215	1063	5
215	50	5
215	313	5
215	443	4
215	185	4
215	54	4
215	218	3
215	164	3
215	226	4
215	636	2
215	77	3
215	159	3
215	552	3
91	313	4
91	300	4
91	333	5
91	343	4
91	682	2
91	750	5
91	328	4
91	331	5
91	326	3
91	294	3
91	748	2
91	327	4
91	683	3
91	322	4
91	323	2
91	338	4
91	289	4
91	264	4
91	988	2
91	351	4
91	689	5
91	480	4
91	31	5
91	618	3
91	187	5
91	136	4
91	183	5
91	204	4
91	474	3
91	97	5
91	205	5
91	529	4
91	484	4
91	507	4
91	568	2
91	127	5
91	265	5
91	614	4
91	79	5
91	193	3
91	56	1
91	527	4
91	427	4
91	69	5
91	195	5
91	651	5
91	423	5
91	318	5
91	174	5
91	510	3
91	515	5
91	176	5
91	98	5
91	657	4
91	501	2
91	389	2
91	495	4
91	601	4
91	603	5
91	210	5
91	172	4
91	211	2
91	479	4
91	482	3
91	483	4
91	22	5
91	64	4
91	511	5
91	28	4
91	1192	4
91	181	5
91	498	3
91	357	5
91	1126	1
91	192	4
91	135	4
91	429	4
91	161	3
91	435	4
91	134	4
91	143	4
91	82	5
91	99	2
91	50	5
91	520	4
91	1050	3
91	616	4
91	662	4
91	182	4
91	504	3
91	612	4
91	131	2
91	526	4
91	735	4
91	234	5
91	132	3
91	418	2
91	230	4
649	147	4
649	121	2
649	50	4
649	1	5
649	815	3
649	298	4
649	181	4
649	282	4
649	291	5
649	250	3
649	127	5
649	15	4
649	275	2
649	471	5
649	117	5
649	24	4
649	257	5
649	1016	4
649	1283	2
649	678	3
649	323	3
649	252	4
649	1244	3
649	254	4
922	288	2
922	271	3
643	50	4
643	100	5
643	515	4
643	408	4
489	342	3
643	282	3
489	1243	4
643	288	4
489	330	4
643	273	3
643	1	5
643	508	4
643	246	5
489	324	3
489	1238	4
643	7	4
643	129	5
643	276	5
643	685	3
489	323	5
489	243	4
489	325	5
489	680	5
489	687	3
489	358	5
489	991	3
643	127	5
643	845	3
643	181	3
643	147	3
643	1012	4
643	410	4
643	928	4
643	546	3
643	235	4
489	264	4
643	121	4
643	118	2
489	259	2
269	346	2
269	272	3
643	1016	3
643	240	5
643	150	5
643	117	3
643	405	3
269	268	5
269	919	4
269	515	4
269	302	3
269	315	4
269	902	5
269	316	4
269	340	5
269	886	3
269	124	5
269	127	4
269	285	5
317	288	4
317	331	4
269	137	4
269	276	5
489	989	3
317	313	4
489	266	5
269	9	4
269	100	5
269	1011	4
317	354	4
269	508	4
643	111	4
643	597	2
269	293	3
317	300	4
643	249	3
269	15	2
269	237	2
317	268	3
317	299	4
643	820	3
643	1028	3
317	683	2
317	326	3
317	328	4
269	985	3
269	148	1
701	286	4
701	269	5
643	1215	3
269	823	3
701	300	3
701	690	4
701	313	4
701	272	5
701	315	5
317	271	3
317	245	4
317	879	3
269	93	3
643	325	2
701	750	5
701	303	4
489	1293	5
489	1612	5
489	908	5
489	351	5
643	671	4
643	194	4
643	209	5
643	174	4
269	762	1
269	410	4
269	13	4
701	311	5
701	304	4
643	496	4
643	514	3
643	98	3
269	476	1
269	111	1
269	255	1
701	326	4
701	328	4
643	12	5
643	11	4
269	3	3
701	312	3
643	42	4
701	292	4
269	1361	4
269	235	3
317	322	3
317	355	4
701	751	4
701	333	3
701	344	3
643	56	5
643	47	4
317	350	5
317	351	3
317	323	2
701	689	3
643	79	4
643	969	4
643	156	5
269	1014	3
269	1028	2
317	748	5
317	264	4
643	114	4
701	289	4
701	316	5
269	818	3
269	122	1
317	678	2
317	260	4
643	483	4
643	357	5
269	412	3
269	1165	1
643	443	4
269	120	1
643	474	5
643	152	4
643	203	4
489	988	3
643	197	4
269	212	4
489	873	3
643	215	3
643	516	4
269	198	4
269	1148	4
643	482	4
643	195	5
643	172	5
643	189	4
643	481	4
643	659	5
643	187	4
701	1	4
701	100	5
701	127	4
701	285	5
269	531	5
269	59	4
269	179	4
643	168	5
643	176	5
643	185	5
701	124	5
701	255	3
701	19	5
269	1073	3
269	171	5
269	923	4
643	656	4
643	153	4
643	428	4
701	297	4
701	50	5
701	257	4
701	237	5
269	462	3
269	639	4
269	170	2
269	512	5
489	876	2
489	319	3
643	169	4
643	205	5
701	275	5
269	582	4
269	213	5
643	234	4
643	505	4
643	228	4
269	70	1
269	509	4
643	144	4
643	154	4
922	294	4
489	880	2
643	435	5
269	52	4
643	68	3
643	504	4
643	423	4
643	430	5
269	1006	3
269	1428	5
269	1005	4
643	69	3
922	50	5
643	32	4
643	603	5
643	99	4
643	367	4
643	418	4
489	299	2
489	881	2
269	644	5
269	528	4
269	523	5
643	128	3
643	211	4
922	56	1
489	1280	3
489	308	4
643	519	4
643	87	5
643	186	4
643	568	4
643	173	4
922	228	4
922	98	5
922	222	4
643	223	4
643	1098	4
922	431	4
922	230	4
643	96	5
643	663	4
643	39	4
643	679	3
269	23	5
269	1103	5
269	522	5
269	357	5
269	661	4
922	229	4
922	227	4
922	265	5
643	639	4
643	183	5
269	318	4
922	449	4
269	518	4
269	647	4
489	332	5
922	77	4
643	23	5
643	202	3
643	92	4
643	1149	3
269	527	5
269	205	3
269	187	4
269	58	2
489	321	3
489	887	2
922	159	3
922	1157	2
643	143	4
643	732	3
489	355	5
489	316	5
922	450	4
269	1065	5
269	631	4
643	204	3
643	179	4
489	689	5
489	343	5
643	631	3
269	697	4
269	135	4
269	632	4
922	406	4
643	404	4
489	948	2
269	64	4
269	427	5
269	182	4
269	197	5
269	192	4
922	579	3
489	890	5
643	177	4
643	28	4
643	419	4
643	1101	3
269	806	3
269	655	4
922	173	5
269	521	4
269	423	4
269	645	4
269	69	1
643	58	4
643	501	4
269	22	1
269	65	4
269	469	4
489	750	5
269	157	3
269	715	4
643	82	3
643	673	4
643	238	3
489	754	5
489	752	5
489	302	5
489	303	4
922	216	3
922	83	4
922	202	5
269	180	3
269	735	2
269	1101	4
643	216	4
643	208	5
643	4	4
269	162	3
269	1427	2
489	895	4
636	258	5
636	313	5
636	272	5
643	655	4
269	939	2
636	9	3
489	338	3
643	55	4
643	2	3
643	356	4
269	649	2
269	660	1
269	160	2
269	856	5
489	538	4
636	100	5
636	1	3
636	275	3
922	662	3
922	747	3
922	237	4
922	451	4
922	274	3
643	200	3
643	132	5
489	263	2
269	196	1
269	464	3
269	387	3
636	813	5
643	210	4
269	673	4
269	81	3
269	708	4
269	425	5
922	371	3
643	630	3
643	470	4
269	11	3
489	272	5
489	340	4
269	47	4
269	239	2
269	1168	2
489	315	5
489	327	5
489	339	3
643	162	3
269	792	4
922	51	4
922	402	3
489	334	4
489	268	2
269	76	3
269	1135	2
922	421	4
922	155	2
922	212	2
269	956	3
269	658	2
643	527	3
922	739	3
269	1438	3
269	403	1
489	872	2
269	214	3
269	778	3
922	432	5
922	1	5
489	878	2
489	897	2
269	729	2
922	71	4
922	95	3
922	99	4
922	588	4
922	418	4
643	956	4
643	521	4
643	492	4
643	1074	2
643	89	3
269	1478	1
269	1267	1
269	723	1
252	300	4
269	1074	1
269	402	2
489	271	4
489	270	4
269	365	2
643	1065	4
643	484	5
489	874	2
489	347	5
643	66	3
643	65	4
269	89	2
269	483	4
269	507	4
489	883	2
269	482	3
269	183	3
269	474	4
922	91	4
922	596	4
489	539	4
643	163	4
643	509	3
269	134	4
269	238	5
269	705	2
269	168	4
489	885	4
489	688	2
269	181	2
269	603	5
269	209	4
269	484	3
269	604	3
636	283	3
269	530	3
269	498	4
269	50	3
269	488	4
489	902	4
269	194	5
269	98	4
269	185	5
269	478	4
269	654	4
269	428	5
269	479	4
269	176	2
269	435	3
922	143	4
922	174	5
922	172	5
489	310	4
269	172	3
922	699	3
269	7	3
269	525	4
269	136	4
269	211	4
269	499	4
489	683	2
269	195	3
922	181	5
922	427	5
636	10	5
269	514	4
922	82	3
269	174	1
269	132	5
636	222	5
922	151	5
489	261	2
489	349	4
269	154	3
269	517	4
636	596	5
636	121	5
269	177	5
269	55	4
636	15	5
636	25	5
643	712	3
643	447	4
643	233	4
643	790	4
489	457	3
636	740	4
636	760	5
269	133	3
643	72	4
643	451	2
269	208	2
269	707	2
636	118	5
636	106	4
922	94	3
643	385	3
643	159	3
643	155	2
269	153	3
269	602	4
922	63	3
269	156	5
636	235	4
643	161	3
269	234	1
269	659	4
643	88	2
643	33	3
269	497	3
269	173	1
643	780	4
269	642	3
489	875	2
489	1613	4
489	1265	2
643	226	2
643	739	3
643	566	3
643	67	4
643	716	3
269	608	4
489	892	3
643	403	3
269	657	4
269	492	4
269	505	3
922	1035	3
489	353	4
643	77	3
269	1020	4
269	506	5
643	448	3
269	1154	3
269	210	1
643	24	4
643	219	5
269	414	3
643	229	3
269	42	5
269	747	4
269	17	2
269	186	2
643	218	3
643	1139	3
643	824	3
269	44	3
269	216	1
643	53	4
269	131	5
643	959	3
643	5	3
269	68	3
269	163	2
643	432	5
269	1071	2
643	420	4
269	502	3
269	204	2
269	710	1
643	49	3
643	436	4
922	200	3
269	793	4
269	663	4
269	433	3
643	468	4
922	447	1
922	184	3
643	674	3
922	219	1
643	29	2
269	486	3
269	504	4
643	665	3
269	679	1
269	378	3
269	200	4
269	8	2
922	217	3
269	432	4
269	367	3
643	629	3
643	715	5
643	94	4
643	393	4
643	550	3
922	145	3
643	231	2
643	571	3
643	1221	3
643	572	3
922	89	5
922	210	3
643	399	3
643	794	3
269	1110	2
269	143	3
269	445	3
922	183	3
922	176	3
922	11	5
922	195	3
922	161	3
269	241	1
269	202	2
269	821	1
269	88	1
269	636	3
269	616	4
269	614	3
269	151	5
269	218	2
922	568	3
269	763	1
269	1397	4
922	22	5
922	68	4
922	385	3
269	448	2
269	805	2
269	152	4
269	188	2
269	436	3
922	455	4
269	568	2
643	268	4
269	96	1
922	1110	4
922	62	3
269	82	2
269	5	2
922	576	4
922	29	3
922	550	3
922	403	3
269	232	1
922	391	3
269	441	1
269	63	1
922	562	3
922	810	4
269	371	5
269	451	1
269	274	1
269	405	1
922	168	3
269	597	1
269	401	3
269	231	1
269	121	1
269	411	1
269	161	1
269	393	1
922	153	4
269	66	1
269	627	1
475	313	2
475	302	3
922	204	3
269	716	4
269	1479	2
269	53	1
269	51	2
922	433	4
922	746	4
475	327	4
475	258	1
922	175	3
475	306	5
475	286	2
475	269	4
922	290	4
269	417	2
269	447	3
922	655	2
475	303	1
475	347	4
922	382	4
269	761	2
269	77	1
269	1133	1
269	843	3
269	629	2
475	902	5
269	739	1
269	809	1
269	72	2
269	139	1
269	998	5
269	142	1
269	775	1
269	281	1
269	217	2
269	831	2
269	167	1
475	539	3
269	1091	2
269	1480	1
269	931	1
269	674	2
269	928	1
269	771	1
269	665	1
269	1411	3
269	396	4
269	1188	1
269	783	1
269	940	1
269	756	1
269	106	1
269	1444	1
269	444	3
475	315	4
475	100	5
922	715	3
922	235	2
922	72	4
922	384	4
922	367	3
922	80	3
922	395	4
922	67	3
922	127	3
922	69	3
922	15	4
922	660	3
922	631	3
922	471	3
922	215	3
922	135	2
922	276	3
922	214	2
922	380	4
922	949	5
922	43	3
922	375	2
922	191	3
922	919	5
922	258	4
922	250	2
922	257	4
741	313	4
922	476	1
922	756	2
922	252	2
922	249	3
252	286	5
922	1079	1
741	202	3
741	186	5
252	268	5
741	210	3
741	435	4
922	411	1
741	134	5
741	31	3
741	98	5
741	234	4
922	834	1
741	54	3
741	228	2
741	79	4
741	566	4
741	673	4
741	5	3
741	77	3
741	17	2
741	218	4
741	226	2
741	265	5
252	7	4
252	742	4
741	742	4
741	121	2
741	164	3
922	122	2
741	281	2
269	529	5
269	56	5
269	537	5
269	175	5
269	496	5
269	48	5
741	38	2
741	118	1
741	1090	1
741	696	3
741	682	3
269	825	1
741	239	2
741	403	5
741	582	3
269	845	1
269	252	1
269	1040	1
741	92	3
252	275	5
269	717	1
741	732	4
269	254	1
741	70	4
741	15	4
741	215	4
741	496	5
252	847	4
252	740	3
252	224	4
741	478	5
741	131	4
252	277	4
252	100	5
252	9	5
741	945	5
741	479	5
252	149	5
252	129	4
252	14	4
252	475	5
252	290	3
252	276	5
252	410	5
252	1	5
269	246	5
269	961	5
269	108	5
269	191	5
269	664	5
269	922	5
269	741	5
269	475	5
269	959	5
269	640	5
741	194	4
741	367	2
741	209	3
741	216	4
741	785	3
741	1074	2
741	451	3
741	1041	4
741	781	4
741	790	3
741	399	2
741	88	4
741	67	3
741	94	3
741	401	3
252	124	5
146	286	3
146	347	3
741	1029	1
741	722	3
146	319	4
146	272	5
146	302	4
146	345	4
146	269	4
146	313	4
146	346	4
741	783	3
146	294	1
146	311	4
146	262	4
146	340	4
146	258	4
146	271	3
146	688	1
146	1294	4
741	180	4
741	480	5
741	83	4
146	327	3
146	301	2
146	307	3
146	300	3
741	290	3
146	342	1
741	273	3
146	328	3
146	1293	5
146	245	5
741	255	3
146	315	5
146	1022	5
146	331	5
146	336	5
741	1016	3
741	283	4
741	280	3
741	25	3
741	151	3
741	1152	3
741	815	3
830	313	5
830	310	4
830	98	5
830	183	4
830	837	5
767	300	4
767	344	4
830	427	5
830	205	5
767	486	4
767	100	5
767	659	5
767	524	5
767	98	5
767	505	4
767	163	4
830	87	4
830	480	5
830	661	4
767	172	5
767	22	4
767	177	5
767	242	4
767	481	5
767	724	4
767	187	4
767	170	5
767	921	5
767	28	4
767	176	3
767	56	4
767	207	5
767	222	5
183	270	3
183	258	3
767	1068	4
767	432	5
767	506	5
767	1	5
767	180	5
767	483	5
767	141	4
767	183	4
767	1121	5
767	648	4
767	657	4
767	478	4
767	495	4
767	615	4
183	202	4
183	228	4
183	229	3
183	380	4
183	227	4
183	450	3
183	449	2
183	96	3
183	121	3
183	181	2
830	187	2
830	751	2
830	195	3
830	127	4
830	294	3
830	56	2
830	134	3
183	649	4
830	692	4
830	648	5
830	241	4
830	202	5
830	88	4
830	173	4
183	250	2
183	405	4
830	732	5
830	197	4
183	257	2
183	210	3
183	203	3
183	176	3
183	55	4
183	226	3
183	265	2
903	693	5
903	655	5
903	186	5
903	81	5
903	56	5
903	179	5
903	156	5
903	188	5
903	427	5
903	1142	5
183	77	3
183	1217	3
183	356	3
903	52	3
183	88	3
903	59	4
903	30	5
183	94	3
183	562	3
183	294	3
183	739	4
183	375	2
183	431	2
183	1215	1
183	54	2
183	50	2
183	1090	2
183	225	1
183	212	4
416	972	4
325	340	3
325	313	2
325	272	3
325	269	4
325	286	4
325	305	2
325	319	3
325	345	3
325	325	1
325	271	3
325	152	4
325	504	3
325	493	4
325	616	4
325	357	4
325	137	5
325	183	3
325	174	2
325	135	5
325	514	4
325	430	5
325	511	4
325	650	3
325	175	5
325	475	4
325	865	3
325	98	4
325	483	5
325	835	5
325	200	2
325	185	5
325	527	4
325	50	5
325	1203	5
325	521	4
325	181	4
325	510	4
325	495	3
325	506	5
325	199	5
325	197	4
325	517	4
325	656	4
325	526	3
325	435	3
325	654	4
325	23	5
325	195	2
325	114	5
325	205	4
325	408	5
325	58	3
325	498	4
325	133	3
325	482	4
325	530	4
325	434	5
325	640	3
325	523	3
325	474	5
325	191	3
325	190	4
325	507	3
325	176	3
325	480	4
325	187	3
325	127	5
325	154	3
325	100	4
325	604	4
325	469	4
325	1523	4
325	529	4
325	109	2
325	647	5
325	179	5
325	505	4
325	492	4
325	115	3
325	86	3
325	186	4
325	525	5
325	134	4
325	485	3
325	177	5
325	211	3
325	93	4
325	193	4
325	484	5
325	1	2
325	132	3
325	32	3
325	236	3
325	47	3
325	208	3
325	628	3
325	2	1
325	210	2
325	28	3
325	234	3
325	168	3
325	443	4
325	182	3
325	172	4
325	458	3
325	95	2
325	180	4
325	188	2
325	71	3
325	16	1
325	1411	4
325	164	1
325	143	1
183	216	4
325	614	4
325	1018	3
325	502	4
325	107	2
325	403	2
183	62	2
325	1149	4
325	1232	1
325	99	5
325	82	3
325	432	5
325	235	1
325	961	4
325	655	4
325	768	3
325	240	1
325	1118	3
325	1140	3
183	1159	3
325	402	2
325	1230	3
183	144	3
325	737	4
325	386	4
325	554	1
325	542	2
325	383	1
325	548	3
325	1487	3
325	771	1
325	1003	3
325	105	3
778	262	4
856	313	5
856	310	3
856	347	2
856	272	5
856	750	5
856	315	5
856	307	4
856	286	4
856	258	4
856	690	4
856	300	4
856	270	3
856	326	2
856	312	2
856	749	3
856	879	3
856	328	3
856	327	4
856	294	4
856	289	1
856	316	5
856	323	2
856	322	4
856	748	3
856	678	3
856	688	2
363	313	5
363	302	5
363	258	3
363	315	3
363	682	1
363	333	1
363	691	3
363	288	4
363	347	3
363	270	2
363	346	4
363	751	1
363	906	2
363	307	5
363	328	3
363	895	3
363	271	4
363	351	2
363	350	1
363	752	5
363	316	3
363	301	3
363	322	2
363	336	4
363	678	1
363	325	1
363	264	3
363	260	2
363	312	3
363	1	2
363	496	4
363	169	5
363	657	5
363	11	5
363	9	3
363	196	4
363	173	5
363	919	5
363	523	3
363	114	5
363	89	4
363	184	3
363	187	2
363	134	2
363	1512	1
363	24	3
363	180	3
363	181	5
363	96	5
363	183	4
363	518	4
363	79	2
363	144	4
363	408	5
363	186	3
363	69	3
363	168	4
363	210	4
363	152	5
363	707	3
363	474	5
363	4	5
363	156	3
363	22	3
363	58	3
363	193	3
363	182	1
363	789	4
363	709	4
363	1101	3
363	568	2
363	100	5
363	42	2
363	12	5
363	189	5
363	176	4
363	603	4
363	174	4
363	433	4
363	652	4
363	163	3
363	50	5
363	127	4
363	153	3
363	223	5
363	650	2
363	234	3
363	505	3
363	91	4
363	195	4
363	232	2
363	239	3
363	56	5
363	71	3
363	431	2
363	185	5
363	741	3
363	39	4
363	28	4
363	265	3
363	588	2
363	93	4
363	128	5
363	705	2
363	201	2
363	98	3
363	537	1
363	204	2
363	1099	2
363	7	3
363	778	4
363	116	4
363	282	2
363	710	5
363	317	5
363	746	4
363	273	3
363	224	4
363	55	5
363	65	4
363	651	3
363	653	3
363	423	3
363	188	4
363	172	5
363	461	3
363	137	5
363	428	5
363	117	5
363	2	4
363	68	2
363	171	5
363	675	3
363	511	4
363	699	2
363	435	3
363	216	3
363	531	4
363	792	4
363	200	3
363	17	4
363	747	5
363	698	2
363	284	2
363	283	2
363	735	3
363	506	2
363	372	4
363	469	2
363	429	5
363	589	3
363	1485	4
363	557	1
363	1056	4
363	208	4
363	549	4
363	47	5
363	87	3
363	154	4
363	215	3
363	582	2
363	237	2
363	25	3
363	1073	4
363	179	4
363	70	2
363	1019	5
363	403	3
363	566	3
363	380	4
363	228	3
363	1267	2
363	97	2
363	222	5
363	658	3
363	673	2
363	1168	2
363	206	2
363	77	2
363	660	4
363	81	4
363	32	2
363	159	1
363	150	5
363	143	2
363	95	3
363	164	2
363	290	3
363	161	4
363	66	4
363	1067	3
363	72	1
363	640	2
363	559	3
363	426	2
363	44	3
363	455	5
363	101	1
363	1010	4
363	685	4
363	226	1
363	405	4
363	82	3
363	854	1
363	5	1
363	151	4
363	742	2
363	385	4
363	451	2
363	235	5
363	218	2
363	737	1
363	770	4
363	1009	2
363	550	4
363	805	4
363	73	2
363	679	4
363	1495	5
363	212	1
363	121	2
363	229	3
363	148	3
363	631	1
363	546	3
363	230	2
363	54	3
363	959	1
363	238	4
363	366	2
363	387	1
363	62	2
363	231	1
363	1074	2
782	313	5
782	272	5
782	269	3
782	315	4
782	333	3
782	302	3
782	354	2
363	809	4
363	155	2
363	1214	1
363	979	1
782	1670	3
782	690	4
782	1127	2
782	752	4
782	750	4
363	552	4
363	8	5
782	331	3
782	268	3
782	346	2
782	344	3
782	307	4
363	825	4
782	304	4
782	286	2
782	902	2
782	300	4
782	1237	3
782	258	4
363	578	4
363	393	4
363	1035	2
363	448	5
782	340	3
782	900	3
782	270	4
782	310	4
782	895	4
363	554	1
782	308	4
782	938	3
782	1296	3
782	328	5
782	894	2
363	625	4
363	67	1
363	384	1
782	691	3
782	260	2
782	299	3
782	288	4
782	749	4
363	88	2
363	616	3
363	227	4
782	351	3
782	301	3
782	347	1
782	332	4
782	245	4
782	361	3
363	90	5
363	761	3
363	739	3
782	683	1
782	348	4
782	330	4
782	292	4
782	877	3
782	271	2
782	1038	4
782	329	3
782	538	4
363	417	1
363	569	2
782	259	1
782	876	2
782	879	3
782	989	3
782	886	3
363	217	2
363	597	4
782	908	3
782	342	2
782	880	4
782	326	5
782	1394	4
782	751	2
363	719	3
363	402	2
363	849	2
363	29	1
782	881	3
782	243	3
782	324	2
782	294	3
782	321	2
782	322	4
782	264	4
363	386	1
363	38	3
363	80	4
782	316	4
782	1025	2
782	681	3
782	289	3
782	312	4
363	472	1
363	831	1
363	572	2
363	1478	1
363	946	4
363	37	2
782	323	3
782	873	4
782	1393	2
782	682	4
782	872	2
782	352	1
782	1243	3
363	473	4
782	1191	3
363	1157	2
363	145	1
782	350	4
782	1527	2
782	358	4
782	339	3
782	338	2
782	887	4
363	575	1
363	802	2
363	102	4
782	689	3
782	325	2
782	748	4
782	898	3
363	1228	2
782	349	3
782	1105	3
782	885	3
782	678	3
363	816	1
782	905	4
363	391	2
782	355	3
782	343	2
782	984	2
363	774	4
363	449	3
782	539	3
782	890	1
782	687	2
782	680	1
782	261	2
363	561	2
782	937	1
782	335	2
782	688	2
782	878	3
782	266	1
782	1399	2
782	888	3
363	1215	1
363	940	2
363	555	1
363	933	2
363	665	2
363	571	1
782	127	4
782	181	3
782	1405	2
782	50	3
782	1144	3
782	1142	3
782	1387	3
782	257	3
782	298	4
782	293	2
782	1278	4
782	1643	2
782	255	4
782	295	2
782	1016	3
782	248	4
782	244	4
782	246	3
363	293	4
782	1012	2
782	1477	3
363	1007	5
363	1012	4
782	532	2
782	993	3
782	992	2
782	249	2
782	1608	3
363	298	5
363	591	4
782	1609	1
782	1226	2
782	1013	3
782	1315	3
782	1620	3
782	1513	2
782	250	4
782	1258	2
363	250	1
782	1283	2
782	252	3
782	535	3
782	1300	2
782	1378	2
363	256	3
782	1598	2
363	1016	4
782	1528	2
363	248	5
363	257	2
782	1023	3
782	990	3
782	1383	3
782	1615	3
782	1088	2
782	1014	2
782	987	3
782	1244	3
782	1089	2
782	1279	3
782	254	2
782	948	2
782	1138	2
782	1096	2
782	1664	4
782	247	1
782	1663	2
782	1292	3
363	1014	1
782	1254	3
363	1013	3
363	760	1
782	1388	3
782	1251	3
782	1389	3
782	515	3
782	1589	3
782	1390	3
782	1379	3
782	1385	4
782	1590	3
782	1302	3
782	1611	3
782	1386	3
782	1252	3
782	1537	3
782	1391	4
782	1600	3
782	1588	3
782	297	3
782	1007	3
782	1668	3
782	251	3
782	1538	3
782	534	3
782	296	3
782	1382	3
782	1667	3
782	1644	2
782	936	3
782	1384	3
782	1662	4
363	1052	3
782	1669	2
782	1380	2
782	1241	2
782	935	2
782	536	2
782	1216	2
782	1160	2
782	253	2
782	256	2
782	533	2
363	767	2
782	1417	2
782	1514	2
782	1605	2
782	1534	2
782	1511	2
782	1255	2
782	1665	2
782	994	2
782	1666	2
782	1143	2
363	120	1
782	1610	1
782	991	2
782	1082	3
782	1190	2
782	1658	2
782	1173	2
782	1652	1
782	1257	1
782	1256	2
363	370	3
363	443	4
363	444	4
363	859	4
363	590	3
145	354	4
145	347	3
145	988	1
669	169	3
669	268	3
669	22	3
669	172	3
669	194	3
669	749	3
669	537	3
669	505	3
669	324	3
669	269	3
669	657	5
669	527	3
669	50	5
669	208	2
669	97	4
669	515	5
669	480	5
669	168	4
669	12	5
860	269	2
860	1059	1
625	751	4
625	294	3
214	268	2
214	288	3
214	872	2
214	294	3
214	334	3
214	752	2
214	325	3
214	307	3
214	340	3
214	346	3
214	319	3
214	269	3
27	50	3
27	1017	4
27	246	4
27	9	4
27	475	2
214	275	3
214	246	2
214	100	4
214	127	4
27	508	3
27	596	2
214	248	4
27	515	4
214	250	2
214	181	3
214	50	3
27	288	3
27	148	3
27	100	5
27	742	3
214	1017	4
214	508	4
27	295	3
27	298	4
27	281	3
214	257	3
214	952	3
214	24	3
214	298	3
27	121	4
27	123	5
27	325	2
27	978	2
27	244	3
27	930	2
27	118	3
214	137	4
214	117	4
27	370	4
27	925	3
214	249	3
214	276	3
214	13	3
27	286	3
214	121	4
214	408	4
214	45	4
214	856	4
214	483	4
214	652	4
214	154	3
214	518	3
334	286	4
334	896	5
334	269	3
334	310	3
214	522	4
214	479	4
214	478	4
214	187	4
214	134	4
334	313	4
334	303	4
214	603	4
214	527	4
334	268	4
334	306	4
334	272	4
214	482	4
214	608	4
334	307	3
334	305	2
334	882	3
214	708	4
214	960	2
214	169	4
214	135	3
214	182	4
334	345	2
334	906	5
334	337	4
334	302	5
214	195	4
214	223	3
214	22	3
334	300	3
334	346	5
334	288	3
214	531	4
214	168	3
334	319	3
334	301	2
334	333	4
334	886	4
214	582	3
334	340	3
334	258	4
334	879	3
334	877	3
214	1039	4
334	312	2
334	326	1
214	1401	4
214	114	4
214	216	4
214	79	4
334	328	3
214	171	4
334	689	3
334	271	3
334	937	3
334	245	2
214	172	3
334	316	4
334	1313	4
214	705	4
214	693	3
214	213	4
214	69	2
334	678	3
214	131	3
214	191	4
214	238	4
334	289	3
334	887	5
214	196	4
214	166	4
334	338	1
214	496	4
334	322	3
334	1011	4
334	124	5
334	297	5
334	1202	4
334	275	4
334	100	5
334	9	4
334	285	4
334	129	4
334	117	3
334	1198	3
334	1163	4
334	1137	4
334	257	4
334	936	3
334	236	4
334	7	5
334	283	4
334	922	4
334	591	4
334	14	3
334	255	3
334	250	3
334	127	4
334	293	3
214	39	4
334	628	4
334	50	5
334	508	3
334	845	2
334	20	4
334	181	4
334	221	5
334	277	3
334	222	4
334	19	4
334	282	4
334	151	4
334	125	3
334	246	4
334	475	4
334	137	2
334	742	2
334	290	3
334	248	4
334	224	2
334	93	4
334	116	4
334	762	3
334	244	3
334	121	3
334	237	4
334	276	4
334	13	3
334	1010	5
334	744	3
334	1008	4
334	287	3
334	950	3
334	1315	4
334	1016	3
334	866	3
334	10	4
334	235	3
334	1014	2
334	130	4
334	846	3
334	1051	4
334	1048	4
334	220	3
334	1241	2
334	870	3
334	620	2
334	1226	4
334	815	3
334	476	3
334	1132	2
334	225	3
334	840	4
334	11	4
334	753	4
334	42	4
334	115	5
334	684	4
334	191	4
334	606	5
334	484	5
334	135	4
334	98	4
334	182	3
334	427	4
334	23	4
334	209	3
334	423	5
334	22	4
334	1172	3
334	663	5
334	265	3
334	525	5
334	515	4
334	89	4
334	498	4
334	657	4
334	514	4
334	479	4
334	856	4
334	318	4
334	531	5
334	183	4
334	185	4
334	207	4
334	945	4
334	223	5
334	134	5
334	59	5
334	317	3
334	171	4
334	707	4
334	203	4
334	1020	4
334	170	3
334	419	3
334	197	4
334	481	5
334	607	3
334	430	4
334	179	4
334	132	3
334	558	4
334	527	3
334	238	4
334	488	5
334	175	4
334	474	3
334	655	4
334	792	4
334	81	4
334	71	3
334	429	4
334	70	3
334	169	4
334	216	3
334	28	3
334	213	4
334	505	4
334	210	3
334	208	5
440	242	5
440	313	4
440	310	3
440	272	5
440	904	5
440	690	4
440	750	5
440	304	5
440	300	3
440	328	3
334	58	4
334	239	3
334	168	5
334	56	4
334	502	3
334	652	5
334	79	4
334	174	4
334	403	4
334	12	5
334	176	3
334	405	3
334	496	3
334	227	1
334	82	4
334	693	3
334	190	4
334	187	4
334	443	3
334	196	4
334	186	3
334	675	4
334	658	3
334	512	4
334	47	4
334	8	4
334	200	4
334	204	4
334	160	4
334	494	4
334	154	4
334	582	5
334	549	4
334	371	2
334	91	4
334	153	4
334	421	4
334	500	3
334	193	4
334	518	4
334	899	4
334	347	3
334	529	5
334	111	3
334	1524	4
334	631	4
334	634	4
334	855	3
334	955	1
334	905	1
440	258	4
829	255	3
334	608	4
334	1073	4
334	131	4
334	461	3
440	749	3
334	506	3
334	228	5
334	408	4
334	428	4
334	537	4
334	69	1
334	95	3
334	164	3
334	640	4
334	635	2
334	436	3
334	44	4
334	485	3
334	142	3
334	710	3
334	86	4
334	218	3
334	4	3
334	709	4
334	68	3
334	642	5
334	629	4
440	245	4
334	99	4
223	286	1
223	288	3
440	937	5
440	329	5
440	361	5
440	1105	5
440	324	5
440	1265	5
440	1591	5
334	387	4
334	52	4
334	163	4
334	746	3
223	1234	3
334	1426	4
334	143	2
223	333	4
334	740	3
334	73	3
223	300	3
334	1170	4
223	309	4
223	313	5
334	716	3
223	908	1
223	332	4
223	258	1
334	230	4
223	682	4
334	425	4
334	521	4
223	294	4
334	553	1
334	566	3
223	259	3
334	569	2
223	322	4
223	321	1
334	172	3
223	328	3
334	1074	2
334	736	3
223	984	3
223	323	2
223	289	1
334	231	2
334	214	3
223	749	4
334	1404	4
223	243	3
223	329	2
334	396	4
223	873	3
334	72	3
334	1133	4
223	339	4
334	74	2
334	77	3
334	810	3
223	125	3
223	121	3
334	161	3
223	276	4
223	1	4
223	255	4
223	25	1
440	319	2
440	751	3
440	340	2
223	295	3
334	1411	1
334	561	2
223	1009	1
334	931	1
223	117	5
334	449	3
223	619	2
223	742	3
223	1197	3
223	298	5
334	712	3
223	597	4
223	591	3
223	282	4
334	865	2
334	1108	4
223	237	5
223	1016	5
334	1041	3
223	284	2
223	248	1
223	596	3
223	845	4
334	761	2
334	1504	3
334	29	2
334	229	2
223	926	4
223	111	4
334	217	2
223	1150	2
334	1006	3
223	409	3
223	535	3
223	993	4
223	249	2
223	278	4
334	1263	4
334	155	2
223	1051	3
223	118	2
223	866	4
223	924	1
223	1014	4
223	929	3
223	411	1
223	405	1
223	257	4
223	763	3
223	864	3
223	975	1
223	274	4
223	546	5
334	1207	2
334	38	2
223	477	3
223	846	2
223	225	3
223	620	2
223	369	1
223	756	3
223	1284	1
223	977	2
223	252	1
223	1088	4
223	930	2
334	450	1
223	476	3
223	820	4
334	577	2
223	1052	1
440	350	5
440	883	5
440	1191	5
223	819	3
440	271	5
440	1038	5
440	312	5
223	826	1
440	886	5
334	61	3
223	1291	3
334	888	2
223	1300	1
223	717	1
223	974	2
223	120	2
334	902	4
334	315	4
334	304	3
223	11	3
223	22	5
223	95	5
223	71	5
223	969	5
223	28	4
223	8	2
223	423	3
223	185	2
223	318	4
223	173	5
223	470	4
223	143	4
223	69	5
223	216	5
223	155	5
174	13	3
174	138	1
191	750	4
191	302	4
191	270	3
191	315	5
191	754	3
191	900	4
191	891	3
191	752	3
191	313	5
830	225	3
830	151	3
830	1	4
191	331	4
191	272	4
191	751	3
191	345	4
191	300	4
191	340	4
191	286	4
830	100	5
191	307	3
830	424	1
830	15	4
830	222	3
191	301	4
191	316	5
830	588	5
830	501	3
830	99	3
830	95	3
830	432	3
830	71	4
830	418	3
830	627	3
830	625	3
830	172	5
830	50	5
830	174	5
830	79	4
830	265	5
830	228	3
830	89	5
830	210	5
830	568	4
830	96	3
830	181	5
830	22	5
830	511	5
830	176	3
830	510	4
830	82	3
830	227	3
830	651	4
830	233	3
830	431	3
830	435	5
830	385	4
830	679	3
830	403	4
830	2	3
830	226	5
830	230	3
191	343	3
830	177	4
830	161	4
830	550	5
830	229	2
830	566	3
830	231	2
830	554	5
830	399	5
191	328	3
191	288	3
191	332	2
191	269	3
191	339	3
191	896	3
191	86	5
232	269	3
232	150	3
232	117	3
335	340	5
335	902	5
335	269	4
335	258	1
335	313	3
335	305	4
335	328	3
335	307	5
335	333	4
335	288	4
335	342	2
335	347	5
335	300	5
335	271	4
335	355	3
335	245	4
335	324	1
335	748	2
335	323	4
335	322	4
335	260	3
335	678	3
530	1226	4
530	319	3
530	1136	4
530	470	3
440	323	1
440	243	1
440	988	1
440	1073	4
440	198	4
440	923	5
440	1194	5
440	971	5
440	171	5
440	283	5
440	582	3
440	86	5
440	57	5
440	70	4
440	213	4
440	462	5
440	736	5
440	512	3
778	738	1
440	1504	4
440	921	5
440	515	4
655	695	3
655	427	4
655	221	3
655	1223	3
655	1170	3
655	1129	3
655	1296	3
655	52	3
655	1262	3
655	847	2
655	1142	2
655	410	2
655	792	3
655	1068	3
655	739	4
655	14	3
655	517	4
655	766	3
655	9	3
655	45	3
655	1281	3
655	92	3
655	1166	3
655	1221	3
655	113	3
655	513	3
655	944	3
655	1007	3
655	657	3
655	1226	3
655	166	3
655	672	2
655	403	2
655	1549	2
58	199	4
58	168	5
58	496	2
58	491	4
828	904	3
190	974	2
190	546	3
190	405	4
190	363	2
190	597	2
190	826	3
190	823	2
475	354	2
475	70	4
475	381	4
253	331	3
253	300	4
253	689	5
253	328	4
253	343	4
253	751	3
253	294	4
475	127	4
475	50	5
253	1025	3
253	895	4
475	316	5
253	237	4
253	15	4
475	259	5
253	125	3
253	273	3
253	220	4
253	127	5
253	298	3
253	282	4
253	1016	3
253	100	4
253	483	5
253	121	5
253	1468	3
253	655	4
334	433	5
253	12	5
253	83	4
253	806	4
253	966	5
253	1039	4
334	173	4
253	647	3
253	56	3
253	427	5
253	234	4
253	64	5
253	216	4
334	483	5
253	190	5
253	153	3
253	87	5
253	168	3
253	496	5
253	82	3
253	98	5
253	568	4
253	318	5
253	487	4
253	8	4
253	494	5
253	183	5
253	591	3
253	659	5
253	182	3
253	490	5
253	198	5
253	518	5
253	202	5
253	200	4
253	510	5
253	132	5
253	188	4
253	95	4
253	588	5
253	22	5
253	485	5
253	89	4
253	482	5
253	465	5
253	1	5
253	173	5
253	97	4
253	523	4
253	747	3
253	79	5
253	527	5
253	50	4
253	742	4
253	117	5
253	222	4
253	566	4
253	679	3
253	705	5
253	210	4
776	603	4
776	708	5
253	81	4
253	156	3
253	746	3
253	699	4
776	318	4
776	187	4
776	474	5
776	511	5
253	732	4
253	1404	3
253	96	5
253	203	4
776	168	5
776	485	2
776	135	4
253	433	3
253	4	4
776	179	4
776	656	5
776	89	5
776	238	4
776	23	4
776	510	5
776	679	4
776	496	3
776	483	5
776	549	5
776	127	5
776	22	5
776	91	4
776	194	4
776	524	5
776	182	3
776	509	5
776	196	3
334	510	4
334	83	4
334	324	4
334	961	4
334	1312	4
334	462	4
334	969	4
334	150	4
334	708	4
334	311	4
776	195	3
776	192	5
776	947	2
776	1219	3
776	98	4
776	191	5
334	603	5
253	243	2
253	333	2
253	448	2
253	259	2
253	175	2
253	685	2
253	192	1
776	193	3
776	28	5
776	181	4
776	514	5
776	431	4
776	177	4
776	523	4
776	657	3
776	432	1
776	50	5
776	7	4
776	174	5
776	525	2
776	132	3
625	248	4
625	283	3
625	255	2
625	235	3
229	750	2
229	313	2
625	25	2
229	258	2
229	303	1
229	272	3
229	347	1
229	340	4
229	300	2
229	328	1
229	886	1
229	751	3
625	476	2
229	937	2
229	316	1
229	245	3
229	748	3
229	875	1
229	358	1
229	260	1
229	312	3
229	315	1
229	344	5
229	302	5
229	288	4
229	311	5
229	898	5
229	349	4
229	286	4
229	882	4
229	269	4
229	896	4
214	721	3
625	584	3
625	603	4
625	238	4
611	269	4
611	344	5
611	303	3
611	333	4
611	288	3
611	311	4
611	302	5
625	517	3
625	191	3
611	272	5
611	751	4
611	690	3
611	315	5
611	680	4
611	887	2
611	353	3
611	313	3
611	307	4
611	896	3
611	346	5
611	306	5
611	301	4
611	340	5
611	882	4
611	305	4
611	268	5
611	354	3
611	750	5
611	342	3
611	906	2
611	299	1
611	262	4
611	752	5
611	334	5
611	300	5
611	347	4
611	286	5
611	1243	3
611	355	1
611	886	4
611	350	4
611	873	3
611	336	5
611	324	3
625	433	3
891	313	5
891	100	5
891	286	5
891	181	3
891	126	5
891	237	5
891	50	4
891	459	5
891	25	5
891	1197	5
891	285	5
891	15	4
891	591	4
891	740	5
891	742	4
891	116	3
891	111	3
891	924	5
891	282	5
891	148	5
891	281	5
891	471	5
329	269	4
329	272	5
329	302	5
329	288	2
329	313	4
329	286	4
329	333	4
329	303	4
329	294	2
329	300	4
329	879	2
329	338	2
329	322	3
329	323	2
329	892	2
329	181	4
329	127	4
329	50	4
329	137	5
329	100	4
329	591	2
329	117	3
329	297	4
329	924	3
329	276	4
329	129	3
329	124	5
329	515	4
329	7	3
329	1011	3
329	295	4
329	147	3
329	284	3
329	169	4
329	12	4
329	855	4
329	423	4
329	11	3
329	655	4
329	186	3
329	198	4
329	98	4
329	282	3
329	81	2
329	199	4
329	512	4
329	483	4
329	705	3
329	185	3
329	8	2
329	39	2
329	657	3
329	79	4
329	194	3
329	197	4
329	250	3
329	174	4
329	258	3
329	534	3
329	331	3
329	274	3
329	326	3
329	651	4
329	245	3
329	248	3
655	354	2
379	663	3
379	529	4
379	168	4
379	7	5
111	315	5
111	269	5
111	887	3
111	258	4
111	340	4
111	354	4
111	272	3
111	304	4
111	242	4
111	313	4
111	1024	3
111	328	4
111	302	5
111	333	4
111	301	4
111	303	3
111	311	4
111	286	4
111	321	3
111	326	3
111	344	2
111	896	2
111	307	2
111	305	2
883	346	4
883	315	3
883	882	4
883	306	3
883	302	5
883	270	4
883	269	3
883	896	5
883	345	3
883	750	3
883	311	4
883	304	3
883	902	4
883	347	4
883	319	3
883	900	5
883	331	3
883	286	3
883	354	4
883	312	3
883	271	2
883	342	4
883	1656	5
883	316	5
883	989	5
883	1592	5
883	322	5
883	748	5
883	355	5
883	289	5
883	323	5
883	313	3
883	24	4
883	515	5
883	251	5
883	19	2
883	275	4
883	224	4
883	16	4
883	256	5
883	919	4
883	713	3
883	740	4
883	283	4
883	1115	4
883	116	5
883	1009	4
883	634	3
883	59	5
883	207	3
883	529	5
883	60	5
883	61	5
883	1021	5
883	463	3
883	30	4
883	512	5
883	190	4
883	213	2
883	462	5
883	86	3
883	694	5
883	703	3
883	170	3
883	707	3
883	26	3
883	52	3
883	70	3
883	584	3
883	83	3
883	580	3
883	971	3
883	1227	3
883	382	3
883	582	3
883	863	3
883	531	3
883	14	3
883	1121	3
883	113	4
883	20	4
883	792	4
883	47	3
883	514	4
883	204	4
883	173	4
883	168	5
883	659	3
883	238	4
883	517	4
883	367	5
883	194	3
883	8	4
883	648	4
883	211	5
883	216	4
883	692	3
883	712	3
883	56	5
883	4	4
883	523	5
883	1118	4
883	209	3
883	715	5
883	175	5
883	202	4
883	208	4
883	1074	4
883	732	3
883	781	3
883	1404	3
883	386	3
883	785	3
883	516	4
883	778	4
883	856	5
883	239	3
883	430	5
883	72	4
883	384	3
883	745	5
883	414	3
883	709	5
883	372	3
883	1041	3
883	66	3
883	49	3
883	90	3
883	873	3
883	338	4
883	749	3
883	1448	5
883	1171	5
883	198	5
883	1005	5
883	1019	5
883	1462	5
883	45	5
883	1591	3
883	212	5
883	1131	5
883	867	5
883	656	5
883	98	3
883	234	4
883	559	3
883	185	5
883	665	4
883	561	3
883	396	2
883	421	5
883	724	4
883	955	5
883	197	4
883	241	4
883	88	4
883	739	2
883	736	3
883	727	3
883	794	4
883	387	5
883	553	4
883	796	3
883	549	4
883	530	3
883	50	4
883	228	4
883	174	4
883	172	4
883	195	5
883	22	3
883	11	2
883	265	3
883	39	4
883	79	4
883	89	5
883	96	4
883	55	4
883	176	4
883	183	5
883	435	4
883	227	3
883	229	4
883	770	4
883	68	4
883	82	3
883	403	5
883	1222	5
883	568	3
883	399	5
883	566	3
883	385	1
883	53	5
312	269	5
312	121	3
312	484	5
312	408	4
312	847	3
312	180	4
312	137	3
312	174	5
312	427	5
312	480	5
312	156	3
312	531	5
312	195	5
312	520	5
312	211	4
312	204	4
312	606	5
312	50	5
312	28	4
312	507	5
312	513	5
312	98	4
312	641	5
312	618	5
312	713	5
312	488	5
312	1116	3
312	208	5
312	526	5
312	1516	4
312	191	5
312	653	5
312	493	5
312	1021	3
312	459	4
312	479	5
312	97	5
312	166	5
312	639	5
312	525	5
312	607	5
312	543	5
312	428	3
312	494	5
312	603	5
312	613	5
312	474	5
312	657	5
312	654	5
312	675	5
312	152	2
312	223	5
312	189	5
312	199	5
312	537	5
312	813	5
312	514	3
312	157	1
312	275	5
312	178	5
312	1020	5
312	1124	4
312	705	5
312	170	5
312	638	5
312	136	5
312	604	5
312	482	5
312	23	4
312	100	4
312	609	3
312	478	5
312	496	5
312	14	5
312	684	5
312	528	5
312	589	5
312	863	5
312	265	1
312	463	5
312	661	5
312	165	5
312	647	5
312	519	5
312	124	3
312	222	3
312	850	5
312	134	5
312	197	4
312	611	5
312	632	3
312	179	5
312	114	5
312	188	3
312	1299	4
312	177	3
312	1050	5
312	4	3
312	89	5
312	151	2
312	1	5
312	190	5
312	614	4
312	481	5
312	169	5
312	143	4
312	615	4
312	836	5
312	610	5
312	530	5
312	512	3
312	443	4
312	1039	5
312	633	5
312	429	5
312	640	2
312	521	5
312	968	5
312	593	5
312	144	1
312	357	5
312	644	5
312	505	5
312	503	5
312	276	4
312	96	5
312	228	3
312	601	5
312	213	5
312	945	5
312	648	5
312	529	5
312	506	4
312	207	5
312	132	5
312	185	5
312	214	3
312	483	5
312	656	5
312	1451	4
312	511	5
312	419	3
312	69	4
312	671	5
312	183	5
312	209	3
312	194	4
312	584	5
312	434	3
312	602	4
312	612	5
312	8	5
312	919	3
312	921	5
312	176	4
312	1167	4
312	676	3
312	499	4
312	133	5
312	489	5
312	659	5
312	175	3
312	967	3
312	660	4
312	173	3
312	187	5
312	485	4
312	524	5
312	608	5
312	205	5
312	154	4
312	495	4
312	70	5
312	206	5
312	587	3
312	52	5
312	1298	5
312	837	4
312	430	5
312	673	5
312	181	4
312	692	4
312	1126	4
312	10	5
312	510	5
312	509	5
312	588	5
312	153	2
312	432	5
312	186	3
312	1192	3
312	238	3
312	625	3
312	83	4
312	855	5
312	1172	5
312	740	4
312	382	4
312	372	3
312	498	5
312	730	3
312	1203	5
312	663	5
312	71	4
312	57	5
312	557	5
312	631	5
312	414	3
312	596	5
312	516	3
312	241	3
312	486	5
312	91	3
312	490	5
312	487	5
312	515	5
312	172	4
312	131	5
312	491	5
312	435	4
280	313	3
280	751	3
280	690	2
280	294	2
280	748	2
280	323	2
280	678	2
280	1313	5
280	315	5
280	288	5
280	316	5
280	286	4
280	538	5
280	324	5
280	750	5
280	322	4
280	245	3
280	98	5
280	380	2
280	1133	3
280	69	4
280	13	5
280	182	3
280	423	5
280	195	3
280	8	5
280	496	5
280	699	4
280	736	2
280	70	4
280	117	5
280	92	3
280	210	2
280	7	4
280	100	3
280	655	3
280	1	4
280	176	3
280	282	3
280	220	5
280	180	4
280	173	3
280	79	4
280	508	3
280	86	4
280	99	2
280	735	2
280	499	4
280	1181	2
280	144	2
280	58	4
280	22	5
280	135	4
280	528	3
280	471	3
280	11	5
280	95	5
280	265	4
280	174	3
280	183	3
280	318	5
280	1063	3
280	222	3
280	237	3
280	126	3
280	156	4
280	204	3
280	9	5
280	96	4
280	276	5
280	153	5
280	507	3
280	76	2
280	73	3
280	33	3
280	157	3
280	4	3
280	486	5
280	631	5
280	527	5
280	172	3
280	663	4
280	588	5
280	234	3
280	12	5
280	71	4
280	197	2
280	1466	5
280	928	5
280	1401	5
280	1473	3
280	1051	4
280	381	3
280	845	3
280	82	2
280	241	2
280	715	2
280	729	2
280	405	2
280	111	4
280	692	3
280	1048	4
280	367	5
280	118	2
280	693	3
280	50	3
280	946	4
280	419	3
280	568	2
280	483	4
280	5	4
280	68	3
280	1478	4
280	284	3
280	202	3
280	132	4
280	1099	5
280	660	5
280	404	3
280	465	3
280	125	2
280	746	4
280	66	5
280	566	4
280	128	3
280	274	5
280	673	4
280	584	4
280	140	4
280	181	3
280	161	4
280	742	4
280	402	4
280	609	4
280	755	2
280	2	3
280	1060	3
280	544	4
280	102	5
280	392	5
280	239	3
280	31	4
280	739	3
280	451	5
280	228	3
280	942	5
280	162	3
280	218	4
280	697	5
280	403	3
280	203	4
280	90	4
280	431	4
280	88	3
280	559	3
280	728	3
280	40	5
280	167	4
280	1015	3
280	235	5
280	232	3
280	756	4
280	595	3
280	416	5
280	216	5
280	764	4
280	781	4
280	977	3
280	925	4
280	215	3
280	62	3
280	1459	4
280	142	4
280	54	2
280	158	2
280	550	2
280	448	3
280	1035	4
280	67	4
280	765	4
280	420	3
280	217	3
280	38	3
280	29	3
280	629	4
280	723	5
280	411	3
280	586	4
280	1047	3
280	780	4
280	619	4
280	389	5
280	1066	4
280	1221	5
280	159	4
280	225	4
280	387	4
280	231	3
280	866	3
280	80	3
280	554	1
280	1207	4
280	226	3
280	790	4
280	94	2
280	468	4
280	233	4
280	731	3
280	472	2
280	77	3
280	771	3
280	722	3
280	103	3
280	384	4
280	230	3
280	227	3
280	379	5
280	229	3
280	145	3
280	542	3
280	219	2
280	1114	4
280	1182	3
280	1297	4
280	546	4
280	975	4
280	576	3
280	72	4
280	1028	5
280	934	2
280	364	3
280	540	3
280	393	4
280	449	3
280	1112	4
280	571	3
280	725	3
280	452	2
280	3	2
280	575	2
280	769	3
280	409	3
280	585	3
280	1479	3
280	670	2
280	112	3
280	1049	2
280	388	2
280	200	5
280	476	5
280	1041	5
280	155	5
280	1168	5
280	385	5
280	56	5
280	1217	5
280	53	5
280	127	5
561	1294	1
561	304	3
816	288	4
816	300	4
816	313	5
816	326	4
816	678	4
816	331	5
816	322	4
816	690	4
816	328	4
816	332	4
816	323	4
816	258	3
816	271	4
816	259	2
816	343	4
816	355	2
816	1025	4
816	264	4
816	342	4
816	243	4
816	349	4
816	687	2
816	260	3
816	294	5
816	309	5
312	835	5
312	573	5
312	234	5
883	48	4
883	519	5
883	135	4
883	513	5
883	65	4
883	127	5
883	647	5
883	279	3
883	137	5
883	12	4
883	69	2
883	58	3
883	511	4
883	124	5
883	147	2
883	100	4
883	276	5
883	199	4
883	1045	5
883	9	4
883	222	3
883	464	5
883	1065	5
186	754	2
186	306	4
186	302	3
186	887	4
186	327	3
883	956	4
883	81	5
883	28	3
883	318	4
883	277	4
186	303	3
883	922	5
883	237	3
883	64	4
883	693	4
883	461	5
186	330	4
186	1399	2
186	880	3
186	333	3
883	661	4
