622	780	4
622	90	4
622	781	3
622	719	2
622	1411	4
622	94	2
622	386	3
622	665	2
622	391	2
622	552	2
622	586	3
622	1207	2
622	41	3
622	1303	2
622	795	2
622	1419	2
622	395	2
622	577	2
622	725	3
622	1407	1
622	364	1
622	1228	1
622	769	1
622	1408	1
622	373	1
622	1230	1
622	3	1
622	949	3
877	286	2
877	306	3
877	288	3
877	270	4
877	302	2
877	690	4
877	269	4
877	326	4
877	307	3
877	258	4
877	333	4
877	300	3
877	328	2
877	340	3
877	748	4
877	271	4
877	538	4
877	382	3
877	70	5
877	207	3
877	170	5
877	59	5
877	14	5
877	475	4
877	83	3
877	921	4
877	531	5
877	60	5
877	275	4
877	61	5
877	582	2
877	744	5
877	463	4
877	640	2
877	381	4
877	702	4
877	1402	4
877	971	4
877	949	3
877	52	4
877	584	4
877	515	5
877	557	4
877	737	1
877	86	4
877	237	4
877	216	4
877	197	4
877	173	4
877	451	4
877	732	4
877	692	4
877	549	4
877	371	5
877	662	5
877	202	4
877	955	4
877	727	4
877	111	3
877	88	4
877	402	3
877	155	2
877	274	4
877	739	4
877	553	4
877	738	4
877	241	4
877	185	4
877	228	4
877	79	4
877	98	5
877	203	4
877	31	4
877	56	5
877	222	2
877	176	5
877	159	4
877	55	4
877	566	4
877	164	5
877	226	3
136	313	2
136	269	5
136	258	5
136	257	3
136	286	5
136	303	4
136	14	5
136	100	5
136	137	5
136	475	4
136	847	4
136	127	5
136	9	5
136	124	5
136	276	5
136	19	4
136	283	4
136	1142	4
136	744	5
136	298	4
136	237	4
136	275	4
136	15	4
136	116	5
136	515	5
136	117	4
378	222	3
378	258	4
13	893	3
13	313	4
13	751	5
13	892	3
870	496	5
95	892	3
95	465	3
95	250	4
95	728	3
95	699	2
749	620	4
749	1089	3
749	1337	3
137	261	5
484	463	4
827	690	3
827	326	3
827	289	3
827	294	4
827	245	3
827	329	3
827	748	4
827	358	2
137	892	3
827	312	2
450	313	5
854	286	1
854	269	4
854	333	3
854	294	2
854	343	3
854	258	4
854	303	3
854	270	4
854	302	3
854	268	3
854	322	1
854	328	1
854	264	1
854	321	3
854	324	3
854	271	4
854	289	2
854	358	2
854	260	3
854	50	4
854	293	5
854	129	3
854	285	4
854	246	3
854	1086	3
450	312	4
854	100	5
854	1	3
854	14	4
854	297	4
854	1197	3
854	713	4
854	1335	2
854	924	4
854	1281	2
854	150	3
450	136	5
450	393	4
450	1050	4
450	15	3
450	1521	3
854	475	4
854	7	4
854	24	4
854	619	2
854	250	4
854	123	1
854	919	4
854	1016	2
854	237	3
854	151	4
854	591	2
854	15	3
854	628	2
85	258	4
854	147	3
854	283	3
854	508	4
854	222	4
450	821	2
450	1054	2
450	474	5
450	1152	5
450	942	5
450	139	5
450	1446	4
450	727	4
450	1269	4
450	1297	4
450	535	3
854	13	3
854	405	4
854	117	3
854	744	2
854	1134	3
450	1249	3
854	19	3
854	244	3
854	458	3
854	126	3
854	273	4
854	255	1
854	544	3
854	257	3
854	762	2
854	1047	1
854	274	3
854	455	2
854	111	3
854	249	3
854	471	2
854	282	2
854	742	2
854	1284	2
854	696	2
854	815	2
854	3	1
854	1011	2
854	281	3
854	1283	2
854	291	2
854	121	1
854	125	3
854	825	3
854	472	1
854	411	2
854	922	5
854	287	3
854	928	3
854	597	2
854	235	2
854	20	2
854	290	1
854	925	2
854	476	3
854	25	3
854	118	2
450	589	3
85	449	4
85	124	5
85	228	3
85	229	3
85	230	3
854	220	4
854	106	3
85	50	5
85	172	4
854	122	3
854	829	2
85	181	4
85	163	3
854	979	4
854	1014	3
854	823	2
854	756	3
854	225	1
854	535	3
854	840	2
854	1028	2
854	409	2
854	1061	1
854	620	2
854	826	2
854	1013	1
854	846	3
854	195	3
854	180	4
854	514	4
854	173	4
854	499	4
854	170	4
854	156	3
854	32	4
854	174	3
854	603	4
854	505	4
854	604	4
854	507	4
854	479	4
854	528	4
854	23	4
854	238	5
854	483	4
854	83	4
854	606	4
854	22	2
854	431	3
854	945	3
854	482	3
854	466	3
854	488	4
854	382	4
854	537	3
854	175	4
854	632	4
854	197	4
854	652	3
854	134	4
854	191	4
854	58	3
854	318	5
854	132	5
854	185	4
854	498	3
854	176	3
854	616	4
854	1077	3
854	203	4
854	135	4
854	127	4
854	493	5
854	705	4
854	423	4
854	12	5
854	735	3
854	42	4
854	487	4
854	153	4
854	216	3
854	421	3
854	855	4
854	87	4
854	512	3
854	811	3
854	664	4
854	133	3
854	200	5
854	64	5
854	223	4
854	522	2
854	194	3
854	357	4
854	757	3
854	461	3
854	799	3
854	186	3
854	79	4
854	144	3
854	511	4
854	171	4
854	492	4
854	509	4
854	188	4
854	1677	3
854	484	3
854	98	4
854	463	3
854	709	4
854	69	4
854	168	4
854	4	2
854	86	3
854	89	4
854	55	4
854	96	3
854	11	5
854	124	5
854	9	5
854	56	5
854	275	4
854	8	5
854	93	5
854	1226	4
854	288	5
854	469	5
854	49	4
768	1014	2
829	250	3
829	222	4
668	896	4
668	288	4
455	298	4
85	419	5
85	161	4
29	302	4
29	286	5
29	268	5
29	303	4
29	294	4
29	306	4
29	270	4
29	245	3
29	326	2
29	332	4
29	300	3
29	269	4
29	264	3
29	874	4
29	358	2
29	259	4
29	539	2
29	879	3
29	748	2
29	678	3
533	1174	3
29	343	3
29	689	2
29	312	4
533	988	2
29	657	4
29	98	4
29	189	4
29	661	5
29	180	4
29	480	4
29	182	4
29	12	5
29	79	4
29	1018	4
29	1019	4
178	294	2
178	331	4
178	300	5
178	269	4
178	286	3
178	751	4
178	288	5
178	340	1
178	258	4
178	304	4
178	271	4
178	328	3
178	259	1
178	332	3
178	245	3
178	748	4
178	322	3
178	984	2
178	678	3
178	323	3
178	1038	2
178	124	4
178	9	2
178	100	4
178	283	5
178	7	4
178	1	4
178	181	5
178	742	3
178	222	4
178	275	5
178	50	5
178	15	5
178	273	3
178	111	4
178	16	4
178	405	3
178	298	2
178	471	4
178	1258	4
178	248	4
178	293	4
178	257	5
178	127	5
178	276	3
178	282	3
178	255	4
178	628	4
178	744	3
178	281	3
178	295	3
178	1197	4
178	472	4
178	596	3
178	24	3
178	1016	4
178	685	4
178	763	4
178	274	4
178	845	4
178	118	4
178	1315	4
178	237	4
178	121	5
178	123	4
178	148	4
178	1047	2
178	125	4
178	1011	3
178	363	3
178	846	3
178	410	4
178	117	4
178	235	1
178	458	3
178	823	2
178	280	4
178	993	5
178	762	3
178	819	2
178	1028	3
178	535	3
178	926	4
178	476	3
178	696	4
178	597	4
178	460	2
178	1033	2
178	978	2
178	756	3
178	106	2
178	455	3
178	866	4
178	56	4
178	144	4
178	480	3
178	204	4
178	187	4
178	11	5
178	427	5
178	12	5
178	22	5
178	484	4
178	226	4
178	520	5
178	483	4
178	64	5
178	531	4
178	588	4
178	203	4
178	82	5
178	199	4
178	79	4
178	173	5
178	194	4
178	183	4
178	168	4
178	607	3
178	153	4
178	55	4
178	510	4
178	265	5
178	156	2
178	180	3
178	178	4
28	895	4
28	288	5
28	760	3
178	69	5
28	223	5
178	95	5
178	478	5
178	89	4
28	678	2
178	568	4
178	172	4
178	423	4
178	8	4
178	83	4
178	228	5
178	71	4
178	238	4
28	323	3
178	174	5
178	197	2
178	96	4
178	176	4
178	202	5
178	234	4
178	28	5
178	215	5
178	216	4
178	193	4
178	66	4
178	230	4
178	135	2
178	317	4
178	566	4
178	651	4
178	679	4
178	195	4
178	209	4
178	98	5
178	318	5
178	385	4
178	200	3
178	134	3
178	1101	4
178	684	5
178	746	3
178	729	4
178	97	5
178	435	4
178	735	5
178	31	4
178	62	4
178	70	4
178	809	4
178	506	3
178	1314	3
178	1169	4
178	58	5
178	232	5
178	658	5
178	655	4
178	454	4
178	491	4
178	220	3
178	591	5
178	164	3
178	76	3
178	500	4
178	1157	3
178	233	4
178	1004	4
178	241	5
178	2	4
178	431	4
178	1119	4
178	157	5
178	223	4
178	724	4
178	654	3
178	465	3
178	511	5
178	731	4
178	143	4
178	38	3
178	99	4
178	39	2
178	720	3
178	161	5
178	549	4
178	781	4
178	739	4
178	218	3
178	92	3
178	792	5
178	196	4
178	433	4
178	495	4
178	469	3
178	790	3
178	184	5
178	77	4
178	131	4
178	214	1
178	73	5
178	90	3
178	367	4
178	51	4
178	155	4
178	849	3
178	578	4
178	179	2
178	219	4
178	1035	4
152	22	5
152	8	5
152	966	5
152	402	5
152	568	5
860	339	3
397	340	2
397	324	2
397	332	2
397	894	1
397	325	3
397	358	2
397	56	5
397	100	5
397	1018	4
397	338	4
397	286	4
397	288	4
397	171	5
397	474	5
14	820	3
14	283	4
786	286	4
786	111	5
786	100	4
786	127	4
786	280	3
786	125	4
786	275	4
786	1	4
786	15	3
786	276	1
786	283	4
786	7	5
786	181	4
786	9	5
786	117	4
786	126	4
786	222	4
786	281	4
786	696	3
786	866	3
786	237	5
786	458	3
786	471	4
786	405	4
786	121	2
786	322	3
786	285	3
786	871	1
786	240	1
786	455	1
786	528	5
786	357	5
786	89	4
786	497	4
786	132	5
786	265	4
786	199	4
786	86	4
786	143	4
786	588	5
786	210	4
786	176	4
786	173	4
786	99	4
786	187	4
786	180	4
786	172	5
786	183	4
786	423	5
786	208	5
786	703	3
786	318	5
786	692	4
786	98	5
786	429	4
786	188	5
786	633	4
786	191	4
786	216	4
786	520	4
786	496	5
786	419	4
786	195	4
786	504	4
786	418	4
786	133	5
786	732	4
786	95	5
786	381	3
786	484	4
786	197	3
786	211	4
786	179	4
786	404	4
786	416	4
786	501	4
786	70	4
786	161	4
786	709	2
786	684	4
786	66	4
786	238	4
786	28	5
786	177	4
786	655	4
786	196	4
786	97	4
397	177	5
786	198	5
786	203	4
786	234	3
786	71	5
786	186	4
786	202	4
786	204	4
786	200	5
786	465	4
786	88	4
786	849	2
786	376	3
786	102	4
786	449	2
786	82	4
786	231	2
786	1044	4
786	451	2
786	708	4
786	174	4
786	4	4
786	385	4
786	546	4
786	69	4
786	699	4
786	228	4
786	230	4
786	50	4
786	724	4
786	289	4
758	302	5
136	56	4
136	647	5
136	318	5
136	223	4
136	747	4
136	42	3
136	204	4
136	89	4
136	525	5
195	258	4
710	751	3
710	313	4
439	307	3
439	895	3
439	268	4
439	288	3
439	300	4
439	301	3
439	242	5
439	273	2
439	100	3
439	276	5
439	246	4
439	293	3
439	591	4
439	13	3
439	475	3
439	237	5
439	285	5
439	14	5
439	7	4
439	1600	5
439	405	4
439	1048	4
439	125	3
439	147	4
439	93	4
439	257	4
439	121	2
439	240	3
439	282	3
439	1328	4
439	290	4
637	268	2
637	323	1
152	423	5
637	301	1
637	873	1
637	325	1
637	289	2
637	245	3
152	71	5
637	294	3
637	1233	5
637	690	5
637	328	4
637	286	5
637	300	3
637	332	4
637	322	3
637	333	3
637	338	4
637	50	4
637	408	5
637	127	2
637	149	2
637	1344	4
637	285	3
533	288	2
533	471	4
637	922	1
637	936	4
637	181	4
637	515	4
533	148	3
533	291	3
637	124	3
637	293	3
637	1	4
637	100	4
637	9	1
533	660	5
533	64	5
533	20	5
533	739	5
533	100	5
533	197	5
533	50	5
533	205	5
533	845	4
637	7	1
637	744	4
637	847	3
637	275	3
637	1226	2
637	475	1
637	273	3
637	282	3
637	405	1
637	508	2
637	1374	1
637	150	1
637	15	4
637	246	2
637	257	2
637	237	2
637	24	2
637	93	3
637	596	2
637	125	3
637	741	1
637	147	1
637	244	1
637	111	3
637	255	3
637	676	3
637	471	2
637	283	2
637	740	2
637	544	3
637	619	2
637	151	5
637	274	5
637	1060	2
637	410	2
637	117	2
637	363	2
637	742	4
637	1033	3
637	591	3
637	235	1
637	121	4
637	1244	1
637	13	1
637	1102	3
637	25	4
637	595	3
637	815	2
637	411	1
637	280	2
637	225	3
637	685	3
637	926	2
637	118	1
637	831	1
637	1011	1
637	1284	1
637	833	1
637	148	3
637	1258	1
637	829	2
637	1028	3
637	546	1
637	291	4
637	985	2
637	934	1
637	866	3
637	460	2
637	931	1
637	1051	2
637	717	3
637	535	2
917	268	4
917	751	2
917	289	4
917	328	2
460	321	3
460	303	3
460	301	3
917	879	2
917	312	2
460	258	3
460	294	2
460	245	3
460	288	2
460	322	3
917	100	4
460	313	4
460	302	4
460	312	4
460	242	4
460	289	4
460	286	4
917	1	3
917	50	3
917	246	4
917	471	4
460	304	2
917	285	4
917	255	3
917	591	3
917	287	4
460	1	2
460	1142	4
917	405	3
917	1014	2
917	25	4
917	473	3
917	282	4
917	763	3
917	121	1
917	3	1
460	293	4
460	458	2
460	591	2
460	224	4
917	756	4
917	278	3
460	127	4
460	124	4
460	9	3
460	149	4
460	285	4
460	7	3
460	151	3
460	847	3
460	1011	4
460	1137	3
460	1171	3
460	1115	3
460	250	2
460	129	3
460	275	3
460	744	3
460	221	4
460	676	4
460	1251	3
460	253	3
460	279	2
460	283	3
460	1067	4
460	117	3
460	297	3
460	257	2
460	248	4
460	146	4
460	532	3
460	13	3
460	10	3
460	273	4
917	276	5
917	150	5
917	476	5
917	535	4
917	628	5
917	9	5
917	740	5
917	696	5
917	237	5
917	248	4
460	276	5
460	14	5
460	327	4
460	307	4
460	306	4
460	100	5
460	19	5
460	311	5
460	137	5
460	515	5
460	298	2
460	1380	3
460	20	4
460	713	4
460	870	2
890	313	5
890	449	1
890	211	2
890	118	2
890	739	2
890	101	2
890	448	2
890	403	1
890	121	2
890	404	4
890	655	3
890	484	3
890	157	4
890	186	2
890	215	4
890	521	5
890	496	5
890	516	2
890	632	5
890	214	4
890	142	3
890	843	3
890	168	5
890	151	5
890	660	2
890	85	1
890	737	3
52	333	4
52	258	5
52	302	4
52	919	5
52	15	5
52	100	4
52	7	5
52	237	4
52	285	5
52	151	5
52	741	4
52	282	4
52	116	4
52	1009	5
52	275	4
52	93	4
52	287	5
52	111	4
52	815	4
52	475	4
52	121	4
52	19	5
52	1085	4
52	288	3
52	845	5
52	13	5
52	742	4
52	107	4
52	471	4
52	25	5
52	1086	4
52	1011	4
52	126	5
52	405	4
52	117	4
52	748	4
52	277	5
52	250	3
52	473	4
52	864	3
52	762	3
52	257	3
52	235	2
52	280	3
52	657	5
52	427	5
52	531	5
52	22	5
52	95	4
52	588	4
52	463	5
52	527	5
52	498	5
52	318	5
52	204	4
52	191	5
758	313	4
592	313	5
592	751	3
592	893	1
592	272	5
592	192	5
592	1264	4
592	60	4
592	22	5
592	89	4
592	603	5
592	194	4
592	655	5
592	514	5
592	467	5
592	8	5
592	482	4
592	1039	4
592	189	5
592	79	4
592	483	5
592	183	5
592	182	5
592	480	4
592	522	5
592	169	5
592	963	5
592	99	5
592	521	5
592	654	5
592	170	5
592	48	5
592	427	5
592	320	5
592	23	5
592	191	5
592	531	5
592	461	4
592	135	5
592	466	5
592	201	5
592	134	5
592	1623	4
592	132	5
592	469	4
592	168	5
592	589	5
592	12	5
592	318	5
592	195	4
592	197	5
592	234	5
592	223	5
592	527	5
592	47	5
592	174	5
592	157	5
592	42	5
592	423	5
592	98	5
592	193	5
592	854	5
592	56	5
592	558	5
592	705	5
592	11	5
592	216	4
592	971	4
592	196	5
592	657	4
592	518	5
592	730	4
592	172	5
592	265	4
592	64	5
592	176	5
592	32	5
592	55	4
592	747	4
592	357	4
592	180	5
592	187	5
592	1070	5
592	443	5
592	421	5
592	735	5
592	204	5
592	81	4
592	69	5
592	568	5
592	853	5
592	185	5
592	526	5
592	283	4
592	96	5
592	178	5
592	198	5
592	1073	5
592	501	4
592	203	5
592	173	5
592	95	4
592	238	5
592	432	1
592	463	4
592	92	5
592	686	5
592	188	5
592	58	5
592	4	4
592	184	5
592	789	4
592	425	5
592	87	4
592	215	5
592	652	4
592	782	2
592	939	3
592	431	2
592	367	4
592	702	4
592	1184	5
592	140	3
592	418	4
592	484	4
592	806	4
592	61	4
592	28	4
592	1275	3
592	631	3
592	1166	3
592	144	5
592	1071	4
592	71	4
592	479	4
592	969	4
592	97	4
592	59	4
592	433	5
592	382	4
592	179	5
592	70	4
592	512	5
592	202	5
582	268	4
582	258	4
582	288	3
582	294	1
582	271	4
582	269	4
582	750	5
582	300	3
582	313	5
582	321	3
582	328	3
582	748	3
582	948	1
582	988	1
582	93	5
582	100	5
582	237	3
582	475	5
582	250	3
582	117	3
582	50	5
582	7	5
582	742	3
582	124	4
582	508	4
582	246	4
582	293	5
582	676	2
582	121	3
582	151	4
582	1	4
582	181	4
582	15	3
582	410	3
582	455	1
582	919	5
582	477	4
582	547	4
582	257	3
582	25	3
582	125	3
582	3	3
582	763	2
582	240	4
582	222	4
582	458	4
582	1033	2
582	473	3
582	841	2
582	405	3
582	1014	4
582	597	3
582	118	2
582	831	2
582	472	4
582	411	1
582	826	3
582	235	3
582	760	3
582	1215	4
582	932	2
582	369	1
85	291	3
85	447	3
85	495	3
85	705	5
85	416	3
85	404	3
85	234	4
85	604	4
85	195	3
85	30	3
85	241	3
85	1103	3
85	1021	3
499	690	4
85	317	3
499	271	3
85	231	2
85	642	4
499	300	4
85	53	3
85	1018	4
85	380	4
85	842	3
85	712	3
499	301	4
499	887	5
85	389	3
85	622	3
85	1006	3
85	417	3
85	1168	3
499	312	4
85	451	4
85	94	3
85	232	3
85	715	4
85	1074	3
85	464	5
85	520	3
499	328	5
499	251	5
499	50	3
499	7	4
890	1149	5
890	163	3
890	167	2
379	339	3
758	346	2
208	310	4
208	302	1
208	88	5
208	216	5
208	514	4
208	367	2
208	523	4
208	208	4
208	194	5
208	430	4
208	56	2
208	204	3
208	393	4
208	211	5
208	517	3
208	70	3
208	435	5
208	428	4
208	202	4
208	663	5
208	66	4
208	781	3
208	186	4
208	996	3
208	524	4
208	97	4
208	197	5
208	662	4
208	371	5
208	739	4
208	381	3
208	402	4
208	86	2
913	750	4
913	346	3
545	751	3
545	182	3
545	265	4
545	232	3
545	1188	3
545	391	2
545	720	3
545	450	2
851	313	4
851	751	4
851	258	4
851	340	5
851	286	4
851	271	5
851	343	2
851	689	3
829	1121	4
829	318	5
379	1	4
379	265	4
379	1219	2
379	124	5
379	94	5
379	210	4
379	405	3
758	895	4
758	312	3
758	892	2
195	235	3
850	294	5
850	300	5
850	659	4
850	318	5
850	202	4
850	663	2
850	568	5
850	196	3
850	153	4
850	480	5
850	435	4
850	204	5
850	490	5
850	969	5
850	82	5
850	208	5
850	173	5
850	56	1
850	705	5
850	8	5
850	121	5
850	496	5
850	385	5
850	71	5
850	50	5
850	519	4
850	485	5
850	494	3
850	97	5
850	79	5
850	98	1
850	742	5
850	28	5
850	96	4
850	132	5
850	15	5
850	566	5
850	584	4
850	95	5
850	162	3
850	172	5
850	210	5
850	419	5
850	228	5
850	181	5
850	174	5
850	168	5
850	69	5
850	88	5
850	648	5
850	22	5
255	300	3
255	294	2
255	258	4
255	271	4
255	324	5
255	332	2
255	748	1
255	328	2
255	335	4
255	879	3
255	323	2
255	245	1
255	325	1
255	322	2
255	872	4
255	259	3
255	682	5
255	678	2
255	264	2
255	343	2
255	984	1
255	760	1
255	288	4
255	895	2
255	249	5
255	100	3
255	406	1
255	413	2
255	7	2
255	834	4
255	56	5
255	234	5
255	98	5
255	185	4
255	200	3
255	219	5
255	672	2
255	218	3
255	443	1
255	441	2
255	436	4
255	448	3
255	444	3
255	5	2
255	447	3
255	564	1
255	217	2
255	452	3
255	53	3
255	551	1
255	569	1
255	860	2
255	859	3
255	565	1
255	559	4
255	665	3
255	455	2
255	147	4
255	273	2
255	685	3
255	222	3
255	117	2
255	841	1
255	281	1
255	546	3
255	121	2
255	405	4
255	831	4
255	833	4
255	829	1
255	840	1
255	826	1
255	827	2
255	118	1
255	472	1
255	930	1
255	825	1
255	597	4
255	982	2
255	976	1
255	743	1
255	1034	1
255	763	5
129	286	5
129	300	3
129	270	3
129	313	3
129	302	4
129	242	4
129	272	4
129	269	4
129	310	2
129	303	3
129	1176	4
129	311	3
129	327	3
129	307	2
129	882	2
129	304	3
129	331	2
129	339	2
129	906	5
129	903	2
129	258	2
129	245	2
129	995	2
129	748	2
129	268	1
129	323	1
129	678	1
129	873	1
129	288	1
129	990	2
519	268	5
519	333	3
519	288	4
519	327	4
519	313	5
519	332	3
519	324	1
519	339	3
519	895	4
519	340	5
519	328	2
519	264	2
519	259	1
519	682	1
519	748	2
519	325	1
519	1295	5
519	879	5
519	903	5
519	336	5
519	266	5
519	1238	5
519	680	5
519	335	5
795	186	3
795	425	3
795	132	3
795	1555	3
795	191	4
519	243	1
519	991	2
795	81	4
519	1280	5
519	1434	5
519	263	5
519	887	5
519	350	5
519	351	5
519	874	5
519	1617	5
519	1591	5
519	1293	5
519	352	5
519	908	5
519	1062	5
519	909	5
519	1592	5
519	1612	5
519	348	5
519	349	5
795	583	4
795	514	4
795	705	4
795	403	3
795	640	4
795	234	4
795	502	3
795	200	3
795	568	3
795	675	3
795	658	2
795	226	3
795	1110	3
795	72	3
795	550	3
795	219	3
795	367	3
795	143	3
795	2	3
795	747	3
795	17	2
795	465	3
795	768	3
795	68	3
795	431	4
795	581	4
795	164	3
795	70	3
795	39	4
795	636	3
795	567	2
795	80	3
795	118	2
795	167	3
795	755	3
795	62	4
795	386	3
795	719	2
795	412	3
795	797	3
795	576	2
795	1041	3
795	554	3
795	231	4
795	402	2
795	577	3
795	1413	3
795	395	2
795	998	3
795	771	3
795	1030	3
795	120	3
795	1052	3
795	1036	2
250	313	5
250	751	2
250	328	3
250	259	1
250	325	4
250	687	1
250	271	4
250	270	4
250	340	4
250	1	4
250	200	5
250	333	4
250	754	4
250	179	4
250	338	4
250	1161	4
250	248	2
250	1014	4
6	242	4
6	286	2
6	269	4
6	302	4
6	306	4
6	340	2
6	258	2
6	303	3
6	304	4
6	321	3
6	310	2
6	259	1
6	268	3
6	309	2
6	538	2
6	261	3
6	182	4
102	689	3
102	260	2
102	328	2
102	294	2
102	286	3
102	322	3
102	264	2
102	332	3
102	892	2
102	1025	2
699	298	4
699	246	4
699	258	5
699	319	3
699	989	4
699	147	2
758	898	3
758	14	5
195	751	4
195	1089	4
195	678	3
394	313	5
60	751	2
60	286	5
60	327	4
60	525	5
60	132	4
60	601	4
60	30	5
60	144	4
60	493	5
60	524	4
60	513	5
60	64	4
60	474	5
60	608	5
60	180	4
60	208	5
60	136	4
60	638	5
60	176	4
60	204	4
60	641	5
60	195	4
60	528	4
60	430	5
60	435	4
60	96	4
60	28	5
60	59	5
60	1021	5
60	593	5
60	69	4
60	97	3
60	615	5
60	1121	3
60	134	4
60	210	4
60	7	5
60	357	4
60	445	5
60	617	4
60	480	4
60	514	4
60	511	4
60	491	4
60	507	4
60	479	5
60	199	5
60	172	4
60	519	4
60	484	5
60	8	3
60	178	5
60	183	5
60	9	5
60	47	4
60	654	4
60	494	4
60	194	4
60	205	4
60	98	4
60	12	4
60	89	5
60	478	3
60	234	4
60	613	4
60	1125	4
60	174	4
60	483	5
60	173	4
60	1122	5
60	492	5
60	160	4
60	498	5
60	50	5
60	128	3
60	179	4
60	186	4
60	423	4
60	209	5
60	166	4
60	197	4
60	79	4
60	427	5
60	61	4
60	23	4
60	1124	4
60	603	5
60	185	4
60	489	5
60	275	4
60	499	3
60	496	4
60	705	4
60	505	4
60	200	4
60	429	5
60	153	3
60	181	4
60	227	4
60	708	4
60	558	4
60	515	5
60	661	4
60	546	4
60	523	4
60	168	5
60	70	4
60	529	4
60	659	4
60	605	3
60	133	4
60	665	4
60	835	4
60	175	5
60	56	4
60	405	4
60	490	4
60	482	4
60	602	4
60	799	4
60	1060	4
60	151	5
60	73	4
60	675	4
60	633	4
60	1020	4
60	656	4
60	77	4
60	135	5
60	212	5
60	403	3
60	616	3
60	618	3
60	420	4
60	1126	4
60	510	5
60	629	3
60	842	4
60	671	4
60	417	4
60	810	4
60	606	4
60	650	4
60	485	4
60	660	4
60	517	4
60	161	4
60	138	2
60	404	3
60	418	3
60	207	3
60	433	4
60	434	5
60	508	4
60	366	4
60	502	4
60	506	5
60	143	3
60	222	4
60	131	4
60	230	4
60	237	4
60	745	5
60	229	4
60	501	3
60	228	4
60	141	3
60	82	3
60	211	4
60	218	4
60	13	4
60	699	4
60	378	4
60	215	4
60	163	4
60	592	4
60	265	5
60	419	3
60	495	3
60	755	4
60	416	4
60	121	4
60	582	4
60	88	4
60	735	5
60	673	4
60	162	4
60	60	5
60	393	4
60	95	4
60	385	4
60	411	3
60	216	4
60	443	4
60	21	3
60	1050	3
60	609	3
60	736	5
60	71	3
60	637	4
60	729	4
60	225	3
60	604	4
60	1123	4
60	15	4
60	684	4
60	152	4
501	313	3
501	307	4
501	294	3
501	324	4
501	288	4
501	342	4
501	245	3
501	678	3
501	121	4
501	844	4
501	150	5
501	25	3
501	127	5
501	928	3
501	685	3
501	100	4
501	293	4
501	405	4
501	922	4
501	181	4
501	741	5
501	93	4
501	222	4
501	124	4
501	508	4
501	1097	5
501	298	4
501	273	4
501	117	4
501	248	4
501	221	3
501	237	4
501	13	4
501	1067	5
501	129	4
501	845	3
501	147	3
501	475	5
501	257	4
501	952	4
501	276	4
501	591	4
501	282	4
501	696	4
501	410	4
501	7	4
501	122	4
501	597	3
718	300	5
501	546	4
501	1010	4
501	979	3
718	689	4
718	879	2
501	1278	3
501	544	4
718	289	3
501	249	3
501	125	3
501	118	3
501	111	3
501	274	3
501	628	4
501	24	3
501	1011	4
501	1014	4
501	151	4
501	108	4
501	411	4
501	456	3
718	471	5
718	111	4
501	840	4
501	406	3
501	829	3
501	369	4
501	1081	3
718	273	3
718	282	5
718	222	4
501	1534	4
718	121	4
718	255	4
718	744	3
718	257	4
718	815	4
718	742	5
718	982	4
718	118	4
718	926	2
718	597	5
718	15	5
718	546	4
718	284	4
718	591	4
718	1028	4
718	717	4
718	975	2
718	685	4
718	274	3
718	1048	2
718	756	5
718	405	5
718	1047	3
718	240	1
718	841	4
718	1165	3
718	820	2
718	831	3
589	286	3
589	324	1
589	333	5
589	307	1
589	313	5
589	268	1
589	258	2
589	310	5
589	682	4
589	340	1
589	538	5
589	339	5
589	327	3
589	301	2
589	272	5
589	336	1
589	332	4
589	288	5
589	751	4
589	895	5
589	877	4
589	328	5
589	995	1
589	304	5
589	294	5
589	873	5
589	300	5
589	690	4
589	326	1
589	334	1
589	323	2
589	322	3
589	749	3
589	259	5
589	271	3
589	338	3
589	879	4
589	289	3
589	688	4
589	678	4
589	243	3
589	892	4
589	689	4
719	427	4
719	71	3
719	9	4
719	410	1
571	1039	3
571	124	4
571	69	2
571	191	4
571	47	3
571	194	3
571	496	3
571	604	3
571	181	4
571	174	4
571	45	4
571	144	2
571	657	4
571	484	4
571	462	4
571	64	4
571	32	2
571	114	4
571	964	4
571	357	4
351	313	5
351	343	3
351	895	3
351	751	4
351	754	5
351	989	4
351	327	5
351	323	5
351	312	5
351	898	5
351	750	5
351	1105	4
233	257	4
233	249	5
351	1316	4
233	261	5
476	4	4
476	168	5
476	194	5
476	175	4
476	692	3
476	430	4
476	83	3
476	173	5
476	210	4
476	209	4
476	435	3
476	732	3
476	216	4
476	433	4
476	208	5
476	232	3
476	42	4
476	648	4
476	746	3
476	202	4
476	201	4
476	238	3
476	710	5
476	204	4
476	47	3
476	1118	3
476	80	3
476	959	3
476	1271	2
476	72	4
476	85	2
476	66	3
476	90	3
476	73	4
476	239	4
476	451	3
476	712	3
476	367	3
476	33	4
476	26	4
476	70	3
476	88	4
476	715	4
476	1036	2
476	1188	2
476	94	2
476	738	3
476	399	3
476	401	3
476	944	2
476	186	5
476	655	4
476	56	4
476	211	5
476	792	4
476	781	4
476	386	2
476	393	4
476	67	4
476	1074	4
476	63	3
476	734	4
476	790	4
476	384	4
476	780	3
476	940	3
476	1180	3
476	585	1
476	1037	1
476	999	2
476	579	2
476	765	4
476	268	4
476	319	1
476	300	5
476	343	4
476	748	2
476	294	3
476	325	1
476	328	4
476	288	4
476	245	4
476	890	1
259	313	5
259	65	3
259	748	4
259	293	4
259	172	4
259	762	2
259	235	2
259	546	3
442	350	2
442	313	3
442	695	5
442	286	2
442	988	1
442	268	4
442	294	2
442	873	2
442	342	2
442	56	5
442	153	3
442	1098	4
442	433	4
442	150	4
442	508	3
442	209	4
442	168	4
442	100	2
442	746	3
442	239	3
442	42	4
442	186	4
442	33	3
442	410	4
442	17	4
442	710	5
442	1067	3
442	26	3
442	90	3
442	41	4
442	210	3
442	240	2
442	367	2
442	1170	4
442	401	2
442	1218	2
442	780	3
442	67	3
442	204	3
442	1074	3
442	738	3
442	834	2
442	635	4
442	871	1
442	154	4
442	172	5
442	64	5
442	482	3
442	14	1
442	92	5
442	174	4
442	7	4
442	234	4
442	98	4
442	219	3
442	559	2
442	53	3
442	436	3
442	218	3
442	672	3
442	447	3
442	288	4
442	441	3
442	184	2
442	164	2
442	217	3
442	800	3
442	665	2
442	569	2
442	859	3
442	452	3
442	176	5
442	182	4
442	11	4
442	144	4
442	195	4
442	273	4
442	96	4
442	79	3
442	117	3
442	228	5
442	177	4
442	181	4
442	27	2
442	385	3
442	636	5
442	226	3
442	68	3
442	89	4
442	39	3
442	550	2
442	230	3
442	403	4
442	578	2
442	405	3
442	161	3
442	82	3
442	121	2
442	2	3
442	227	3
442	546	3
442	231	3
442	1188	3
442	29	3
442	62	2
442	554	2
442	1183	3
442	38	3
442	810	2
442	576	2
442	685	2
442	449	2
442	188	3
442	55	3
442	22	2
442	12	4
442	69	3
442	276	4
442	318	4
442	742	3
442	203	3
442	44	2
442	129	4
442	470	4
442	591	3
442	943	4
442	628	4
442	156	4
442	222	3
442	684	3
442	31	3
442	54	3
442	229	3
442	159	4
442	928	3
442	281	3
442	77	3
442	979	3
442	572	3
442	975	3
442	450	3
442	986	1
442	769	1
484	1016	4
484	258	5
484	222	5
484	343	2
870	313	4
805	433	4
805	273	2
209	286	2
209	181	4
209	1137	4
209	408	4
209	14	3
209	9	3
209	50	5
209	127	5
209	285	5
209	249	2
209	1086	4
209	129	2
209	293	4
209	276	2
209	813	5
209	16	4
209	251	5
550	50	5
550	181	5
550	257	4
550	748	4
550	249	4
550	255	3
550	258	5
550	993	4
550	1620	4
550	323	5
550	1089	3
550	313	5
550	310	5
550	300	4
550	271	5
550	328	5
550	877	4
550	304	3
550	688	3
550	682	4
550	538	5
550	1	3
550	275	4
550	125	4
550	288	5
550	222	4
550	924	4
550	121	5
550	15	5
550	405	4
550	243	2
550	237	3
550	294	3
550	892	2
550	254	1
550	259	2
550	596	2
550	301	2
550	252	1
550	846	2
705	286	3
705	300	5
705	298	5
705	181	5
705	117	5
705	257	4
705	50	4
705	111	4
705	275	5
705	283	5
705	1	5
705	148	5
705	151	3
705	255	5
705	685	5
705	284	3
705	282	5
705	827	4
705	815	3
705	15	3
705	222	5
705	597	4
705	932	5
705	471	5
705	546	3
705	118	4
705	405	4
705	121	5
705	363	2
705	252	1
705	225	4
705	588	3
705	173	2
705	699	5
705	174	5
705	28	4
705	71	5
705	95	4
705	82	5
705	419	3
705	172	3
705	143	3
705	755	5
705	1544	4
705	99	3
705	625	5
705	416	3
705	393	4
705	1035	4
705	399	5
705	622	4
705	623	5
705	843	2
705	400	4
705	820	3
705	1043	5
705	94	4
705	377	4
705	862	1
705	8	3
705	423	2
705	627	3
705	142	2
705	560	2
705	210	5
705	144	3
705	22	5
705	183	2
705	226	3
705	96	5
705	526	3
705	161	5
705	79	5
705	2	3
705	566	4
705	568	5
705	550	2
705	195	2
705	230	4
705	89	2
705	385	4
705	684	3
705	228	3
705	576	4
705	241	4
705	229	3
705	403	4
705	265	5
705	233	3
705	720	5
705	227	4
705	62	5
705	554	2
705	849	3
705	231	3
705	373	3
705	29	5
705	826	4
705	797	4
705	38	5
705	1228	2
705	578	3
891	274	5
891	756	4
891	933	3
891	531	4
891	127	4
857	898	5
857	348	1
857	258	5
857	294	3
857	300	3
857	328	3
857	304	2
857	321	4
857	325	1
857	259	4
857	988	2
857	687	1
857	892	3
857	547	3
857	19	4
857	14	4
857	283	5
857	475	5
857	116	5
857	275	5
857	20	3
857	24	1
92	980	3
92	500	4
487	313	3
487	286	2
487	333	3
487	748	4
487	294	4
487	288	4
487	270	5
487	340	1
487	301	4
487	258	5
487	260	2
487	300	5
487	259	2
487	289	2
487	689	1
487	293	5
487	237	4
487	255	2
487	596	5
487	181	4
487	471	3
487	222	4
487	50	4
487	742	5
487	100	5
487	282	4
487	845	4
487	257	4
487	150	5
487	298	5
487	405	4
487	117	5
487	248	1
487	1	5
487	273	5
487	276	3
487	685	3
487	455	2
487	591	2
487	1016	5
487	628	4
487	24	4
487	111	3
487	3	5
487	274	4
487	713	4
487	597	4
487	546	3
487	825	3
487	125	5
487	1011	3
487	411	3
487	121	4
487	1244	2
487	280	5
487	820	3
487	932	3
487	252	1
487	291	3
487	25	1
487	620	3
487	841	2
487	412	1
487	978	1
487	823	1
487	204	4
487	11	5
487	22	5
487	48	2
487	176	5
487	178	5
487	12	5
487	173	4
487	651	5
487	136	5
487	87	5
487	710	4
487	474	4
487	462	2
487	69	4
487	64	5
487	188	4
487	202	5
487	156	4
487	215	4
487	191	4
487	82	5
487	568	4
487	194	5
487	28	4
487	174	5
487	197	3
487	684	5
487	79	5
487	92	4
487	97	5
487	98	5
487	183	5
487	1410	5
487	55	5
487	423	4
487	42	3
487	31	5
487	404	4
487	588	5
487	45	5
487	144	5
487	939	3
487	789	4
487	96	5
487	196	5
487	95	4
487	195	4
487	58	5
487	432	3
487	1019	5
487	53	2
84	286	5
84	294	3
84	258	4
84	300	4
84	289	5
84	245	4
84	879	4
84	748	4
84	322	3
84	276	4
718	751	5
718	750	3
84	744	4
84	151	4
84	15	4
84	222	4
84	64	5
84	237	4
84	284	3
84	282	4
84	628	3
84	117	4
84	408	5
84	742	3
84	591	4
84	273	4
84	1	2
84	100	4
84	7	4
84	1028	3
84	866	4
84	597	3
84	685	3
84	148	4
84	477	4
84	225	4
84	121	4
84	405	3
84	291	3
84	274	4
84	815	4
84	25	3
84	546	3
84	411	2
84	1040	3
84	823	3
84	1047	2
84	1033	4
84	756	3
84	12	5
84	70	5
84	111	4
84	529	5
84	466	4
84	79	4
84	317	3
84	87	5
84	203	3
84	194	5
84	265	5
84	318	5
84	528	5
84	95	4
84	523	4
84	486	5
84	543	5
84	4	3
84	98	4
84	31	4
84	385	4
209	898	3
209	304	2
209	301	3
209	766	4
209	1	5
209	321	4
195	358	2
891	117	3
891	546	3
891	978	4
891	597	3
891	278	4
891	866	5
891	1028	3
891	476	5
891	280	3
891	405	3
891	595	3
891	1278	5
891	717	4
891	1040	3
891	323	3
891	934	3
891	409	4
891	107	5
891	118	4
891	121	4
51	148	3
51	496	4
51	479	3
51	132	4
51	181	5
51	184	3
51	50	5
51	692	3
51	203	4
51	655	3
51	603	3
51	136	4
51	705	1
51	182	3
51	485	1
51	210	4
51	134	2
51	173	5
51	144	5
51	64	4
51	172	5
51	679	3
51	83	5
443	286	5
443	313	4
443	307	3
443	269	3
443	327	4
443	294	5
443	258	5
443	333	5
443	271	4
443	340	5
443	358	1
443	343	5
443	245	3
443	260	1
443	678	2
443	948	1
443	323	2
443	309	5
443	687	3
443	748	4
443	12	5
443	175	2
443	644	3
443	39	1
149	313	5
149	269	5
149	286	5
149	333	1
149	272	3
149	262	1
149	302	4
149	345	4
149	305	4
149	308	2
149	319	2
149	346	4
149	258	3
149	310	2
149	327	2
149	328	2
149	896	4
149	268	4
149	300	3
149	311	3
149	303	4
149	874	3
149	1296	3
149	340	4
149	1295	3
149	301	3
149	245	3
149	325	2
149	326	3
149	321	2
149	338	2
149	678	2
149	323	2
149	689	2
149	312	1
149	337	2
758	750	2
705	64	5
705	318	5
705	97	3
705	427	2
705	58	2
705	69	3
705	83	4
705	655	3
705	215	2
705	191	1
894	313	4
894	898	4
894	750	4
894	343	2
705	193	3
705	196	4
894	312	3
185	286	4
185	318	4
185	1020	4
185	196	4
185	703	4
185	239	3
185	223	4
185	939	3
185	47	4
185	23	4
185	160	1
185	114	4
185	205	3
185	275	4
185	178	4
185	701	3
185	638	4
185	9	4
185	197	5
185	423	5
185	269	5
185	321	5
185	514	5
185	86	5
185	28	5
185	181	4
185	276	4
185	740	4
185	285	5
185	845	4
185	111	4
185	127	5
185	25	4
185	515	4
185	15	3
185	279	4
185	50	4
185	690	4
185	258	4
185	480	4
185	302	4
185	528	4
185	447	4
185	216	4
185	199	4
185	237	4
185	116	4
185	287	5
487	179	3
487	318	3
487	56	4
465	286	4
487	392	4
465	319	3
465	258	5
487	210	4
487	566	4
487	746	4
487	431	3
465	300	3
465	7	5
465	481	4
465	529	3
465	513	5
465	180	3
465	87	4
465	190	4
465	1	4
465	175	5
465	64	5
465	12	4
465	136	4
465	134	4
465	191	4
465	114	4
465	528	3
487	265	5
465	48	3
465	475	3
487	652	5
465	408	5
487	172	4
487	470	5
487	692	5
487	99	4
487	658	4
487	385	4
487	76	4
487	216	4
487	66	5
487	794	5
465	181	3
465	275	4
465	283	3
487	966	5
487	419	3
465	127	4
487	367	3
487	956	4
487	161	5
487	679	2
465	477	4
465	845	4
487	232	4
465	50	4
487	71	3
487	1446	3
487	77	3
465	929	3
465	257	4
465	151	3
487	550	3
487	143	3
487	133	4
487	772	3
487	366	3
487	70	3
487	1314	1
487	68	5
487	378	5
465	8	4
465	615	3
465	511	4
487	4	4
487	206	4
465	32	3
465	835	3
465	172	3
465	199	3
465	194	4
465	169	4
487	140	3
487	226	3
465	56	4
465	28	3
465	525	3
487	627	4
487	501	4
487	2	3
465	651	3
465	836	3
465	474	3
465	478	4
465	496	3
465	22	3
465	428	3
487	227	3
487	17	3
465	216	3
465	603	4
465	357	4
465	584	3
465	179	3
465	132	4
487	128	5
465	135	3
465	638	3
465	588	4
465	143	4
465	98	4
465	174	3
465	656	3
465	705	4
465	855	4
487	380	2
487	747	4
465	202	4
465	318	4
487	239	5
487	402	4
487	218	2
487	81	3
465	423	3
465	198	2
465	1078	2
465	100	3
465	154	2
465	109	3
465	868	2
465	395	1
465	97	2
465	404	2
465	281	2
596	313	5
596	286	4
596	288	4
596	678	3
596	323	4
596	258	3
596	300	4
596	895	3
596	289	3
596	294	4
596	328	5
596	682	4
596	13	2
596	149	3
596	295	4
596	222	3
596	50	5
596	181	4
596	276	3
596	123	2
671	12	5
671	176	2
671	56	1
671	79	2
671	222	1
671	591	3
671	31	2
671	123	5
671	1109	2
671	431	2
671	17	4
671	684	3
671	55	3
671	234	4
279	259	3
671	1217	4
671	23	4
671	770	2
671	233	4
238	286	5
238	258	3
238	538	4
238	294	3
238	300	4
238	301	3
238	125	3
238	257	4
238	237	3
238	181	3
238	471	4
238	151	2
238	298	5
238	815	2
238	405	4
238	845	3
238	121	4
238	756	3
238	118	3
238	926	3
238	220	3
238	546	3
238	111	4
238	1190	3
238	458	4
238	252	3
238	255	3
238	1258	1
238	476	3
533	1161	3
533	292	4
711	1024	5
209	906	2
209	349	2
209	351	2
209	333	2
209	1105	2
209	242	4
209	269	2
209	271	2
209	258	2
209	688	1
711	1466	4
711	1117	4
711	312	5
509	345	1
509	310	1
509	302	5
509	268	2
509	751	3
509	288	5
509	258	4
509	309	2
509	690	3
509	754	1
509	307	2
509	300	3
509	332	2
509	328	1
509	879	1
509	319	2
509	294	2
509	289	2
509	326	4
509	301	2
509	245	2
509	260	2
509	271	4
509	680	1
509	343	3
509	338	3
509	892	1
509	687	1
509	266	1
509	705	4
509	181	4
509	603	4
509	50	5
6	248	3
6	408	4
6	275	4
6	7	2
6	276	2
6	297	3
6	127	5
6	100	5
6	9	4
6	459	2
6	124	5
6	14	5
6	515	4
6	15	3
6	137	5
6	293	3
6	534	4
6	536	4
6	13	2
6	117	2
6	221	4
6	285	3
6	475	5
6	257	2
6	111	2
6	1	4
6	477	1
6	246	3
6	508	3
6	471	2
6	298	3
6	151	3
6	284	2
6	125	3
6	410	4
6	533	4
6	458	1
6	237	2
6	294	2
6	472	1
6	460	2
6	535	2
6	532	3
6	405	1
6	473	2
6	21	3
6	476	1
6	301	2
6	308	3
6	64	4
6	524	3
6	514	5
6	8	4
6	98	5
6	427	4
6	531	4
6	79	3
6	223	4
6	135	5
6	165	5
6	178	4
6	487	5
6	510	4
6	177	4
6	89	4
6	50	4
6	136	5
6	527	4
6	205	3
6	513	4
6	187	4
6	481	5
6	192	4
6	462	5
6	169	4
6	47	3
6	174	4
6	520	4
6	318	4
6	484	5
6	489	5
6	479	5
6	498	4
6	143	2
6	71	4
6	12	4
6	497	4
6	191	4
66	294	4
66	286	1
6	480	4
66	877	1
66	300	5
66	258	4
6	492	5
6	211	5
6	496	4
6	504	3
6	469	5
6	512	4
66	127	4
66	475	2
6	530	4
6	482	4
6	199	4
6	197	5
6	525	5
66	50	5
66	9	4
66	282	3
6	521	4
6	500	4
6	537	4
6	56	4
6	204	3
6	474	5
6	69	3
66	471	5
6	507	4
6	180	4
6	183	4
6	32	4
66	1	3
66	298	4
66	7	3
66	237	4
66	257	3
6	519	5
6	189	3
6	490	5
6	194	4
6	23	4
6	464	2
6	495	4
66	508	4
66	742	5
6	185	5
6	511	5
6	461	4
66	181	5
66	248	4
6	175	4
6	488	5
6	166	4
6	486	4
6	70	3
66	15	3
66	295	3
66	597	3
6	529	4
6	133	4
6	483	5
6	522	5
6	216	5
6	523	5
6	435	4
6	193	3
66	24	3
66	288	4
66	741	4
6	493	5
6	59	5
6	209	4
6	238	5
6	463	4
6	432	4
6	494	4
66	117	3
66	284	3
66	121	3
66	1016	3
66	21	1
66	405	3
66	535	4
66	280	4
66	281	4
6	131	5
6	22	3
66	763	4
6	503	3
6	95	2
66	249	4
6	317	3
6	491	4
6	468	3
6	87	4
6	506	4
6	528	4
6	156	3
6	517	4
66	825	3
6	499	4
6	195	4
6	81	4
6	134	5
6	467	4
6	419	4
6	132	5
6	466	4
6	200	3
6	505	4
6	208	4
6	357	4
6	188	3
6	173	5
6	213	4
6	274	4
6	423	3
6	170	4
6	526	3
6	516	4
6	485	5
6	509	4
6	502	4
6	202	3
6	367	2
6	470	3
6	186	4
6	154	3
6	501	5
6	478	4
6	203	3
6	425	3
6	168	4
6	19	4
6	28	2
6	153	4
6	86	3
6	518	3
80	269	3
80	303	4
80	260	1
80	886	4
46	313	5
46	690	5
46	300	3
46	288	2
46	294	2
46	286	5
46	333	5
46	307	3
46	328	4
46	327	4
46	332	4
46	538	3
44	313	4
44	294	4
44	298	2
44	871	3
44	631	1
44	216	1
44	412	1
44	737	1
44	449	5
44	229	3
44	228	5
44	222	4
44	380	4
44	227	4
44	450	2
44	230	2
44	183	4
44	665	1
44	176	5
46	245	3
46	748	5
46	305	5
46	262	5
46	1024	5
46	909	5
46	1062	5
46	127	5
46	100	4
46	7	4
46	151	4
46	93	4
46	50	4
46	181	4
46	125	4
374	845	2
374	412	4
374	846	2
374	1093	2
374	1059	2
374	952	2
374	1033	4
374	1049	1
374	424	1
374	932	1
374	977	1
374	527	4
374	193	4
374	963	5
604	127	4
604	48	5
604	183	3
604	98	2
604	234	5
604	7	4
604	100	5
604	56	2
604	164	4
604	413	3
604	444	2
604	558	4
604	218	3
604	185	2
604	5	2
604	637	4
604	672	1
604	200	1
604	288	3
604	448	5
604	441	2
604	447	4
604	670	5
604	567	5
604	201	3
604	443	3
604	184	3
13	895	1
13	750	5
13	346	4
13	312	1
13	343	1
13	890	1
13	901	1
13	687	1
13	894	1
13	682	1
13	878	1
13	457	1
13	261	1
13	539	1
13	688	1
860	894	2
131	248	3
131	124	5
131	14	5
131	287	4
131	274	3
131	845	4
131	744	4
131	1	4
131	275	2
131	127	4
131	100	5
131	19	4
6	539	2
131	293	3
131	137	1
131	813	3
131	297	4
131	286	5
131	126	4
131	1281	4
131	221	3
131	536	5
131	313	5
131	269	5
131	276	5
131	242	5
131	9	5
131	750	5
131	285	5
131	251	5
131	302	5
6	465	1
195	313	5
57	288	4
57	678	3
57	243	3
57	294	4
57	321	4
57	748	4
57	264	2
57	271	3
57	245	4
57	323	3
57	988	4
57	682	3
57	50	5
57	7	4
57	844	2
57	471	4
57	284	3
57	237	4
57	282	5
57	125	3
57	248	5
57	250	3
57	475	2
57	15	4
57	845	4
57	472	1
57	298	3
57	109	4
57	126	3
57	1093	3
57	181	5
57	410	3
57	597	3
57	281	4
57	1059	3
57	121	4
57	1028	3
57	405	4
57	24	3
57	546	4
57	117	4
57	864	3
57	240	2
57	871	3
57	932	3
57	151	3
57	760	2
57	477	4
57	409	4
57	111	4
57	411	4
57	1047	4
57	249	5
57	833	4
57	1016	4
57	756	3
57	1011	3
57	825	1
57	831	1
57	252	2
57	926	3
57	866	3
57	473	3
57	1096	3
57	717	4
57	826	2
57	1094	2
57	476	3
57	975	3
57	105	3
57	930	2
57	225	3
57	820	3
57	1001	1
57	1095	2
57	456	3
57	194	4
57	204	4
57	8	4
57	42	5
57	710	3
57	28	4
57	1071	3
57	496	4
57	168	3
57	173	5
57	144	3
57	64	5
57	195	3
57	419	3
57	588	4
57	11	3
57	79	5
57	1073	3
57	318	5
57	257	5
57	304	5
57	222	5
57	100	5
57	295	5
57	763	5
57	1	5
57	258	5
57	744	5
57	56	3
57	199	5
523	242	5
523	269	5
523	306	5
523	258	5
523	1022	4
523	874	4
523	289	4
523	301	4
523	255	5
523	935	5
523	50	5
523	181	5
523	257	5
523	1014	5
523	533	4
523	408	5
523	9	4
523	866	5
523	863	4
523	634	5
523	70	5
523	213	5
523	116	5
523	531	5
523	949	5
523	83	5
523	509	4
523	1121	5
523	1195	5
523	14	5
523	166	4
523	382	5
523	638	4
523	707	5
523	1472	5
523	1009	5
523	582	4
523	1	5
502	313	4
502	350	3
523	432	5
523	95	4
523	114	5
523	169	5
523	189	5
502	288	5
502	333	4
502	258	2
502	754	2
502	682	5
523	168	4
523	663	5
523	1069	5
523	285	5
502	539	3
502	300	2
502	879	3
502	328	4
502	307	4
502	270	2
523	202	4
523	153	4
523	25	4
502	271	5
502	342	4
502	751	3
523	8	5
523	154	4
523	732	4
523	430	4
523	629	5
523	204	5
523	514	4
523	208	5
523	210	5
523	194	5
523	167	4
502	266	3
502	680	3
502	294	3
523	792	4
523	435	5
523	66	4
523	211	4
523	944	4
523	72	4
523	412	3
502	343	5
502	338	4
502	895	4
502	301	1
523	393	5
523	163	5
523	1041	4
523	476	3
523	451	5
502	323	4
502	259	3
502	263	1
502	678	3
523	954	5
523	3	4
502	264	3
502	358	4
523	1036	4
523	934	4
502	681	1
523	67	4
523	575	4
523	407	4
523	1047	5
523	516	5
502	683	3
502	892	2
502	687	4
502	893	2
502	243	3
502	890	2
502	261	2
523	97	4
523	694	5
523	197	5
523	662	4
523	155	4
523	794	4
523	549	4
523	727	4
523	42	3
523	523	3
523	508	3
523	477	3
523	384	3
523	186	3
523	56	3
523	722	3
523	652	2
523	179	3
710	198	4
710	92	3
710	1101	4
710	265	4
710	346	4
727	538	3
727	268	4
727	294	4
727	748	4
727	1025	2
727	328	4
727	343	3
727	271	4
727	751	3
727	879	4
727	678	3
727	260	1
727	259	4
727	312	3
727	358	2
727	680	3
727	890	1
727	539	2
727	117	3
727	1	3
727	181	3
727	246	4
727	257	2
727	100	2
727	127	4
727	408	4
727	275	3
727	25	3
727	7	2
727	249	2
727	50	4
727	291	4
727	933	1
727	283	2
727	282	4
727	596	4
727	471	3
727	815	3
727	248	5
727	841	3
727	250	5
727	109	2
727	111	3
727	278	2
727	845	3
727	258	2
727	222	3
727	472	2
727	123	3
727	147	3
727	148	2
727	252	2
727	926	3
727	274	5
727	235	3
727	685	3
727	544	3
727	121	4
727	820	2
727	405	3
727	284	3
727	240	3
727	546	2
727	363	3
727	597	3
727	455	3
727	413	2
727	410	2
727	866	3
727	24	3
727	1049	1
727	118	4
727	1047	2
727	993	4
727	628	3
32	268	5
727	1016	3
727	928	3
727	122	2
727	930	3
727	827	3
727	831	3
32	313	4
727	1244	3
32	294	3
727	840	2
727	1088	2
727	1615	1
727	105	1
727	411	3
32	307	2
32	288	4
727	108	3
727	1165	2
727	977	2
727	369	2
32	271	3
32	259	2
32	245	2
727	28	5
727	172	5
727	187	5
727	205	5
727	651	3
727	178	4
727	210	3
727	96	4
727	168	5
727	98	4
727	114	5
727	11	3
727	209	3
727	174	4
727	69	4
727	183	3
727	553	2
727	491	4
727	419	2
727	22	4
727	483	4
727	203	5
727	132	2
727	197	3
727	520	4
727	199	4
727	156	4
727	265	4
727	68	4
727	87	4
727	195	4
727	55	3
727	42	5
727	204	3
727	144	4
727	91	4
727	169	5
727	173	5
727	211	4
727	588	4
727	196	4
727	746	4
727	12	5
727	125	4
727	186	5
727	435	3
727	198	4
727	177	4
727	510	4
727	191	4
727	434	5
727	201	4
727	184	3
727	92	2
727	79	4
727	423	3
727	70	5
727	153	4
727	83	5
727	207	5
727	238	2
727	474	3
727	684	4
727	507	2
727	176	4
727	95	4
727	511	4
727	227	4
727	385	3
727	433	5
727	17	1
727	54	3
727	431	4
727	71	3
727	135	2
727	526	4
727	627	3
727	179	3
727	56	3
727	33	3
727	421	5
727	692	4
727	208	4
727	432	2
727	89	5
727	202	4
727	88	5
727	566	3
727	239	4
727	229	2
727	568	3
727	164	5
727	228	4
727	82	3
727	163	4
727	154	3
727	180	3
727	636	3
727	790	2
727	949	3
727	188	3
727	5	3
727	131	2
727	234	2
727	658	5
727	729	2
727	739	4
727	101	2
727	470	5
727	392	4
727	1185	1
727	27	4
727	230	3
727	402	3
727	941	2
727	2	4
727	206	3
727	578	3
727	1119	3
727	609	3
727	441	2
727	157	3
727	1217	3
727	226	3
727	1249	3
727	90	3
727	1657	3
727	1028	2
727	128	4
727	159	2
727	720	2
727	155	3
727	1042	2
727	1218	4
727	66	3
727	43	3
727	1446	3
727	465	2
727	371	2
727	549	3
727	1224	3
727	1035	2
727	808	2
727	403	4
727	559	2
727	1206	2
727	679	5
727	65	2
727	356	3
727	380	3
727	366	3
727	393	3
727	367	3
727	219	3
727	72	3
727	747	2
727	550	4
727	62	3
727	29	3
727	378	3
727	1076	2
727	1188	2
727	67	4
727	810	2
727	451	5
727	161	4
727	779	2
727	399	3
727	541	4
727	552	2
727	397	2
727	765	2
727	232	3
727	39	2
727	802	2
727	384	2
727	379	2
727	386	2
727	755	2
727	444	2
727	53	1
727	217	3
727	542	2
727	38	1
727	722	2
727	73	4
727	1437	2
727	1231	3
727	809	4
727	775	4
727	447	3
727	570	2
727	801	2
727	774	3
727	665	3
727	94	4
727	585	2
727	1273	3
727	231	3
727	569	2
727	1139	3
727	616	2
727	849	2
727	760	1
727	567	2
727	1411	2
727	167	2
727	635	2
727	80	4
727	424	1
727	63	2
727	576	4
727	1229	2
727	233	4
727	940	2
727	1215	2
727	401	2
727	440	1
727	562	2
727	1222	1
727	556	2
727	982	4
727	158	2
727	771	3
727	1034	2
727	395	3
727	398	2
727	783	3
727	1303	2
727	826	2
727	1250	1
6	272	4
32	246	4
32	50	4
32	257	4
32	117	3
32	508	4
32	298	5
32	591	3
32	1012	4
32	222	3
32	742	3
32	181	4
32	249	4
32	100	3
32	408	3
32	250	4
32	9	3
32	475	5
32	7	4
32	455	2
32	248	4
32	151	3
32	290	3
32	1023	3
32	276	4
32	118	3
32	240	2
32	111	3
32	405	4
32	866	3
32	235	3
32	1016	1
32	628	4
32	122	2
102	307	4
102	245	3
102	596	2
102	993	2
102	1	3
102	625	3
102	432	3
102	501	2
102	588	4
102	418	3
102	768	2
102	1240	2
102	99	2
102	91	3
102	95	4
102	101	4
102	102	3
102	1076	2
768	895	2
813	294	1
813	9	3
813	750	4
813	751	5
813	898	1
813	307	4
813	310	4
813	300	4
813	690	4
813	877	1
813	270	5
813	326	3
813	538	3
813	304	1
813	342	1
813	335	2
813	289	4
813	271	4
813	988	3
813	259	2
813	358	3
813	263	3
813	266	2
813	680	2
813	243	3
813	892	1
813	890	4
813	901	1
813	893	3
724	269	4
724	313	5
724	302	3
724	272	5
724	1234	1
724	308	1
724	310	5
724	750	2
724	879	1
724	305	3
724	343	1
724	352	1
724	751	2
724	268	4
724	1176	1
724	1591	1
724	300	3
724	344	1
724	887	3
724	331	3
724	906	1
724	307	3
724	690	1
724	349	2
724	538	2
724	258	4
724	1105	1
724	872	1
724	1434	1
724	311	1
724	995	1
724	288	4
724	301	4
724	333	4
724	332	4
724	327	4
724	937	3
724	329	4
724	749	4
724	347	4
724	938	3
724	326	4
724	289	1
724	346	1
724	682	1
724	1617	1
724	304	4
724	294	4
724	259	2
724	895	4
724	328	4
724	748	1
724	322	1
724	876	1
724	873	3
724	898	1
724	336	1
724	877	1
724	271	2
724	358	1
724	683	1
724	880	3
724	893	3
724	342	3
724	323	2
724	245	2
724	989	1
724	678	2
724	948	1
724	299	1
724	266	1
724	988	1
724	680	1
724	338	3
724	264	3
724	909	1
724	908	1
724	1062	1
724	1432	1
724	351	1
724	361	1
724	882	1
724	1127	3
724	242	1
724	286	1
910	286	3
395	286	4
395	313	3
395	750	5
395	258	4
395	300	3
395	342	4
395	328	4
395	748	3
395	343	5
395	892	3
395	338	4
395	50	5
395	172	5
395	210	5
395	174	5
395	215	5
395	97	5
395	64	5
395	318	4
395	98	5
395	89	5
395	181	5
395	216	3
395	196	4
395	163	5
395	378	5
395	231	4
395	21	3
395	423	5
395	186	5
395	632	5
395	154	5
395	237	4
395	127	5
395	1	5
395	100	4
395	924	4
395	151	3
395	515	4
395	257	5
395	255	3
395	458	3
395	121	3
395	118	3
395	252	3
395	15	3
395	472	3
805	346	4
395	866	3
395	365	5
805	150	5
795	150	3
508	269	4
508	181	3
508	121	2
795	1095	3
508	173	4
508	98	3
508	172	5
508	168	4
795	1	4
508	317	4
508	357	5
508	511	4
508	91	4
508	132	5
508	514	5
508	188	4
508	209	5
508	150	5
795	240	2
795	436	3
508	238	4
508	223	4
508	23	4
508	191	5
508	115	3
508	234	4
508	175	4
508	179	4
508	204	3
508	655	4
508	79	2
508	180	5
508	195	3
508	176	4
508	183	5
508	524	5
508	219	1
508	1067	4
508	154	5
508	318	4
508	174	4
508	144	3
508	230	2
508	1153	4
455	14	3
455	898	3
508	200	4
508	163	3
508	109	3
508	151	5
508	96	2
508	216	5
795	928	1
795	564	1
795	405	1
795	559	2
795	217	1
795	552	2
795	105	1
795	739	1
795	381	2
508	629	4
508	735	4
508	214	3
508	527	5
508	196	3
508	69	3
508	70	4
508	208	5
508	502	4
508	215	3
508	52	4
508	211	3
508	710	4
508	443	4
508	186	3
508	436	4
508	232	3
508	210	4
508	82	3
508	218	2
508	568	4
508	239	2
508	47	3
508	222	3
508	451	3
508	88	3
508	153	3
508	73	3
508	229	2
508	13	4
508	1135	3
508	101	5
508	50	5
508	378	5
508	228	5
508	528	5
508	1	5
508	474	5
508	506	5
508	423	5
508	185	5
530	50	4
199	258	4
199	269	5
199	892	1
199	286	5
199	242	5
199	268	5
199	324	1
199	989	1
199	539	1
199	751	3
199	313	4
199	259	1
199	243	1
199	678	1
199	294	1
199	322	2
199	988	1
199	948	1
199	687	1
199	323	3
199	408	5
199	116	5
199	100	3
199	813	3
199	93	4
199	9	5
199	221	4
199	7	4
199	1	1
199	276	4
199	285	4
199	117	3
199	508	4
199	475	5
199	1326	3
199	1354	1
199	14	4
199	405	2
199	473	4
199	111	3
530	582	4
530	100	4
530	195	3
530	98	4
530	692	4
530	357	5
530	174	4
530	487	4
530	196	5
530	527	4
530	483	3
530	660	3
530	191	5
530	178	5
617	269	1
617	302	4
617	345	1
617	1316	1
617	242	3
617	294	1
617	313	1
617	1612	1
617	288	1
617	1021	4
617	515	3
617	1019	4
617	497	3
617	443	4
617	174	1
617	868	4
617	74	5
617	531	2
617	192	5
617	1187	3
617	134	3
617	170	1
617	606	3
617	498	3
617	653	4
617	604	2
617	132	1
617	647	3
617	427	4
617	185	5
617	136	3
617	98	2
617	648	3
617	496	1
617	1073	3
617	519	3
617	480	4
617	429	3
617	631	2
617	607	4
617	238	3
617	475	1
617	855	3
617	615	3
617	582	4
617	89	4
617	423	1
617	175	4
617	488	4
617	611	4
617	183	4
617	656	4
617	644	4
617	447	4
617	357	4
617	179	4
617	646	4
617	320	5
617	558	3
617	200	5
617	675	4
617	100	4
617	671	4
617	56	1
617	7	3
617	218	2
617	436	3
617	547	1
617	854	1
617	234	3
617	184	1
617	201	1
617	637	3
617	448	3
617	559	1
617	217	1
617	17	1
617	674	3
617	219	4
617	53	1
617	672	3
617	569	1
617	667	2
617	444	4
617	573	4
617	859	3
617	670	1
617	452	1
617	446	2
617	441	3
617	396	1
617	669	1
617	565	4
617	860	1
617	413	1
617	440	4
617	774	1
617	164	1
617	453	1
617	424	1
617	635	4
617	145	1
617	668	4
617	816	1
617	563	1
617	590	1
617	567	2
617	767	3
404	286	1
404	258	4
404	313	5
404	1238	3
404	272	4
404	754	3
404	302	4
404	331	3
404	333	2
404	301	3
404	876	2
404	288	3
404	327	2
404	683	4
530	156	4
404	348	3
404	678	4
404	245	3
404	748	4
404	294	4
404	323	3
404	687	3
404	879	3
404	243	3
404	259	5
404	289	1
404	892	2
530	607	5
404	901	2
404	689	2
404	339	1
404	343	1
404	332	4
404	938	4
404	300	4
404	307	4
404	328	4
404	270	4
404	269	4
404	750	3
404	342	3
404	310	4
530	204	4
404	739	4
530	183	4
530	172	4
404	66	4
404	22	5
530	64	5
530	443	4
530	60	5
385	1022	3
385	346	3
385	1017	3
385	122	3
758	315	5
621	881	2
621	313	5
621	876	2
621	890	1
621	751	4
621	539	1
621	894	1
621	263	1
621	298	4
758	345	5
222	313	4
222	750	5
222	288	4
222	895	4
222	93	2
222	477	2
222	249	1
222	255	3
222	1226	4
222	826	2
222	1059	1
222	106	2
222	407	2
222	1054	1
276	53	4
276	282	4
276	943	4
276	1019	5
276	427	5
276	748	3
195	582	4
768	315	3
768	288	4
768	346	3
768	121	4
768	248	3
768	237	4
768	50	4
768	222	4
768	476	4
768	682	3
768	966	4
768	1016	2
768	405	4
768	591	4
768	117	4
768	1	5
768	310	4
768	313	5
768	14	5
768	301	5
768	300	5
768	127	5
768	100	5
768	9	5
768	173	5
768	756	3
768	278	2
768	475	2
768	597	2
768	826	1
768	15	2
768	763	2
768	1061	1
768	284	1
768	762	1
378	298	3
378	248	3
145	346	5
145	313	4
145	310	4
145	751	4
145	895	3
145	315	5
145	894	1
541	258	4
541	678	5
541	304	4
500	286	1
541	1084	4
500	258	4
500	294	3
541	527	3
541	427	4
541	28	4
541	511	4
500	300	4
500	328	3
500	304	2
541	655	4
541	651	5
500	319	4
541	15	3
541	83	5
500	289	4
500	268	5
500	988	3
541	222	4
500	325	3
500	245	2
541	378	5
541	196	4
541	402	3
541	423	3
541	699	4
500	50	3
541	468	4
500	285	3
500	93	4
500	1326	4
500	1012	4
500	1	4
541	660	5
500	9	4
541	676	3
541	526	4
500	7	5
500	100	4
541	403	3
500	295	4
500	246	5
500	15	2
541	924	5
541	732	3
500	250	4
541	239	4
500	13	5
500	116	4
500	475	5
500	287	3
541	553	4
500	276	5
500	1385	4
500	742	3
500	1163	1
541	1053	3
500	257	3
541	29	2
500	919	3
500	283	2
500	619	3
500	815	3
500	255	3
500	472	3
500	10	3
500	471	4
541	941	4
500	181	3
500	16	4
500	281	3
500	1315	4
