871	272	2
871	346	3
871	345	3
871	575	5
871	182	5
871	302	5
871	269	3
871	262	3
871	258	5
871	300	4
871	259	3
871	326	5
871	352	3
871	1431	4
871	187	5
871	127	5
871	276	5
871	547	3
871	1197	3
871	1345	3
871	1388	4
871	813	3
871	147	5
871	286	3
871	1386	3
871	1385	3
871	515	4
871	174	5
871	96	5
871	172	5
871	56	5
871	947	2
871	511	2
871	22	5
871	183	3
871	226	5
871	195	5
871	11	3
871	79	5
871	161	5
871	27	2
871	210	5
871	121	4
871	190	2
871	50	5
871	17	3
871	510	3
871	181	3
871	435	3
871	82	3
871	177	5
871	651	2
871	526	5
871	566	3
871	92	3
871	4	3
871	173	5
871	275	3
871	216	3
871	1119	3
871	197	3
871	202	4
871	241	3
871	237	3
871	213	3
871	794	3
871	97	3
871	955	3
871	781	4
871	402	3
871	549	3
871	1072	3
871	1137	3
871	747	3
871	662	3
453	354	4
453	750	4
453	59	2
453	1230	2
453	963	4
59	313	5
59	286	3
59	258	3
59	288	5
453	367	2
59	900	4
59	100	5
59	126	5
59	7	4
59	129	5
59	285	4
453	421	4
59	919	4
59	929	2
59	116	4
59	1	2
59	9	4
59	742	3
59	151	5
453	496	4
59	111	4
59	508	5
59	1009	4
59	276	5
59	458	4
59	1115	3
59	273	2
453	223	4
59	287	5
59	741	4
59	148	3
59	220	2
59	109	4
59	10	4
59	137	5
59	118	5
59	14	5
59	277	4
59	1048	4
59	591	4
59	410	3
59	25	4
59	147	5
59	149	4
59	18	4
59	121	4
59	1117	4
59	123	3
59	974	3
59	1047	2
59	237	3
59	1114	5
59	477	3
59	846	4
59	13	5
59	928	4
59	15	5
59	274	1
59	284	2
59	472	3
59	547	3
59	1093	5
59	405	3
59	240	2
59	24	4
59	713	5
59	845	5
59	975	4
59	473	3
59	931	2
59	597	2
59	595	3
59	825	4
59	756	2
59	235	1
59	125	3
59	760	2
59	762	4
59	926	1
59	764	4
59	823	5
59	290	3
59	476	2
59	3	4
59	871	2
59	866	3
59	1120	1
59	1028	1
59	106	4
59	369	2
59	620	4
59	717	2
655	344	4
59	79	5
59	505	4
59	12	5
59	205	3
59	203	4
59	201	4
59	22	4
59	64	5
59	603	5
59	654	4
59	210	4
59	611	3
59	427	5
59	483	5
59	187	5
59	357	5
59	177	4
59	318	5
59	133	3
59	98	5
59	466	4
59	58	4
59	588	2
59	523	4
59	198	5
59	215	5
59	474	5
59	170	4
59	516	4
59	127	5
59	515	4
59	56	5
59	423	5
59	193	4
59	45	5
59	485	2
59	48	5
59	855	4
59	484	4
59	608	4
59	510	4
59	172	5
59	55	5
59	174	5
59	238	5
59	527	5
59	684	3
59	659	3
59	435	5
59	615	4
59	367	4
59	61	4
59	180	4
59	657	4
59	429	4
59	168	5
59	143	1
59	514	5
59	633	3
59	655	5
59	746	5
59	169	4
59	195	5
59	963	5
59	95	2
59	525	3
59	1111	5
59	70	3
59	135	5
59	480	5
59	183	5
59	673	5
59	83	4
59	432	4
59	606	4
59	969	3
59	191	4
59	194	3
59	28	5
59	42	5
59	134	5
59	521	5
59	1108	3
59	507	4
59	182	5
59	181	5
59	498	5
59	604	3
59	663	4
59	234	5
59	425	4
59	59	5
59	526	4
59	511	5
59	209	5
59	89	5
59	60	5
59	519	4
59	179	5
59	1021	4
59	92	5
59	651	5
59	709	5
59	39	4
59	644	4
59	99	4
59	190	5
59	69	5
59	50	5
59	705	4
59	789	4
59	196	5
59	1109	3
59	496	4
59	513	4
59	173	5
59	584	4
59	736	5
59	529	4
59	86	3
59	1050	2
59	658	4
59	428	5
59	4	4
59	418	2
59	1065	5
59	188	4
59	32	4
59	87	4
59	430	5
59	216	4
59	185	5
59	68	2
59	419	2
59	568	5
59	727	2
59	65	4
59	724	5
59	91	4
59	729	4
59	1101	5
59	33	3
59	528	4
59	23	5
59	489	4
59	582	4
59	175	4
59	136	3
59	647	5
453	684	3
59	81	4
59	707	3
59	699	4
59	492	4
59	200	5
59	479	5
59	732	3
59	443	5
59	199	4
59	265	4
59	131	4
59	747	4
59	197	5
59	404	3
59	212	4
59	692	3
59	702	5
59	710	3
59	208	5
59	660	4
59	431	4
59	650	5
59	735	5
59	770	4
59	675	5
453	471	4
59	47	5
59	434	4
59	176	5
59	71	3
59	241	4
59	382	4
453	99	3
59	664	4
59	490	4
59	52	4
59	610	4
59	204	5
59	96	5
59	385	4
59	381	5
59	549	4
59	416	3
59	186	5
59	649	4
59	82	5
453	721	4
453	384	2
59	230	4
59	679	4
59	202	4
59	228	4
59	517	5
59	393	2
59	470	3
59	132	5
59	11	5
59	570	4
453	578	3
453	80	2
59	448	4
59	506	5
59	953	5
59	30	5
59	462	5
59	503	4
59	161	3
59	468	3
59	501	1
59	1113	4
59	609	2
453	356	2
453	67	4
59	97	5
59	504	5
59	583	5
59	715	5
59	229	3
59	54	4
453	158	2
59	488	3
59	618	4
59	380	3
59	102	2
59	433	5
453	233	2
59	672	5
59	581	5
59	227	3
59	622	4
59	421	5
453	781	3
453	401	3
59	44	4
59	211	5
59	1118	2
59	616	5
59	451	5
453	143	2
59	184	4
59	1119	4
59	562	4
59	436	5
59	447	5
59	959	4
59	51	5
59	371	4
59	972	4
59	662	3
453	73	4
453	416	2
59	1112	3
59	569	4
59	612	3
59	53	5
453	229	2
453	871	1
59	755	4
59	642	5
59	73	4
59	1107	4
59	77	4
59	602	2
59	625	3
59	402	4
453	797	1
59	792	4
59	226	4
59	90	2
59	465	2
59	1110	4
59	1005	5
59	951	3
59	218	5
59	1074	4
59	708	4
59	640	5
59	946	1
59	140	1
453	717	2
59	232	3
59	670	4
59	739	4
59	566	4
59	219	5
453	1145	2
59	142	1
59	567	4
59	559	5
59	774	2
59	392	2
59	1116	3
59	387	3
453	1157	2
59	564	2
59	403	5
59	550	5
59	781	4
59	101	5
59	141	4
453	452	2
453	1037	1
453	364	3
59	524	3
59	491	4
453	1303	2
59	687	1
59	321	4
59	243	1
453	453	2
453	424	1
59	323	4
453	9	3
453	742	3
453	402	3
453	77	3
453	568	3
453	550	3
453	79	3
453	385	3
453	393	3
453	227	3
543	936	4
543	249	2
543	15	3
130	354	5
130	355	4
130	353	1
130	316	4
130	752	5
130	555	4
561	435	3
533	919	2
533	21	3
327	143	4
327	1100	4
327	435	4
832	313	5
832	286	3
832	258	3
832	328	3
832	326	4
832	294	4
832	307	4
832	895	2
832	260	3
832	264	3
832	876	3
832	288	3
832	245	3
832	678	2
832	334	2
832	243	2
832	748	3
832	873	2
832	681	2
832	323	3
832	322	3
832	181	3
832	50	3
832	471	4
832	25	2
640	354	4
487	833	4
454	751	4
454	740	2
454	135	2
454	875	1
454	95	2
454	11	1
454	89	1
454	98	1
454	76	1
454	81	1
454	487	4
454	96	4
454	1035	3
454	8	5
454	492	3
454	144	4
454	174	4
454	611	2
454	66	4
454	182	3
454	191	4
454	490	2
454	71	3
454	531	2
454	836	2
454	222	3
454	195	4
454	385	3
454	132	2
454	472	3
454	694	2
454	172	2
454	568	4
454	1454	2
454	956	2
454	169	4
454	504	2
454	77	4
454	1126	2
454	1299	2
454	431	3
454	736	3
454	392	2
454	659	2
454	173	2
454	111	1
454	107	3
454	468	3
454	234	3
454	566	4
454	660	3
454	121	4
454	418	3
454	118	4
454	972	2
454	378	3
454	367	4
454	51	2
454	692	5
454	724	3
454	211	2
454	371	3
454	161	4
454	968	2
454	685	3
454	942	2
454	414	2
454	387	2
454	356	1
454	649	2
454	961	1
454	86	2
454	686	2
454	162	3
454	607	2
454	693	2
454	837	2
454	742	3
454	465	3
454	317	4
454	117	3
454	939	2
454	140	3
454	485	4
454	434	3
454	735	2
454	275	2
454	402	3
454	642	2
454	70	4
454	654	2
454	451	4
454	147	3
454	519	2
454	203	2
454	589	2
454	605	2
454	478	2
454	1203	2
454	153	3
454	602	2
454	73	3
454	498	3
454	28	4
454	463	2
454	88	4
454	732	4
454	283	3
454	404	3
454	56	3
454	614	3
454	1107	4
454	55	2
454	493	2
454	627	2
454	631	2
13	900	5
894	903	4
894	752	3
894	316	4
205	286	2
205	300	3
205	315	4
205	313	3
205	242	4
205	258	3
205	304	3
205	269	3
205	294	3
205	326	4
205	328	3
205	1025	1
205	875	2
205	322	3
205	678	1
205	268	2
205	333	4
205	289	4
205	316	4
205	748	4
205	984	1
205	243	2
898	272	4
898	315	5
898	300	2
898	313	4
898	258	3
898	286	2
898	270	4
898	310	4
898	539	3
898	242	4
898	347	3
898	327	5
898	288	4
898	271	3
898	328	2
898	302	4
898	751	3
898	324	4
898	319	5
898	312	2
898	243	1
898	358	4
898	334	3
898	748	4
898	316	5
898	683	3
898	343	3
898	309	5
898	689	3
898	1296	4
102	334	2
661	192	4
661	684	3
661	175	2
661	97	4
661	166	5
661	727	4
661	230	4
661	89	5
661	191	4
661	195	5
661	196	3
661	170	4
661	652	2
543	272	3
661	568	4
116	900	4
452	945	4
452	516	3
74	272	5
74	300	3
74	315	5
74	340	5
74	354	3
74	258	4
74	268	3
74	302	4
74	313	5
74	333	4
74	539	3
74	288	3
74	245	3
74	324	3
74	328	4
74	294	4
74	326	4
74	307	4
606	749	4
74	351	3
74	331	4
74	690	4
74	301	3
74	358	2
74	285	3
74	126	3
74	237	4
74	121	4
74	100	4
74	7	4
74	9	4
74	129	3
74	150	3
74	137	3
74	276	4
74	15	4
74	13	4
74	508	4
74	1084	3
74	124	3
606	307	4
533	345	3
533	1142	4
533	724	4
924	1149	3
926	313	3
926	315	4
926	300	3
926	272	5
926	340	4
926	303	3
926	302	4
926	237	3
332	174	5
332	11	5
332	98	5
332	97	5
332	156	4
332	64	5
332	228	5
332	95	5
332	173	5
332	8	5
332	746	5
332	70	2
332	451	5
332	367	4
332	73	4
332	655	5
332	673	5
332	229	5
332	234	5
332	44	3
332	566	4
332	230	5
332	77	4
332	5	5
332	265	4
332	684	5
332	233	4
332	227	5
332	218	5
332	356	3
332	54	4
332	1042	4
332	431	5
332	53	3
332	449	4
332	1210	3
332	554	3
332	38	2
332	552	3
332	1090	5
332	452	4
332	450	5
332	1157	4
332	769	3
332	974	4
332	931	2
232	315	5
232	900	5
145	896	2
145	752	4
145	268	4
145	316	5
145	355	3
145	329	4
145	348	4
145	246	4
145	236	1
145	477	2
145	929	2
145	1051	2
145	284	4
145	760	2
145	1011	5
145	1102	1
145	1288	4
145	1216	2
145	827	2
145	764	2
145	122	1
145	831	1
145	1002	1
145	1215	2
145	407	2
145	368	3
145	1040	1
145	412	4
145	743	1
145	120	2
145	1291	3
145	1054	1
145	1287	2
145	54	5
145	717	3
145	1046	4
145	552	5
145	38	3
145	572	5
145	1210	1
145	1090	2
145	394	1
145	930	2
145	574	2
145	592	3
145	771	2
143	315	4
143	288	5
143	286	2
143	272	4
143	258	3
143	313	5
143	331	5
143	690	2
143	307	4
143	323	3
143	1038	3
143	328	4
143	294	3
143	333	5
143	326	5
143	322	4
143	271	4
143	347	5
143	325	5
143	682	3
279	764	3
279	827	1
279	845	1
279	120	1
279	489	2
279	1492	4
104	302	5
104	313	4
104	272	4
104	269	5
104	340	3
104	289	4
104	311	1
104	347	2
104	288	2
104	331	3
104	345	4
104	750	5
104	346	3
104	268	3
104	354	3
104	327	2
104	307	2
104	328	3
104	258	3
104	310	2
104	301	2
104	300	3
104	286	1
104	333	2
104	332	2
104	270	4
104	751	4
104	271	1
104	294	3
104	678	2
104	245	2
104	324	1
104	299	3
104	342	3
104	316	4
104	748	2
104	312	3
104	895	2
104	330	1
104	325	1
104	984	1
757	313	3
757	333	4
757	258	5
757	271	3
757	288	4
757	751	3
757	326	3
757	270	3
757	895	4
757	323	3
757	350	3
757	260	3
757	678	2
757	343	3
757	358	3
757	1	4
757	515	5
757	100	3
757	50	4
757	250	4
757	276	4
757	117	4
757	298	4
757	248	4
757	181	3
757	222	4
757	129	3
757	257	4
757	742	4
757	1016	3
757	405	4
757	24	4
757	121	2
757	151	4
757	685	3
757	471	4
757	7	4
757	1014	3
757	252	3
757	825	3
757	546	3
757	118	3
757	235	3
757	148	4
757	455	3
757	472	3
757	931	2
757	254	2
757	743	2
757	122	1
757	89	4
757	423	3
757	56	4
757	651	4
757	64	5
757	193	4
757	203	5
757	156	3
757	175	3
757	31	4
757	210	4
757	172	4
757	196	4
757	173	4
757	174	5
757	206	4
757	433	4
757	164	3
757	97	4
757	202	4
757	176	5
757	79	4
757	98	4
757	69	3
757	195	4
757	550	3
757	1240	3
757	71	4
757	198	4
757	684	4
757	183	4
719	300	2
719	274	3
719	284	2
719	532	3
600	269	4
600	22	5
600	181	4
600	50	4
600	195	4
600	89	5
600	515	5
600	56	5
600	511	5
600	651	4
600	127	5
719	298	2
600	265	3
600	241	5
600	385	3
600	79	4
600	684	4
600	177	5
600	82	5
600	96	5
600	530	4
600	510	5
600	210	4
600	92	3
600	176	5
600	174	4
600	172	4
600	11	5
719	582	3
600	435	5
600	188	4
600	187	5
600	526	4
600	184	3
600	183	5
600	182	4
600	230	4
600	232	3
600	578	2
600	679	2
600	1004	4
600	576	3
600	229	3
600	228	3
600	403	3
600	518	5
600	431	3
600	4	4
600	568	4
600	2	3
600	161	4
600	566	3
600	541	1
600	583	3
600	27	3
600	810	3
600	761	4
600	227	4
600	226	4
600	554	4
600	233	2
600	550	4
600	947	4
600	62	4
600	720	3
600	665	5
600	231	3
600	1231	2
600	1188	3
600	373	3
600	29	2
600	1228	2
600	38	3
600	391	3
600	399	4
600	53	4
600	570	4
600	562	3
600	771	3
600	1239	2
600	449	4
600	1110	3
600	779	2
600	1419	3
600	802	2
600	586	2
600	1407	2
600	540	3
600	450	4
600	1274	2
600	759	2
719	735	5
719	88	3
719	66	3
719	220	5
711	116	5
758	355	4
279	1205	3
279	1402	1
631	313	4
631	288	3
631	272	4
631	315	4
631	334	2
631	310	4
631	346	4
631	307	4
631	286	3
279	1493	1
631	873	2
631	301	4
631	877	2
631	294	3
104	293	3
104	282	3
104	100	4
631	332	3
104	9	2
104	1011	3
104	285	4
104	127	3
104	508	2
279	1428	3
631	323	2
631	886	4
631	289	4
104	150	5
104	124	2
631	682	2
104	1115	4
104	237	3
104	847	2
104	591	4
104	471	3
104	276	4
631	338	2
104	246	3
104	222	3
104	1226	3
104	287	2
104	628	4
631	1527	2
104	1241	1
104	544	3
104	744	1
104	15	5
104	10	2
104	713	3
104	546	1
104	126	4
104	534	2
104	1010	1
104	823	1
104	130	1
104	257	4
104	283	4
104	475	4
279	451	1
104	248	2
104	255	1
104	1017	1
104	25	3
104	845	3
104	13	3
104	249	3
104	235	2
104	111	1
104	1012	4
104	3	3
104	411	1
104	290	4
104	122	3
104	756	2
104	1028	2
104	456	3
104	871	2
104	412	3
104	926	1
104	407	2
104	117	2
104	181	5
104	50	5
104	7	3
104	273	3
104	250	3
104	121	2
104	147	3
104	1016	1
104	825	1
104	405	3
104	827	2
104	840	1
279	1250	1
757	22	4
757	68	4
757	232	3
757	4	5
757	228	4
757	96	4
757	403	4
757	128	3
757	566	3
757	2	3
757	144	4
757	17	3
757	82	4
757	568	4
757	679	4
757	11	4
757	431	4
757	230	4
757	265	3
757	188	3
757	231	2
757	1188	3
757	665	3
757	229	3
757	227	4
757	554	3
757	570	3
757	29	2
757	27	4
757	562	3
757	53	3
757	62	3
757	809	4
757	827	3
757	449	3
757	399	3
757	241	3
757	1073	4
757	470	3
757	38	3
757	233	3
757	226	3
757	771	2
757	574	3
757	1210	2
757	1090	2
757	1273	2
757	450	2
757	432	3
757	95	4
757	426	3
757	588	3
757	101	4
757	91	4
757	561	2
757	217	3
757	569	3
757	559	4
757	145	3
757	939	4
757	693	4
757	205	4
757	58	3
757	125	2
757	658	2
757	28	3
757	732	3
757	157	3
757	179	4
757	746	3
757	549	5
757	204	4
757	385	3
757	207	2
757	143	3
757	969	3
757	168	4
757	638	3
757	161	3
757	153	3
757	576	3
757	474	3
757	155	2
757	1035	2
757	328	3
99	354	2
99	246	3
99	255	3
99	116	2
99	275	1
92	456	2
92	984	2
92	328	3
92	304	4
655	1634	2
655	1553	4
655	182	4
655	133	4
655	127	5
655	479	4
655	303	4
655	297	4
655	100	3
655	733	3
655	272	3
655	2	3
655	162	3
655	889	3
655	1368	5
655	655	3
655	313	4
655	1600	3
655	1644	1
655	805	2
655	1012	3
655	187	5
655	803	3
655	1086	3
655	1426	2
655	481	2
655	22	2
655	612	3
655	43	3
655	174	3
655	813	3
655	320	5
655	252	2
655	280	2
655	919	2
655	30	5
655	1640	3
655	1418	4
655	210	3
655	1436	2
655	740	3
655	346	4
655	167	4
655	234	3
655	326	2
655	188	3
655	269	3
655	1137	3
655	1238	2
655	731	3
655	274	3
655	1473	3
655	1063	3
655	1176	4
655	213	4
655	448	4
655	1642	4
655	262	5
655	296	4
655	462	3
655	751	3
655	93	3
655	1141	3
655	636	3
655	963	3
655	1144	3
655	709	3
655	660	2
655	716	2
655	304	2
872	310	4
872	258	4
872	347	2
872	288	5
872	300	5
872	313	5
872	328	4
872	272	4
872	682	3
872	354	4
872	350	3
872	268	1
872	294	3
872	895	5
872	893	4
872	748	3
872	905	4
872	892	3
872	1	3
872	405	4
872	111	4
872	628	4
872	742	4
872	117	4
872	121	4
872	278	3
872	282	5
872	591	3
872	273	3
872	280	3
872	237	4
872	845	3
872	1011	1
872	685	4
872	284	3
872	597	4
872	756	4
872	763	3
872	1284	3
872	151	2
872	815	4
872	1028	3
872	864	3
872	932	4
872	926	4
872	1165	2
872	290	2
872	118	4
872	274	3
872	546	4
872	363	4
872	928	2
872	717	4
872	1376	2
872	1047	4
872	106	3
872	820	3
872	925	4
872	826	3
872	975	4
872	930	3
872	409	3
872	871	3
872	974	4
872	1040	3
872	1061	4
872	977	3
872	476	4
872	334	1
872	323	2
872	332	3
452	285	3
452	183	4
452	70	5
452	684	4
452	52	3
452	259	2
178	358	1
245	300	4
245	210	3
245	133	2
178	877	2
245	94	2
178	326	4
245	222	4
245	151	3
178	316	4
245	597	4
245	473	2
245	596	4
245	1047	3
245	756	3
245	411	3
245	1028	5
245	717	4
245	21	3
245	1033	5
245	112	4
245	50	4
245	181	4
245	258	4
245	894	1
245	240	1
178	864	2
178	764	3
178	284	4
178	546	3
178	619	3
178	25	3
178	250	4
682	288	4
682	678	1
682	748	3
682	258	3
682	245	3
682	294	3
682	243	1
682	323	2
682	948	2
682	12	5
682	28	3
682	192	3
682	357	3
682	180	3
682	127	5
682	64	5
682	83	3
682	100	3
682	223	1
682	11	4
682	76	3
682	673	3
682	591	3
682	124	2
682	276	3
682	527	3
682	318	4
682	651	4
682	9	3
682	215	4
682	191	3
682	150	4
682	87	5
682	509	2
682	187	5
682	48	4
682	175	3
682	1221	3
682	518	4
682	237	3
682	942	2
682	1410	3
682	467	3
682	291	1
682	628	4
682	317	4
682	658	4
682	549	3
682	70	4
682	65	3
682	239	3
682	81	3
682	135	4
682	157	4
682	1039	4
682	380	4
682	471	3
682	693	3
682	713	3
682	1440	2
682	77	3
682	583	2
682	97	4
682	735	4
682	179	4
682	1267	3
682	58	3
682	924	5
682	553	3
682	54	4
682	470	5
682	280	3
682	51	5
682	732	3
682	546	3
682	808	4
682	1045	3
682	403	3
682	1074	4
682	582	1
682	697	4
682	922	3
682	556	2
682	468	5
682	1153	3
682	47	1
682	660	2
682	1232	2
682	366	4
682	1107	2
682	1655	2
682	631	3
682	772	4
682	581	2
682	724	4
682	570	2
682	365	3
682	378	3
682	1011	4
682	356	3
682	26	3
682	39	4
682	1135	2
682	696	4
682	941	4
682	1311	3
682	729	3
682	723	1
682	27	3
682	708	3
682	737	3
682	1220	4
682	1428	3
682	205	3
682	1084	2
682	75	4
682	86	2
682	362	2
682	271	4
682	333	4
682	268	5
682	327	3
682	332	4
682	300	2
682	346	2
682	328	3
682	299	4
682	339	2
682	895	4
682	352	1
682	259	3
682	358	3
682	351	4
682	683	2
682	263	1
682	890	2
682	181	5
682	298	4
682	50	5
682	248	3
682	246	5
682	257	2
682	255	3
682	249	3
682	1016	2
682	1012	4
682	252	3
682	687	2
682	991	2
682	254	2
682	1089	2
682	721	4
682	42	5
682	92	5
682	56	4
682	3	3
682	423	5
682	69	4
682	156	5
682	692	3
682	1478	3
682	619	3
682	566	3
682	379	4
682	558	1
682	184	4
682	201	4
682	232	3
682	1188	3
682	53	2
682	1019	5
682	520	4
682	222	4
682	655	5
682	686	4
682	23	4
682	190	4
682	22	5
682	284	4
682	742	3
682	282	4
528	310	3
528	751	4
528	294	3
528	748	3
528	358	2
682	1067	3
528	678	3
682	183	3
682	659	1
682	657	4
682	98	4
682	185	4
682	79	4
682	31	3
682	684	3
682	55	4
682	234	3
528	541	3
682	431	4
682	5	3
682	654	4
682	121	4
682	1046	3
528	298	4
682	943	3
682	233	2
682	281	3
682	273	4
682	33	4
528	402	4
682	265	3
682	229	4
682	228	4
682	17	3
682	148	3
682	925	3
682	226	3
682	552	3
682	443	3
682	218	3
682	159	3
682	164	3
682	1090	2
682	1217	3
682	802	2
682	717	3
682	977	3
682	761	4
682	573	4
682	38	3
682	572	4
682	554	3
682	325	4
682	176	4
682	876	3
682	783	2
682	540	2
682	881	3
682	216	4
682	173	4
682	209	3
682	168	5
682	746	3
682	710	3
682	204	3
682	202	4
682	186	4
682	475	3
682	153	3
682	154	5
682	109	3
682	72	3
682	238	3
682	433	3
682	1048	3
682	73	5
682	108	3
682	25	4
682	88	4
682	4	3
682	240	4
682	451	3
682	762	3
682	1118	3
682	393	4
682	111	3
682	66	3
682	804	3
682	274	4
682	410	3
682	367	3
682	763	4
682	1225	4
682	959	4
682	80	1
682	1047	3
682	235	1
682	781	2
682	163	3
682	85	3
682	8	3
682	455	4
682	1178	1
528	1618	1
682	824	1
682	1132	3
682	940	2
682	801	3
682	412	1
682	999	2
682	1437	2
682	790	3
682	756	2
682	386	2
682	775	1
682	719	2
682	932	1
682	862	1
682	1305	3
682	728	3
682	94	3
682	585	4
682	738	3
682	384	2
682	722	4
682	41	3
682	944	3
682	716	2
682	1093	3
682	476	1
682	167	2
682	866	2
682	21	4
682	49	3
682	780	3
682	290	1
682	158	2
682	401	1
682	833	1
682	122	3
682	211	4
682	210	4
682	188	4
682	172	5
682	144	3
682	195	4
682	89	4
682	7	4
682	117	4
682	405	2
682	385	3
682	62	3
682	241	4
682	685	3
682	550	2
682	82	4
682	2	3
682	161	3
528	204	5
682	568	3
682	24	4
682	68	5
682	128	4
682	578	3
682	399	4
682	1231	2
682	541	3
682	231	1
682	363	2
682	823	2
528	203	4
682	797	2
528	168	4
528	423	1
682	849	2
682	720	4
682	1228	1
682	472	3
682	597	1
682	1303	2
682	29	2
682	586	1
682	562	2
682	576	4
682	779	3
682	809	2
682	559	4
682	447	2
682	219	2
682	672	2
682	774	4
682	769	2
682	834	3
682	551	2
682	419	3
682	1	4
682	465	3
682	151	5
682	143	3
682	420	3
682	71	5
682	625	3
682	946	4
682	627	4
682	542	2
682	1035	3
682	623	3
682	1091	3
682	820	3
682	95	5
682	293	4
682	427	4
682	196	5
682	217	4
682	15	4
682	174	4
682	765	4
682	67	4
682	272	5
682	182	4
682	147	1
682	752	4
682	96	4
682	125	4
682	250	4
682	1079	3
682	1222	3
682	395	3
682	1028	3
682	806	3
682	699	3
682	304	1
646	347	2
646	346	2
646	690	3
646	258	3
646	300	3
646	313	5
646	328	3
646	315	4
646	272	4
646	310	3
646	332	3
646	751	2
646	294	2
646	307	3
646	354	3
646	750	3
646	286	3
646	1176	4
646	1022	4
646	259	3
646	895	3
646	683	3
646	304	3
646	877	3
646	908	3
646	319	3
646	748	3
646	893	3
646	288	3
646	880	3
646	349	2
646	1237	3
646	678	3
646	323	3
646	682	3
646	352	1
646	892	2
646	1313	3
833	344	4
773	258	5
773	354	2
773	343	1
773	887	2
773	751	3
773	288	2
773	268	4
773	286	3
773	324	3
773	260	2
773	264	2
500	301	2
500	111	4
500	83	4
773	895	2
773	948	2
773	475	3
773	251	3
773	1097	4
773	14	5
773	6	3
773	1252	4
773	1367	5
773	919	5
773	547	4
773	24	3
773	855	2
773	171	5
773	462	5
773	45	4
773	70	3
773	179	5
773	382	3
773	730	3
773	52	3
773	531	5
773	958	4
773	61	5
773	60	5
773	639	4
773	198	4
773	652	3
773	212	2
773	170	5
773	509	4
773	1021	5
773	1475	4
773	737	3
773	1018	3
773	1529	5
773	169	5
773	432	4
773	588	1
773	408	5
773	91	4
773	1	3
773	189	5
773	1240	3
773	240	2
773	522	4
773	109	4
773	56	2
773	238	4
773	100	4
773	655	3
773	710	3
773	93	3
773	42	3
773	210	2
773	152	5
773	209	5
773	175	4
773	168	5
773	153	5
773	433	3
773	455	4
773	154	5
773	13	4
773	792	4
773	732	3
773	47	4
773	428	4
773	239	4
773	72	3
773	204	3
773	1069	4
773	367	2
773	959	4
773	216	4
773	90	4
773	386	3
773	1071	2
773	235	4
773	393	2
773	1170	3
773	940	2
773	384	2
773	790	3
773	1188	2
773	780	4
773	364	4
773	1036	3
773	174	3
773	183	4
773	127	5
773	176	4
773	187	5
773	11	2
773	172	5
773	7	2
773	182	4
773	228	3
773	50	5
773	89	4
773	181	5
773	1187	3
773	92	4
773	184	2
851	302	5
773	431	1
773	96	2
773	188	3
773	68	2
773	568	1
773	403	2
851	339	4
773	233	1
773	229	3
773	265	2
773	924	1
773	2	3
773	232	3
773	53	3
773	121	2
773	809	1
773	231	2
773	665	2
773	541	1
851	342	2
773	840	1
773	29	2
773	720	1
773	27	1
851	355	4
773	185	4
773	98	4
773	234	2
773	200	4
773	675	5
773	218	2
773	217	3
773	559	2
773	567	2
773	37	3
773	769	1
773	145	3
773	12	3
773	191	4
773	221	2
773	357	4
773	196	4
773	32	4
773	318	4
773	427	3
773	23	5
773	64	4
773	59	5
773	1555	4
232	603	4
232	69	3
232	191	4
232	44	4
232	172	4
232	64	4
232	32	4
232	498	4
232	81	5
232	202	4
232	91	5
232	651	3
232	204	4
232	209	3
232	461	5
232	96	5
232	197	4
232	215	3
232	582	5
232	234	3
232	423	4
232	483	5
232	56	5
232	493	4
232	531	4
232	1149	5
232	173	4
232	357	4
232	655	4
232	132	5
232	318	5
232	523	4
232	8	2
232	196	5
232	425	4
232	589	3
232	186	4
232	166	4
232	175	5
232	705	5
232	98	4
232	462	4
232	48	5
232	514	4
232	1128	2
232	921	4
232	170	5
232	747	3
2	286	4
2	258	3
232	638	5
232	133	4
232	194	4
232	178	5
232	22	3
232	419	4
232	435	4
232	165	4
232	474	5
232	919	3
232	630	3
232	76	3
232	708	4
2	305	3
2	307	3
232	127	3
232	4	4
232	52	5
2	288	3
2	312	3
2	301	4
2	306	4
2	299	4
2	269	4
2	303	4
2	315	1
2	292	4
2	296	3
2	19	3
2	1	4
2	297	4
2	293	4
2	275	5
2	257	4
2	295	4
2	277	4
2	287	3
2	255	4
2	280	3
2	298	3
2	290	3
2	274	3
2	276	4
2	278	3
2	291	3
2	273	4
2	294	1
2	25	4
2	279	4
2	111	4
2	14	4
2	10	2
2	13	4
2	282	4
2	237	4
2	284	4
2	285	5
2	242	5
2	127	5
2	251	5
2	50	5
2	311	5
2	313	5
2	302	5
2	283	5
2	100	5
592	752	4
592	344	4
592	354	4
592	345	4
774	307	1
774	300	2
774	258	1
774	294	1
774	1305	3
774	795	1
774	659	3
774	545	1
774	211	3
774	175	3
774	208	2
774	56	2
774	238	5
774	523	2
774	202	5
774	210	1
774	168	1
774	194	3
774	514	2
774	655	1
774	778	5
774	186	3
774	367	2
774	1118	3
774	4	2
774	201	2
774	393	1
774	8	1
774	428	1
774	692	1
774	232	2
774	72	1
774	451	1
774	401	2
774	1218	3
774	399	2
774	712	1
774	88	1
774	585	1
774	386	2
774	94	2
774	577	2
774	1182	1
774	204	3
774	515	2
774	520	3
774	182	4
774	519	5
774	205	4
774	357	2
774	187	3
774	521	2
774	178	4
774	511	3
774	318	1
774	510	2
774	199	4
774	215	3
774	64	3
774	214	3
774	69	4
774	673	2
774	97	2
774	526	4
774	135	3
774	22	2
774	179	5
774	23	3
774	423	1
774	180	5
774	52	3
774	28	3
774	58	1
774	527	1
774	528	4
774	429	1
774	196	3
774	193	5
774	197	1
774	518	1
774	644	4
774	403	2
774	732	1
774	649	3
774	54	1
774	553	2
774	708	2
774	537	2
774	650	1
774	402	2
774	77	1
774	468	2
774	380	2
774	365	2
774	530	5
774	50	4
774	127	4
774	89	2
774	183	4
774	172	3
774	176	4
774	174	3
774	195	3
774	79	2
774	181	3
774	228	4
774	241	4
774	265	3
774	230	2
774	947	2
774	96	2
774	82	2
774	177	4
774	566	2
774	550	2
774	68	3
774	188	3
774	385	1
774	568	2
774	684	1
774	431	4
774	229	2
774	226	2
774	233	2
774	679	5
774	53	4
774	227	5
774	2	1
774	231	1
774	1419	1
774	161	2
774	808	1
774	849	1
774	449	1
774	398	1
561	748	2
774	29	1
774	1110	1
774	391	1
774	576	1
774	62	2
774	1228	1
774	554	1
774	450	2
774	373	2
774	1274	1
774	98	4
774	185	2
774	234	2
774	674	2
774	447	1
774	559	1
774	200	2
774	448	2
774	219	4
774	436	2
774	218	1
774	444	1
774	561	1
774	567	1
774	672	1
774	217	2
774	453	2
774	573	2
774	452	1
774	569	2
774	563	1
774	774	1
774	189	2
774	91	1
774	101	2
774	418	2
774	501	1
774	1091	1
774	548	1
774	421	1
774	739	2
774	31	1
774	654	2
774	525	2
774	44	1
774	1090	1
774	203	2
774	273	1
774	7	2
774	405	1
774	222	3
774	121	1
774	546	1
774	597	2
774	986	1
774	831	2
774	840	2
774	118	1
774	1215	1
774	826	2
774	743	1
774	117	2
774	508	3
774	100	1
774	410	1
774	741	1
774	240	1
774	150	1
774	235	1
774	1028	2
774	1017	3
774	411	1
774	866	1
774	871	1
774	1079	1
774	412	3
774	122	1
774	105	1
774	926	1
774	834	1
774	413	1
774	406	1
774	758	1
774	250	3
774	1016	3
774	293	1
774	254	1
774	920	2
774	12	3
452	14	3
452	269	5
452	154	5
452	168	4
452	94	1
452	631	4
452	216	3
452	781	3
512	313	3
512	302	4
512	1238	4
512	258	3
512	286	5
512	325	2
512	183	5
512	97	5
512	11	5
512	186	5
512	318	5
512	1459	4
512	273	5
512	527	5
512	191	4
512	198	5
512	56	5
512	50	5
512	265	4
512	23	4
512	1	4
34	288	2
34	310	4
34	242	5
34	286	5
34	690	4
34	991	4
34	1024	5
34	312	4
34	332	5
34	292	5
34	990	5
34	294	1
34	259	2
34	324	5
34	329	5
34	898	5
34	245	4
34	299	5
34	289	1
34	899	5
231	313	3
231	300	4
231	181	4
231	289	4
231	748	4
231	50	4
231	924	5
231	126	5
231	252	4
231	471	5
231	846	4
73	12	5
73	64	5
73	479	5
73	474	5
73	127	5
73	173	5
73	154	5
73	657	5
73	188	5
73	894	1
73	89	5
73	213	4
73	480	4
73	475	4
73	1073	4
73	206	3
73	660	4
73	94	1
73	588	2
73	82	2
73	268	3
73	48	2
73	175	5
73	518	5
73	156	4
73	507	3
73	129	4
73	197	5
73	187	5
73	318	4
73	7	4
73	59	5
73	357	5
73	153	3
73	56	4
73	179	5
73	1	2
73	100	4
73	650	3
73	514	4
73	196	4
73	171	5
73	32	4
73	183	4
73	1149	4
73	135	5
73	81	5
73	433	4
73	28	3
410	354	3
73	152	3
73	382	4
410	340	2
73	96	2
410	347	1
410	300	3
410	258	2
73	202	2
73	180	4
410	303	3
410	882	3
410	352	3
410	754	3
410	538	3
410	328	3
410	289	1
410	748	2
410	312	2
410	689	2
410	311	3
410	323	3
410	886	2
410	269	5
410	313	5
410	315	4
410	316	4
410	873	4
410	898	3
410	286	4
410	905	4
410	272	4
410	690	4
474	322	4
474	285	5
474	221	4
532	498	4
532	482	5
532	26	3
532	52	4
532	601	3
532	679	5
532	153	4
532	570	4
532	833	4
532	722	3
532	1039	4
532	135	3
532	240	3
532	155	4
532	926	3
532	447	4
532	399	3
532	1470	5
259	750	4
532	1168	4
532	1217	4
532	865	2
532	769	2
532	452	5
532	373	3
259	147	4
259	781	3
532	120	2
532	1092	2
532	368	3
505	258	1
532	1312	4
505	300	4
532	818	2
532	982	3
532	759	2
505	332	4
505	328	4
505	259	3
505	748	1
505	271	4
505	294	3
505	245	4
505	988	3
505	243	2
505	989	1
532	453	4
505	358	3
532	1162	2
532	316	4
495	182	5
874	286	4
874	305	4
495	9	5
495	419	1
495	69	3
874	311	4
874	302	5
874	313	3
495	208	5
495	50	5
874	751	3
874	346	3
495	204	4
495	523	5
495	181	5
495	173	5
874	340	3
874	306	4
495	214	5
495	191	3
495	521	5
495	188	4
874	321	3
495	174	5
495	172	5
874	111	3
874	285	4
874	14	4
874	124	4
874	100	4
495	491	5
495	478	4
495	216	4
495	969	4
532	1300	3
874	150	4
874	275	4
495	179	5
874	276	4
874	137	4
874	116	4
495	176	5
495	64	5
495	210	5
495	196	3
495	504	4
495	431	5
495	79	5
495	56	5
495	479	4
874	125	3
874	676	3
874	20	3
495	631	2
495	228	5
495	1116	3
495	168	5
495	633	5
495	742	5
495	133	3
495	496	5
495	1118	5
495	89	3
495	132	4
495	101	5
495	98	5
495	1	4
495	435	5
495	230	5
495	82	5
495	84	3
495	135	3
495	226	4
495	185	5
495	202	4
495	385	3
495	184	5
495	4	3
495	1245	5
495	288	4
495	498	3
495	153	5
495	211	5
874	325	2
874	748	3
874	289	4
495	183	5
495	163	5
495	222	5
495	186	5
495	357	5
495	154	4
874	127	5
874	197	4
874	191	4
874	357	5
874	654	5
874	182	4
874	521	5
874	514	5
495	507	4
495	265	5
495	162	3
495	195	5
495	432	5
495	418	4
495	441	3
495	121	5
495	505	5
495	423	5
495	233	4
495	109	5
495	201	2
495	732	4
495	144	4
495	96	4
495	71	5
495	705	4
495	234	5
495	433	4
495	143	1
495	95	3
495	421	1
495	55	2
495	924	3
495	636	3
495	403	5
495	77	4
495	1135	5
495	11	5
495	501	3
495	511	4
495	655	5
495	161	4
495	679	3
495	1119	4
532	495	4
532	660	4
532	425	4
532	70	4
532	310	4
532	147	4
532	824	4
532	118	4
495	91	2
495	448	5
495	378	5
495	229	3
495	127	4
495	684	5
495	671	2
495	650	5
495	68	5
495	616	4
495	402	3
495	642	4
495	582	4
495	218	4
495	660	3
495	566	4
495	472	5
495	1039	5
495	559	4
495	465	5
532	426	5
532	684	5
532	633	5
532	510	5
495	232	5
495	550	3
495	151	5
532	300	5
532	248	4
495	157	5
495	568	1
495	231	3
495	380	3
495	770	3
495	393	5
532	51	5
532	946	5
532	191	5
532	419	5
532	815	4
495	404	4
495	88	4
495	658	3
532	842	4
495	140	5
495	447	4
532	448	4
532	796	5
495	155	3
495	392	5
495	451	4
495	797	4
495	225	4
495	2	2
495	90	4
495	581	5
495	622	2
495	62	3
495	1419	1
495	637	3
495	674	3
495	44	3
495	629	3
495	413	5
495	1208	4
495	1263	4
926	269	5
926	262	3
926	292	3
926	321	3
926	258	4
926	288	3
926	286	4
495	768	3
926	289	3
926	325	1
926	294	3
926	322	2
926	245	3
532	330	4
532	586	4
532	508	4
532	1210	4
532	58	4
532	420	4
532	121	4
532	251	4
532	335	3
532	315	3
532	1016	4
532	252	4
495	1133	3
532	177	4
495	1079	5
532	29	3
532	72	3
532	1136	2
495	29	2
495	235	5
495	67	3
495	790	3
495	578	3
495	417	3
495	240	4
495	139	2
495	662	5
495	1469	5
495	1046	5
495	386	3
495	379	5
495	1182	3
495	227	5
495	416	5
495	573	4
495	444	3
495	167	4
495	219	4
495	94	3
495	80	3
495	1444	2
495	739	4
495	452	2
495	796	4
532	535	5
532	44	5
532	523	5
532	549	5
532	421	5
532	210	5
532	492	4
495	1188	5
495	395	1
495	1110	4
495	145	4
495	665	1
495	1183	4
495	1157	4
495	1207	5
495	831	1
495	843	3
495	53	1
495	576	3
495	391	3
495	158	3
495	575	3
495	577	1
495	1091	4
495	590	4
495	1542	4
495	389	5
495	470	5
495	120	5
495	86	5
495	217	5
495	54	5
495	449	5
495	200	5
495	147	5
495	944	5
495	282	5
602	300	3
602	895	3
602	880	4
602	358	4
602	294	5
602	343	2
602	304	4
602	538	4
747	288	4
747	303	5
747	268	5
747	347	5
747	302	5
602	259	4
602	748	3
747	305	5
747	900	5
747	269	4
602	678	4
747	262	5
602	261	3
602	988	4
747	313	5
602	243	3
747	292	4
602	457	3
747	887	5
747	258	2
747	333	4
747	286	4
747	301	1
747	304	4
747	327	4
602	121	4
747	875	3
602	50	5
602	9	4
602	127	5
747	989	3
58	347	3
602	148	4
602	181	5
602	237	4
602	1	4
747	316	4
602	871	3
602	508	3
602	257	4
602	125	4
602	117	5
602	118	3
747	315	4
747	664	2
747	508	5
747	357	5
943	168	2
943	23	4
747	223	5
747	604	5
747	30	5
943	419	2
943	96	4
943	172	4
747	631	5
747	238	3
747	1631	3
747	86	5
747	423	5
747	176	4
747	11	5
747	606	5
943	173	5
943	98	5
943	11	4
943	215	5
747	192	5
747	650	4
747	211	5
747	181	5
747	168	4
747	494	5
943	79	5
943	22	4
943	568	3
943	42	5
747	216	2
747	480	5
747	50	5
747	265	4
747	492	4
943	182	5
943	31	4
943	12	5
943	132	3
943	318	3
943	193	4
747	71	5
747	1194	5
747	199	4
747	418	5
747	1204	4
747	792	5
747	205	5
943	204	3
943	55	5
943	58	4
747	129	5
747	511	5
747	124	5
747	732	3
747	1	5
747	174	5
943	187	5
943	210	4
943	427	4
943	202	2
747	8	5
747	659	4
747	7	4
747	509	5
943	196	5
943	194	5
747	31	4
747	634	5
747	172	5
747	467	4
747	194	3
943	423	3
943	184	5
943	188	4
943	56	5
943	655	4
747	210	4
747	12	4
747	182	5
747	462	5
747	189	4
943	385	4
747	967	3
747	95	3
747	483	5
747	116	4
747	187	5
747	498	5
747	25	3
943	216	4
943	233	5
943	614	5
943	421	2
943	201	5
747	939	3
747	127	5
747	156	3
747	603	5
747	501	5
747	582	5
943	185	2
943	200	4
747	96	5
747	100	5
747	644	5
747	475	5
943	195	4
943	69	5
943	625	3
747	44	2
747	430	4
747	478	4
943	97	2
943	724	1
943	205	5
943	186	5
747	98	5
747	408	5
747	136	5
747	945	4
943	68	4
943	76	4
943	526	4
943	485	5
747	481	5
747	56	5
747	474	5
747	482	5
747	461	5
943	468	2
943	219	4
747	58	3
747	162	5
747	1427	2
747	1205	3
943	356	4
943	73	3
943	943	5
943	559	4
943	393	2
747	64	5
747	82	4
747	1020	4
747	526	5
747	661	5
943	92	5
943	226	4
943	721	5
943	367	4
747	1159	2
747	655	3
747	1203	5
747	93	4
943	402	2
943	609	2
943	431	4
943	941	1
747	23	5
747	180	5
747	811	3
747	735	4
747	228	4
943	443	2
943	403	4
943	549	1
943	161	4
747	15	4
747	179	5
747	117	2
943	732	4
943	470	4
943	581	4
943	72	2
640	313	5
142	346	5
747	514	4
747	1045	4
747	505	5
747	429	4
142	315	3
142	268	5
142	288	3
943	232	4
943	239	5
943	401	1
943	808	4
142	350	4
943	566	4
943	399	1
747	48	5
747	497	5
747	510	5
747	188	5
747	32	5
747	507	3
943	1044	3
142	362	3
943	739	4
943	94	4
943	218	4
747	705	5
747	923	5
747	654	5
747	47	5
747	178	5
747	653	5
943	2	5
943	27	4
943	541	4
142	333	5
943	54	4
747	276	5
747	519	5
747	153	4
747	588	5
943	62	3
943	139	1
943	415	1
943	426	4
747	1015	4
747	428	3
747	196	2
747	558	4
747	845	2
943	80	2
943	720	1
142	322	2
142	294	3
943	53	3
943	217	3
943	51	1
943	785	2
747	1050	3
747	529	5
747	234	5
747	22	3
747	1021	5
142	259	3
943	576	4
943	672	5
943	570	1
747	496	5
747	466	3
747	844	4
747	443	5
747	195	4
943	67	4
142	895	4
943	794	3
142	358	2
747	175	4
747	134	5
747	835	3
747	222	2
747	675	2
943	816	4
943	231	2
943	386	1
943	569	2
142	243	1
142	338	2
943	38	3
943	722	3
747	152	3
747	87	5
747	524	5
747	500	4
747	485	5
943	765	3
943	1188	3
943	1074	4
943	585	1
943	41	4
943	1228	3
943	373	3
943	391	2
747	473	3
747	73	4
747	169	5
747	190	4
943	796	3
142	514	5
142	189	4
142	181	5
747	615	5
142	147	1
142	169	5
142	82	4
142	134	5
142	124	4
142	408	4
747	79	4
142	91	5
142	28	4
142	186	4
747	135	5
747	1098	4
747	209	3
747	97	5
747	596	5
747	185	5
142	176	5
747	608	4
747	282	2
747	69	5
142	42	4
142	89	3
142	7	4
142	463	3
142	425	4
142	55	2
747	584	5
747	488	5
747	99	5
747	432	5
747	521	5
747	504	5
747	951	2
747	625	3
747	404	5
747	39	4
747	525	5
747	1660	2
747	591	2
747	91	5
747	419	5
747	208	5
747	651	5
747	390	4
747	173	3
747	28	4
747	416	5
747	842	5
747	649	3
747	865	5
328	752	2
328	272	5
328	316	5
328	1313	4
328	349	2
328	905	3
297	750	5
297	752	4
379	62	2
379	270	3
379	705	4
379	310	4
655	196	3
655	1499	3
655	923	3
655	736	3
655	327	3
655	1631	4
655	483	4
655	15	3
655	961	3
655	248	2
655	1632	3
655	823	2
655	21	2
655	875	3
655	942	4
655	1605	3
655	1160	3
655	1379	3
655	872	3
655	319	3
655	727	2
655	535	2
655	36	2
655	640	2
655	279	3
655	282	3
655	649	3
655	662	2
655	761	2
654	678	4
13	355	3
943	237	4
943	1330	3
943	151	4
943	840	4
943	450	1
943	227	1
943	449	1
943	230	1
943	228	3
943	229	2
943	234	3
416	316	3
416	864	3
416	544	2
416	532	3
416	833	3
416	819	3
416	369	2
416	1147	4
416	32	2
416	1503	4
610	331	3
610	315	4
610	751	4
610	288	3
610	294	1
610	271	1
610	352	1
610	272	4
610	750	4
610	313	4
610	79	3
610	483	5
610	127	5
610	8	4
610	98	5
610	9	3
610	50	4
610	480	5
610	172	4
610	7	2
610	607	5
610	176	4
610	12	5
610	1	4
610	185	5
610	56	3
610	187	4
610	419	5
610	71	4
610	28	4
610	143	5
610	210	3
610	216	4
610	591	3
610	95	2
610	283	3
610	606	5
610	204	1
610	489	4
610	162	5
610	735	3
610	318	5
416	785	3
610	11	4
610	275	4
610	97	3
610	477	2
610	1558	3
610	699	2
610	484	3
610	51	5
610	505	4
610	317	3
610	195	3
610	70	4
610	378	5
610	508	3
610	568	4
610	133	4
610	423	4
610	755	5
610	516	3
610	705	3
610	135	3
610	427	5
610	183	4
610	582	4
610	203	4
610	276	4
610	153	5
610	527	4
610	485	5
610	117	4
610	66	3
610	673	4
610	402	5
93	121	3
93	477	5
93	283	4
93	14	4
93	275	4
93	276	2
93	222	4
93	1	5
93	845	4
93	151	1
93	15	5
93	118	3
93	125	1
93	815	4
93	866	2
93	476	4
93	235	4
93	820	3
93	934	3
93	412	2
106	313	4
758	344	3
564	313	4
564	302	3
564	272	3
564	1025	2
564	312	3
564	1399	2
564	300	4
564	333	3
564	345	4
564	344	4
564	245	4
564	292	4
564	289	4
564	258	4
564	750	3
259	484	4
259	959	4
259	39	4
259	271	3
655	1628	2
564	298	3
564	924	3
564	121	4
564	685	3
564	831	3
564	281	3
564	472	4
564	597	4
564	930	3
564	118	4
564	1016	2
564	1034	3
564	323	3
564	181	4
564	50	4
564	127	4
564	117	4
564	257	4
564	827	3
747	1497	4
747	1375	4
747	83	4
747	279	4
747	1134	5
747	531	4
747	486	5
747	985	2
747	132	4
747	463	3
747	133	5
747	479	5
747	1456	3
1	270	5
747	320	5
747	427	5
747	318	5
747	215	5
747	639	5
747	285	5
747	736	5
747	183	5
747	693	5
747	204	5
1	209	4
1	32	5
747	783	1
1	189	3
747	1142	4
747	202	4
747	367	3
747	4	4
747	695	2
747	393	2
747	163	4
747	663	5
747	21	2
747	959	5
747	290	3
747	85	3
747	287	4
747	154	3
747	1170	2
747	502	5
747	949	5
747	88	2
747	929	3
747	70	4
747	715	5
747	109	5
747	1659	1
747	26	3
747	1225	3
747	1003	1
747	274	4
747	1067	2
747	13	3
747	433	3
747	726	2
747	1179	1
747	17	4
747	108	4
747	1246	1
747	235	5
747	40	2
747	111	4
747	1028	1
747	997	3
747	63	3
747	94	4
747	1041	4
747	3	2
747	409	1
747	476	3
747	952	2
747	648	5
747	517	5
747	9	5
747	493	5
747	530	5
747	739	3
747	580	5
747	231	3
747	403	5
747	672	4
747	555	2
747	14	3
747	29	1
747	392	3
195	186	3
195	60	3
195	99	3
195	61	3
195	1084	4
195	1193	4
195	265	4
195	227	3
195	59	3
195	55	4
195	496	4
195	154	3
195	298	4
655	417	2
13	354	2
102	271	2
673	313	4
673	300	3
673	269	4
673	272	5
673	315	5
673	302	3
673	258	2
673	750	5
673	340	5
673	310	5
673	268	1
673	347	4
673	898	3
673	896	5
673	328	4
673	307	3
673	321	3
673	344	5
673	294	4
673	292	4
673	303	5
673	327	4
673	345	4
673	311	4
673	288	4
673	326	4
673	895	3
673	322	4
673	301	3
673	242	4
673	323	2
673	286	4
673	528	5
673	12	4
673	79	5
73	269	4
73	286	4
73	272	4
73	748	2
73	288	3
73	271	2
73	289	2
73	683	2
73	285	4
73	246	3
73	255	2
73	923	3
279	1242	1
768	70	4
768	354	3
768	255	4
279	116	1
102	748	3
102	650	3
102	230	2
102	11	3
102	117	3
102	568	2
102	187	3
102	172	3
102	435	3
102	89	4
102	50	4
102	515	1
102	127	2
102	79	2
102	96	3
102	510	4
102	947	3
102	82	2
102	144	3
102	195	4
102	183	4
102	56	3
102	176	3
102	174	4
102	181	2
102	222	3
102	511	3
102	7	2
102	431	3
102	228	4
102	55	3
102	184	2
102	118	3
102	823	3
102	273	3
102	4	2
102	210	3
102	2	2
102	636	3
102	385	3
102	554	2
102	530	3
102	53	2
102	363	2
102	233	3
102	265	3
102	38	2
102	229	3
102	68	2
102	541	2
102	597	3
102	227	4
102	121	3
102	226	2
102	686	3
102	403	3
102	550	2
102	188	2
102	405	2
102	62	3
102	720	2
102	546	3
102	161	2
102	578	2
102	685	3
102	566	2
102	241	3
102	684	2
102	449	4
102	231	2
102	665	1
102	986	1
102	1239	2
102	841	2
102	840	2
102	810	2
102	831	2
102	373	2
102	771	2
102	1228	1
102	930	2
102	29	1
102	827	2
102	399	2
102	576	2
102	797	2
102	391	2
102	809	3
102	450	1
102	98	4
102	675	3
102	185	3
102	234	3
102	164	3
102	447	4
102	671	3
102	448	3
102	667	3
102	218	3
102	5	3
102	436	2
102	201	2
102	200	3
102	559	3
102	443	3
102	635	2
102	672	1
102	445	2
102	219	2
102	217	2
102	444	1
102	760	1
102	565	2
102	83	3
102	204	4
102	186	4
102	522	3
102	629	3
102	524	3
102	168	3
102	208	4
102	194	3
102	70	3
102	72	3
102	173	3
102	47	2
102	154	3
102	502	3
102	655	3
102	732	3
102	239	3
695	300	1
695	311	4
695	887	3
695	305	3
695	302	4
695	882	4
695	313	2
695	242	5
695	268	5
695	895	1
279	1185	1
695	286	3
695	1024	5
695	270	4
695	333	2
695	682	1
695	324	2
695	991	5
695	346	5
279	1113	3
695	989	3
695	328	3
695	319	5
695	354	4
695	340	4
695	903	4
695	307	4
695	301	3
695	288	4
695	343	4
695	260	4
695	995	4
695	289	2
695	312	3
695	264	1
695	748	1
695	358	5
695	338	2
695	323	2
695	678	4
279	1037	1
279	374	1
279	1321	4
655	518	2
655	793	3
655	1084	3
655	179	4
655	742	3
655	208	3
655	1107	4
655	647	3
655	474	3
655	507	4
655	76	3
655	1403	3
655	454	3
655	447	4
655	1085	2
655	906	2
532	148	5
532	242	4
416	242	4
533	300	4
533	282	4
533	54	4
533	295	4
533	221	3
533	423	5
533	196	4
533	651	4
533	4	3
533	58	4
533	504	4
533	402	4
533	755	3
506	892	1
506	1063	5
506	699	4
506	342	3
506	182	5
506	147	3
506	177	5
299	354	4
299	733	3
366	7	2
366	288	4
366	413	4
366	758	3
366	234	1
366	185	5
366	56	5
366	853	5
366	98	5
366	854	5
366	17	5
366	184	4
366	443	5
366	218	3
366	675	4
366	201	5
366	219	5
366	436	5
366	445	5
366	164	5
366	671	5
366	217	5
366	448	5
366	53	5
366	447	5
366	200	5
366	860	2
366	561	5
366	773	3
366	559	5
366	672	5
366	637	5
366	573	5
751	302	4
751	316	4
751	323	1
751	689	2
593	272	5
751	269	5
751	168	5
751	154	3
593	313	4
593	742	4
593	223	5
593	245	3
593	1016	4
276	354	4
276	518	4
276	691	4
276	1199	4
276	578	4
276	92	4
276	403	4
713	750	3
713	1431	3
713	272	4
713	286	3
713	345	3
713	300	2
713	882	3
713	315	4
713	362	1
713	269	4
713	302	4
713	311	3
713	1656	2
713	539	3
713	327	2
713	1434	3
713	310	4
713	340	3
713	690	1
713	270	2
713	342	3
713	313	3
713	1176	3
713	689	3
713	1127	3
713	898	3
713	344	5
713	752	2
713	307	3
713	347	4
864	203	5
864	511	4
864	216	4
864	128	4
864	735	5
864	182	3
864	483	5
864	136	4
864	48	5
864	153	5
864	265	5
864	789	4
864	98	5
864	157	4
864	194	4
864	12	5
864	134	5
864	95	5
864	55	4
864	116	4
864	318	5
864	56	5
864	223	5
864	317	4
864	655	4
864	132	5
864	969	4
864	209	3
864	91	5
864	201	5
864	188	3
864	97	4
864	127	4
864	164	4
864	418	3
864	28	5
864	178	4
864	663	4
864	176	5
864	684	4
864	588	3
864	174	5
864	202	5
864	169	5
864	8	5
864	87	5
864	382	3
864	190	4
864	88	4
864	210	4
864	282	3
864	47	5
864	24	5
864	1101	4
864	11	5
864	432	2
864	222	4
864	234	4
864	15	4
864	186	4
864	433	3
864	143	4
864	531	5
864	58	5
864	423	5
864	357	5
864	466	4
864	172	5
864	144	5
864	64	5
864	96	5
864	82	5
864	79	5
864	191	4
864	196	4
864	403	5
864	496	5
864	509	5
864	133	5
864	419	4
864	181	5
864	603	4
864	736	5
864	168	4
864	228	5
864	732	4
864	710	2
864	568	4
864	183	4
864	111	3
864	70	4
864	651	5
864	693	4
864	114	5
864	523	4
864	31	4
864	25	4
864	197	4
864	629	3
864	597	4
864	163	4
864	559	4
864	1047	3
864	609	3
864	472	4
864	52	4
864	471	5
864	561	4
864	22	5
864	195	4
864	204	5
864	118	4
864	109	5
864	966	4
864	208	4
864	73	5
864	215	4
864	729	4
864	62	4
864	623	3
864	393	3
864	230	2
864	219	4
864	173	5
864	200	4
864	125	4
864	189	4
864	794	3
864	356	4
864	1217	3
864	85	2
864	465	3
864	619	3
864	805	4
864	232	4
864	550	4
864	672	2
864	71	3
864	117	4
864	151	5
864	239	4
864	227	4
864	660	4
864	451	4
864	566	4
864	226	3
864	5	4
864	2	4
864	380	3
864	716	2
864	526	4
864	66	3
864	69	5
864	474	4
864	708	3
864	1446	3
864	93	3
864	578	3
864	596	4
864	214	2
864	470	4
864	939	4
864	44	4
864	625	4
864	673	3
864	404	4
864	218	4
864	367	5
864	692	2
864	747	3
864	238	5
864	642	3
864	394	3
864	1425	2
864	972	2
864	86	4
864	1119	3
864	123	4
864	1135	3
864	443	4
864	1109	4
864	628	4
864	65	3
864	1531	3
864	658	2
864	4	4
864	99	3
864	549	3
864	1208	2
864	184	4
864	768	3
864	102	4
864	1303	2
864	159	4
864	1044	3
864	1112	2
864	800	1
864	67	4
864	715	4
864	720	3
864	781	3
864	161	4
864	72	4
864	231	3
864	386	3
864	951	3
864	770	3
864	94	4
864	1033	2
864	54	4
864	775	1
864	217	4
864	43	3
864	77	4
864	108	3
864	38	3
864	1248	3
864	53	4
864	569	3
864	562	4
864	167	4
864	235	5
864	29	4
864	81	3
864	229	4
864	501	3
864	685	4
864	1284	3
864	546	4
864	140	3
864	373	2
864	290	3
864	49	3
864	722	2
864	755	4
864	402	3
864	145	4
864	665	3
864	473	4
864	1228	3
864	1412	1
864	1140	1
864	563	3
864	797	3
864	801	3
864	541	2
864	1210	2
864	542	4
864	930	3
864	734	3
864	577	3
864	476	2
864	422	3
864	780	2
864	399	4
864	63	3
864	391	4
864	401	4
655	979	3
655	150	3
655	566	3
655	207	3
655	576	2
719	23	3
719	281	3
293	313	4
293	300	2
293	346	3
293	302	4
293	258	3
293	751	3
293	272	4
293	303	4
293	286	3
293	245	3
293	877	2
293	328	2
293	748	2
293	288	3
293	325	2
293	347	2
293	316	3
293	264	3
293	294	2
293	895	3
293	678	2
293	322	2
293	315	3
293	127	5
293	285	5
293	137	3
293	237	3
293	275	3
293	25	3
293	117	3
293	257	2
293	124	4
293	591	3
293	100	4
293	181	3
293	251	4
293	15	3
293	298	4
293	293	4
293	129	3
293	924	2
293	150	3
293	845	2
293	222	3
293	1	2
293	1017	3
293	250	3
293	471	3
293	283	2
293	273	4
293	742	2
293	151	4
293	546	1
293	14	3
293	248	3
293	628	3
293	460	3
293	297	4
293	410	2
293	1048	3
293	7	3
293	1161	2
293	111	2
293	544	3
293	252	2
293	1016	2
293	125	2
293	240	2
293	284	2
293	815	2
293	235	3
293	255	3
293	1011	3
293	282	2
293	685	3
293	411	2
293	290	2
293	1226	3
293	405	1
293	280	2
293	121	3
293	619	1
293	455	2
293	696	2
293	147	2
293	249	3
293	1057	2
293	824	3
293	931	1
293	831	3
293	820	2
293	866	3
293	412	1
293	291	2
293	122	3
293	933	2
293	3	2
293	1132	3
293	182	5
293	132	4
293	684	3
293	483	5
293	1098	2
293	96	3
293	209	3
293	50	5
293	461	2
293	64	5
293	166	3
293	135	5
293	173	5
293	56	4
293	657	4
293	199	5
293	1264	3
293	192	5
293	89	5
293	134	5
293	172	5
293	655	3
293	1333	4
293	531	4
293	12	4
293	210	3
293	507	4
293	474	5
293	480	5
293	856	3
293	430	3
293	510	3
293	168	4
293	152	4
293	504	4
293	8	3
293	654	5
293	647	5
293	357	4
293	157	5
293	22	3
293	462	4
293	48	5
293	144	4
293	747	2
293	185	5
293	496	5
293	23	4
293	187	3
293	651	3
293	11	3
293	97	4
293	179	4
293	98	4
293	603	5
293	174	5
293	425	4
293	479	4
293	491	4
293	153	4
293	156	4
293	485	3
293	509	3
293	193	3
293	223	4
293	216	4
293	513	5
293	165	3
293	204	3
293	196	4
293	133	3
293	1298	3
293	429	4
293	79	3
293	186	2
293	194	4
293	423	3
293	28	3
293	92	4
293	789	2
293	208	3
293	492	5
293	55	4
293	482	4
293	183	4
293	653	5
293	195	3
293	198	4
293	558	3
293	638	4
293	559	2
293	218	2
293	177	4
293	317	4
293	265	3
293	497	4
293	484	5
293	646	3
293	215	4
293	31	2
293	175	2
293	467	4
293	521	3
293	188	3
293	367	2
293	427	4
293	228	3
293	445	4
293	45	5
293	705	5
293	211	4
293	627	2
293	514	4
293	469	4
293	501	4
293	82	4
293	99	3
293	502	3
293	180	5
293	143	4
293	506	5
293	238	4
293	955	2
293	632	3
293	435	4
293	518	5
293	4	4
293	568	4
293	202	3
293	528	4
293	732	3
293	663	3
293	432	5
293	939	2
293	582	4
293	176	4
293	414	4
293	421	3
293	81	4
293	943	2
293	69	3
293	636	4
293	5	3
293	164	4
293	527	4
293	463	4
293	466	3
293	1119	1
293	770	3
293	200	4
293	1101	3
293	589	4
293	679	2
293	419	3
293	649	4
293	956	3
293	234	5
293	588	3
293	746	3
293	550	1
293	203	3
293	66	2
293	693	4
293	443	4
293	39	3
293	642	3
293	739	2
293	76	3
293	1286	4
293	686	3
293	73	2
293	468	2
293	403	3
293	71	4
293	213	3
293	393	3
293	226	1
293	371	2
293	85	3
293	464	3
293	65	3
293	1267	3
293	68	3
293	436	3
293	1208	3
293	227	2
293	148	1
293	87	4
293	26	3
293	160	4
293	1046	1
293	724	3
293	47	3
293	161	2
293	1147	4
293	70	3
293	2	3
293	404	4
293	710	3
293	729	2
293	503	4
293	239	3
293	549	3
293	637	3
293	54	3
293	942	4
293	1229	1
293	77	2
293	451	3
293	233	2
293	88	3
293	447	4
293	163	4
293	426	1
293	566	3
293	49	3
293	162	3
293	17	2
293	420	4
293	155	2
293	230	2
293	232	2
293	433	3
293	941	2
293	33	2
293	660	2
293	553	3
293	401	1
293	658	1
293	29	1
293	16	2
293	91	2
293	380	2
293	708	3
293	1248	2
293	206	4
293	1220	2
293	1018	3
293	1135	3
293	1042	3
293	416	4
293	67	3
293	158	2
293	1311	3
293	712	2
293	62	1
293	781	2
293	159	3
293	810	1
293	720	1
293	715	3
293	1041	2
293	51	3
293	167	3
293	402	2
293	605	3
293	229	2
293	629	3
293	616	3
293	27	3
293	554	1
293	1421	2
293	804	1
293	780	3
293	765	3
293	843	3
293	849	2
293	53	3
293	1217	1
293	578	2
293	572	2
293	217	3
293	356	3
293	366	2
293	761	2
293	38	1
293	583	3
293	36	1
293	1228	1
293	571	2
293	386	2
293	94	2
293	871	1
293	779	1
293	977	2
293	139	3
293	665	2
293	1044	2
293	1209	2
293	809	2
95	328	5
95	22	4
95	542	2
95	518	4
95	514	2
95	485	5
95	960	2
95	648	3
95	736	4
95	197	4
95	675	2
95	133	3
95	205	3
95	625	4
95	527	4
95	404	5
95	190	4
95	31	4
95	505	3
95	200	2
95	506	3
95	855	3
95	141	4
95	99	4
95	378	4
95	32	1
95	495	4
95	573	1
95	787	2
95	416	4
95	371	2
95	2	2
95	420	4
95	1116	4
95	1206	4
95	417	3
95	445	4
95	768	1
95	712	2
95	552	1
95	1219	1
95	946	3
95	415	3
95	422	2
95	398	1
95	1090	1
95	1230	1
95	78	3
95	395	3
102	358	3
578	294	3
578	678	3
578	298	4
578	1016	4
578	272	2
578	343	2
578	323	3
578	258	1
578	325	1
578	324	1
578	250	2
578	355	1
578	222	4
578	380	3
130	272	5
130	669	4
642	826	5
787	690	5
787	306	3
787	345	3
787	268	4
787	310	5
787	286	3
2	272	5
2	310	4
787	307	4
787	937	3
787	899	3
787	333	3
787	361	3
787	750	5
787	880	3
787	691	4
787	302	3
787	1433	3
787	308	3
787	904	3
787	898	3
2	304	4
2	300	4
787	751	4
787	331	3
787	288	1
787	292	3
2	289	3
787	359	3
787	313	5
787	326	4
787	269	3
787	311	4
787	938	3
787	324	2
787	258	5
787	1024	2
787	748	4
787	347	4
787	294	3
787	351	3
787	681	3
787	1434	1
787	300	4
787	749	4
787	352	2
787	362	3
2	316	5
787	319	3
787	879	4
787	305	3
787	271	1
787	259	4
787	906	1
787	350	1
787	328	3
787	348	4
787	342	2
2	308	3
2	309	1
2	314	1
787	304	4
787	877	2
787	329	4
787	1671	1
787	245	3
2	281	3
655	332	3
655	1158	3
655	1637	3
655	762	2
655	874	4
655	1071	2
655	375	2
655	604	4
655	1196	3
655	1406	3
655	340	3
655	980	2
655	1273	2
655	251	3
655	27	3
655	18	3
655	693	3
655	480	4
655	956	3
655	387	3
655	1198	3
655	1186	3
655	1351	3
825	988	3
825	1008	1
825	16	3
825	274	4
825	120	3
825	409	3
825	413	3
825	696	3
825	544	3
825	1028	3
825	717	4
825	411	3
825	595	3
825	979	4
825	620	3
825	370	3
825	20	2
825	407	3
825	406	2
825	105	3
825	122	1
825	130	2
825	1291	2
825	456	3
825	931	3
825	117	5
772	313	5
772	310	4
772	315	5
772	272	5
772	344	4
772	354	4
772	271	4
772	752	3
772	307	4
772	288	2
772	751	3
772	898	3
772	312	4
758	889	3
40	302	3
40	269	1
40	310	3
40	347	2
40	272	2
40	303	4
40	242	4
40	346	2
40	896	4
40	333	4
40	305	4
40	286	2
40	268	4
40	340	2
40	270	3
40	337	4
40	750	3
40	321	4
40	271	2
40	300	3
40	328	3
40	879	2
40	259	2
40	880	3
40	316	3
40	345	4
40	294	4
40	245	3
40	243	2
40	876	3
40	358	3
40	1038	1
40	754	4
40	343	1
40	258	3
83	300	3
758	270	4
841	313	5
841	333	4
841	272	4
841	315	4
841	300	4
841	306	4
841	344	3
841	323	3
841	751	3
841	302	5
841	286	5
841	331	5
841	754	4
841	270	4
841	288	3
841	258	5
841	873	4
841	322	4
841	307	5
841	892	3
841	325	3
841	326	4
841	271	4
841	353	1
841	748	4
841	689	5
841	678	4
841	316	4
841	358	1
841	888	5
841	1294	5
332	333	5
217	258	1
217	300	4
332	682	4
217	185	3
217	50	1
217	174	3
217	172	1
217	210	4
217	56	5
217	195	5
217	11	4
217	7	4
217	96	4
217	79	5
217	22	5
217	183	3
217	2	3
217	685	5
217	144	4
217	568	4
217	684	5
217	808	2
217	385	2
217	82	5
217	117	4
217	176	4
217	550	1
217	281	2
217	679	5
217	33	4
217	405	3
217	226	1
217	181	1
217	233	4
217	636	2
217	566	4
217	17	3
217	403	5
217	222	5
217	121	1
217	1303	2
217	53	1
217	541	3
217	68	3
217	231	5
217	797	4
217	720	3
217	363	1
217	29	2
217	472	3
217	27	1
217	810	3
217	554	3
217	62	2
217	1222	1
217	1228	2
217	586	2
217	398	1
217	665	4
217	576	1
217	578	5
217	597	4
217	840	1
217	118	4
217	540	1
217	182	2
217	147	3
217	546	2
217	562	3
217	827	2
217	761	4
217	1034	3
217	779	1
217	38	3
217	825	3
217	391	4
217	373	2
644	258	4
644	333	3
644	300	5
644	307	4
644	308	4
644	294	4
644	326	5
644	330	4
644	748	4
644	328	4
644	873	4
644	322	5
644	289	1
644	243	4
644	1025	4
644	259	4
644	323	4
644	988	4
644	261	4
644	457	4
644	237	4
644	127	4
644	100	4
644	293	4
644	125	4
644	546	4
644	977	4
644	291	4
644	823	4
644	1610	3
644	181	4
644	50	4
644	1620	4
644	257	5
644	276	4
644	121	5
644	117	4
644	250	4
644	597	4
644	298	4
644	871	4
644	255	4
193	347	4
193	286	4
193	268	3
193	750	4
193	313	4
193	362	3
193	328	3
193	258	3
193	333	1
193	300	4
193	269	4
193	354	3
193	690	4
193	301	4
193	332	3
193	879	3
193	307	4
193	259	2
193	682	1
193	905	4
193	343	1
193	260	1
193	294	1
193	327	1
193	288	1
193	352	1
193	895	1
193	1258	3
193	1406	4
193	280	4
193	100	5
193	159	4
193	485	5
193	487	5
193	237	4
193	693	4
193	435	4
193	781	3
193	96	1
193	195	1
193	1090	2
193	845	4
193	941	4
193	282	5
193	194	4
479	272	4
479	752	3
193	69	5
193	508	4
479	137	4
479	398	1
479	1608	2
193	199	5
479	176	4
479	183	5
193	56	1
479	117	3
193	153	4
479	147	3
479	177	4
479	470	5
193	174	4
479	480	5
193	210	4
193	79	4
479	751	4
479	200	5
193	684	4
479	357	4
479	174	5
479	455	4
479	210	4
193	82	2
193	24	2
479	31	4
193	33	3
193	161	3
193	117	4
193	121	3
479	651	5
193	405	3
193	403	3
193	541	1
479	168	5
479	154	3
193	562	3
193	29	3
193	38	3
193	554	3
193	826	2
193	1407	3
193	274	3
193	553	4
193	815	3
193	402	3
193	111	1
193	155	4
193	722	3
193	739	4
193	1074	3
193	234	3
193	673	4
193	928	2
193	23	4
193	443	4
193	742	4
193	218	4
193	393	4
193	465	3
193	755	4
193	1078	4
193	627	4
193	73	3
193	580	4
193	72	2
193	25	4
193	790	3
193	763	3
193	94	3
193	410	3
193	1132	3
193	122	1
193	476	2
193	412	3
193	869	3
193	368	1
193	407	4
751	50	5
751	1	3
751	1007	4
751	7	3
751	100	4
751	25	5
751	117	4
751	237	2
751	742	3
751	591	1
751	181	5
751	250	3
751	248	5
751	257	4
751	1011	4
751	111	3
751	56	4
751	603	4
751	79	4
751	479	2
751	213	5
751	483	5
751	178	5
751	709	4
751	131	5
751	89	3
751	659	5
751	174	4
751	196	4
751	28	5
751	658	3
751	210	5
751	172	5
751	480	4
751	202	4
751	96	4
751	11	1
751	144	4
751	746	4
751	153	4
751	588	5
751	568	3
751	215	4
751	82	4
751	655	3
751	209	4
751	704	2
751	490	4
751	42	5
751	739	3
751	494	4
751	193	5
751	216	4
751	481	4
751	486	3
751	596	4
751	945	3
751	143	5
751	204	4
751	367	4
751	652	4
751	537	4
751	98	5
751	433	3
