user	item	rating	time
805	352	5	885845656
271	539	1	885847170
271	315	4	885847170
271	338	1	885847194
271	312	2	885847280
271	258	3	885847357
271	116	2	885847636
271	137	4	885847636
271	1282	2	885847666
271	282	2	885847666
271	275	4	885847693
271	744	4	885847693
271	277	4	885847714
271	13	4	885847714
271	100	5	885847738
271	9	4	885847738
271	237	4	885847763
271	1117	3	885847763
271	276	3	885847800
271	845	1	885847800
271	1120	2	885847800
271	713	4	885847800
271	763	3	885847876
271	283	4	885847876
271	25	3	885847876
271	224	4	885847876
271	285	4	885847876
271	15	3	885847876
271	591	4	885847901
271	471	3	885847926
271	847	4	885847926
271	221	3	885847927
271	477	3	885847955
271	284	3	885847956
271	111	4	885847956
271	924	3	885847974
271	274	3	885848014
271	126	3	885848034
271	476	1	885848062
271	411	1	885848062
271	125	3	885848062
271	235	3	885848062
271	1028	2	885848102
271	546	2	885848102
271	118	3	885848132
271	866	4	885848132
271	121	2	885848132
271	815	3	885848153
271	220	3	885848179
271	107	1	885848179
271	405	2	885848179
271	756	2	885848218
271	130	1	885848218
271	823	3	885848237
271	410	2	885848238
271	204	4	885848314
271	12	4	885848314
271	174	5	885848314
271	187	5	885848343
271	168	2	885848343
271	205	5	885848343
271	392	3	885848343
271	661	4	885848373
271	192	5	885848373
271	614	4	885848373
271	135	4	885848373
271	521	5	885848373
271	177	3	885848373
271	182	3	885848408
271	514	4	885848408
271	11	4	885848408
271	83	4	885848408
271	238	4	885848408
271	357	5	885848408
271	210	4	885848447
271	185	3	885848448
271	191	5	885848448
271	203	4	885848448
271	199	4	885848448
271	462	4	885848448
271	528	3	885848448
271	505	4	885848475
271	480	4	885848475
271	193	5	885848475
271	169	5	885848475
271	654	5	885848475
271	529	4	885848475
271	22	5	885848518
271	89	3	885848518
271	963	5	885848518
271	427	5	885848518
271	134	3	885848518
271	474	3	885848518
271	482	5	885848519
271	515	5	885848558
271	493	4	885848558
271	56	3	885848559
271	98	5	885848559
271	703	3	885848559
271	481	3	885848559
271	509	4	885848559
271	69	4	885848559
271	657	4	885848559
271	651	4	885848584
271	610	3	885848584
271	520	5	885848615
271	479	4	885848615
271	172	5	885848616
271	179	4	885848616
271	198	4	885848616
271	176	3	885848640
271	234	5	885848640
271	50	5	885848640
271	173	4	885848672
271	216	5	885848672
271	732	4	885848672
271	429	4	885848672
271	498	5	885848672
271	132	5	885848672
271	79	4	885848672
271	507	2	885848707
271	566	4	885848707
271	318	5	885848707
271	181	5	885848707
271	470	3	885848707
271	73	2	885848707
271	190	4	885848707
271	97	5	885848736
271	527	5	885848736
271	511	5	885848736
271	194	5	885848770
271	523	4	885848770
271	648	4	885848770
271	487	4	885848770
271	530	4	885848770
271	8	4	885848770
271	494	4	885848770
271	435	4	885848802
271	423	4	885848802
271	603	4	885848802
271	87	3	885848802
271	659	3	885848827
271	485	4	885848827
271	170	5	885848827
271	697	4	885848863
271	64	5	885848863
271	127	5	885848863
271	714	3	885848863
271	317	3	885848863
271	136	3	885848863
271	196	4	885848886
271	602	3	885848886
271	490	4	885848886
271	197	4	885848915
271	186	4	885848915
271	644	3	885848916
271	208	4	885848916
271	95	4	885848916
271	443	3	885848943
271	630	2	885848943
271	517	3	885848943
271	1266	2	885848943
271	660	5	885848971
271	499	3	885848971
271	133	4	885848971
271	419	3	885848996
271	729	4	885848996
271	956	4	885848997
271	28	5	885849025
271	699	4	885849025
271	1101	4	885849025
271	504	3	885849025
271	202	4	885849025
271	663	4	885849052
271	495	5	885849052
271	506	4	885849052
271	705	4	885849052
271	88	4	885849087
271	180	5	885849087
271	188	2	885849087
271	747	3	885849087
271	178	3	885849087
271	48	4	885849087
271	218	3	885849087
271	582	3	885849113
271	81	3	885849113
271	141	4	885849114
271	707	4	885849140
271	510	4	885849140
271	496	5	885849140
271	735	4	885849140
271	211	5	885849164
271	70	5	885849164
271	605	4	885849164
271	428	4	885849188
271	371	5	885849188
271	54	3	885849188
271	526	5	885849188
271	241	3	885849207
271	77	4	885849231
271	549	4	885849231
271	642	5	885849231
271	265	5	885849275
271	425	2	885849275
271	356	4	885849300
271	215	4	885849300
271	709	3	885849325
271	31	4	885849325
271	58	3	885849325
271	200	5	885849356
271	44	4	885849357
271	4	5	885849357
271	518	4	885849357
271	1046	4	885849357
271	580	2	885849386
271	51	4	885849386
271	62	2	885849386
271	47	3	885849386
271	2	1	885849386
271	131	4	885849419
271	430	5	885849419
271	239	3	885849419
271	65	3	885849419
271	516	4	885849447
271	451	3	885849447
271	378	4	885849447
271	52	4	885849470
271	414	4	885849470
271	161	2	885849470
271	466	4	885849490
271	649	3	885849510
271	1133	3	885849536
271	792	4	885849536
271	381	3	885849536
271	40	1	885849558
271	624	2	885849558
271	692	4	885849582
271	461	5	885849582
271	384	3	885849582
271	951	2	885849606
271	625	3	885849606
271	1091	4	885849648
271	38	2	885849648
271	441	3	885849648
271	393	4	885849648
271	739	4	885849706
271	1139	3	885849707
271	570	3	885849742
271	402	4	885849791
271	43	3	885849817
271	1411	2	885849895
25	269	4	885851953
25	134	4	885852008
25	474	4	885852008
25	480	4	885852008
25	195	4	885852008
25	604	4	885852008
25	183	4	885852008
25	197	3	885852059
25	427	4	885852059
25	969	3	885852059
25	135	3	885852059
25	498	4	885852086
25	612	4	885852120
25	50	5	885852150
25	82	4	885852150
25	520	3	885852150
25	8	4	885852150
25	929	4	885852178
25	114	5	885852218
25	968	4	885852218
25	419	4	885852218
25	527	4	885852248
25	86	4	885852248
25	655	4	885852248
25	478	5	885852271
25	501	3	885852301
25	169	5	885852301
25	633	4	885852301
25	208	4	885852337
25	13	4	885852381
25	133	3	885852381
25	432	2	885852443
25	189	5	885852488
25	177	3	885852488
25	23	4	885852529
25	568	4	885852529
25	463	4	885852529
25	143	3	885852529
25	186	4	885852569
25	742	4	885852569
25	479	5	885852569
25	837	4	885852611
25	131	4	885852611
25	615	5	885852611
25	692	4	885852656
25	729	4	885852697
25	141	4	885852720
25	657	4	885852720
25	357	4	885852757
25	238	4	885852757
25	79	4	885852757
25	125	5	885852817
25	222	4	885852817
25	176	4	885852862
25	495	4	885852862
25	408	5	885852920
25	430	4	885852920
25	404	3	885852920
25	228	4	885852920
25	173	4	885852969
25	121	4	885853030
25	127	3	885853030
25	477	4	885853155
25	7	4	885853155
25	258	5	885853199
25	275	4	885853335
25	116	4	885853335
25	151	4	885853335
25	25	5	885853415
25	204	5	885853415
25	455	4	885853415
25	174	5	885853415
25	257	4	885853415
25	239	4	885853415
25	98	5	885853415
25	181	5	885853415
25	265	4	885853415
25	1	5	885853415
907	272	5	885860093
907	313	5	885860093
907	268	4	885860288
907	333	5	885860288
907	312	5	885860416
907	260	2	885860511
907	689	4	885860672
907	366	5	885862156
907	1157	5	885862211
907	332	5	885862325
907	147	5	885862325
907	781	5	885862325
907	129	5	885862428
94	288	3	885869993
94	69	3	885870057
94	483	5	885870115
94	172	4	885870175
94	191	5	885870175
94	127	5	885870175
94	11	5	885870231
94	195	3	885870231
94	190	5	885870231
94	135	4	885870231
94	174	4	885870231
94	180	5	885870284
94	89	3	885870284
94	194	4	885870284
94	23	5	885870284
94	177	5	885870284
94	474	5	885870322
94	1	4	885870323
94	528	5	885870323
94	477	2	885870323
94	475	5	885870362
94	187	4	885870362
94	64	5	885870362
94	435	4	885870418
94	203	5	885870577
94	179	5	885870577
94	81	4	885870577
94	42	4	885870577
94	650	5	885870612
94	504	5	885870612
94	175	4	885870613
94	188	4	885870665
94	425	5	885870665
94	216	3	885870665
276	269	4	885871420
276	272	5	885871447
276	1301	4	885871474
94	9	5	885872684
94	273	4	885872684
94	654	5	885872684
94	173	4	885872758
94	22	4	885872758
94	100	5	885872942
94	1065	4	885872942
94	96	3	885872942
94	181	4	885872942
94	584	4	885872942
94	588	4	885873006
94	716	3	885873006
94	792	4	885873006
94	646	5	885873006
94	182	5	885873089
94	7	4	885873089
94	432	4	885873089
94	510	5	885873089
94	28	4	885873159
94	496	3	885873159
94	509	5	885873159
94	949	5	885873160
94	423	4	885873302
94	464	5	885873302
94	806	4	885873302
94	467	4	885873423
94	939	4	885873423
94	202	2	885873423
94	24	4	885873423
94	83	4	885873653
94	55	4	885873653
94	8	5	885873653
94	317	5	885873653
94	185	5	885873684
94	923	5	885882685
94	234	5	885882685
94	133	4	885882685
94	79	4	885882967
940	482	5	885921198
940	1167	4	885921198
940	508	5	885921198
940	357	4	885921219
940	205	3	885921243
940	651	4	885921243
940	69	2	885921265
940	96	5	885921265
940	181	3	885921310
940	174	4	885921310
940	216	4	885921310
940	1401	1	885921371
940	173	4	885921400
940	170	4	885921401
940	516	4	885921401
940	171	2	885921401
940	98	4	885921421
940	183	3	885921422
940	150	3	885921422
940	709	5	885921451
940	215	2	885921451
940	172	4	885921451
940	427	5	885921451
940	100	3	885921471
940	657	4	885921471
940	70	3	885921500
940	50	4	885921542
940	436	4	885921542
940	430	4	885921542
940	317	4	885921577
940	56	5	885921577
940	1137	3	885921577
940	8	5	885921577
940	213	4	885921597
940	7	4	885921597
940	168	3	885921597
940	471	4	885921628
940	238	4	885921628
940	692	4	885921651
940	746	3	885921669
940	529	3	885921669
940	474	3	885921687
940	9	3	885921687
940	191	4	885921710
940	14	3	885921710
940	527	3	885921710
940	116	2	885921741
940	47	3	885921758
940	137	3	885921758
940	655	4	885921775
940	629	3	885921800
940	95	5	885921800
940	628	4	885921800
940	209	4	885921800
940	151	3	885921800
940	89	4	885921828
940	285	4	885921846
940	161	3	885921870
940	568	3	885921870
940	792	2	885921892
940	193	3	885921893
940	147	4	885921893
940	549	2	885921915
940	164	2	885921915
940	521	4	885921915
940	194	5	885921953
940	708	3	885921953
940	153	2	885921953
940	382	3	885921953
940	610	1	885921953
940	420	4	885921979
940	12	4	885921979
940	176	4	885921979
940	855	5	885921980
940	204	4	885922015
940	66	4	885922016
940	200	3	885922016
940	82	4	885922040
940	4	2	885922040
297	347	3	885922424
297	751	4	885922463
519	346	4	885929222
232	313	3	885939473
232	302	5	885939473
232	272	4	885939511
232	268	4	885939544
232	750	3	885939690
232	246	4	885939945
232	275	2	885939945
30	1007	5	885941156
30	174	5	885941156
30	258	5	885941156
30	531	5	885941156
30	69	5	885941156
30	286	5	885941156
30	435	5	885941156
30	313	5	885941156
30	242	5	885941156
30	135	5	885941156
30	257	4	885941257
30	28	4	885941321
30	315	4	885941412
30	539	3	885941454
30	688	3	885941492
30	683	3	885941798
30	538	4	885941798
30	678	2	885942002
428	242	4	885943651
428	750	5	885943651
428	1024	4	885943651
428	352	4	885943651
428	294	4	885943651
428	310	4	885943651
428	690	5	885943651
428	272	5	885943651
428	886	4	885943651
428	302	5	885943651
428	877	5	885943685
428	259	4	885943685
428	896	4	885943685
428	245	5	885943713
428	300	5	885943713
428	243	4	885943713
428	269	5	885943749
428	332	4	885943749
428	340	4	885943749
428	313	5	885943749
428	301	4	885943782
428	322	4	885943782
428	749	4	885943782
428	347	4	885943782
428	338	4	885943818
428	879	4	885943818
428	268	4	885943818
428	751	5	885943818
428	754	4	885943847
428	334	4	885943847
428	331	4	885943847
428	288	4	885943847
428	323	3	885943869
428	988	1	885943955
428	894	4	885943955
428	286	3	885943980
428	315	5	885943980
428	289	4	885943981
428	538	4	885944005
428	350	4	885944005
428	312	4	885944005
428	908	4	885944024
428	892	4	885944044
428	1280	3	885944069
428	343	2	885944093
428	307	4	885944110
428	305	3	885944136
428	875	4	885944136
450	305	4	885944806
450	900	5	885944864
450	751	5	885945114
450	908	1	885945114
450	311	4	885945425
450	905	5	885945656
758	352	4	885948283
619	750	3	885953537
619	331	4	885953574
619	333	2	885953574
619	302	4	885953600
619	313	5	885953601
619	307	2	885953601
619	326	2	885953601
619	258	5	885953622
619	346	3	885953622
619	350	3	885953641
619	328	1	885953684
619	300	5	885953684
619	294	1	885953684
619	332	4	885953742
619	327	3	885953743
619	879	4	885953743
619	245	4	885953743
619	298	5	885953778
619	273	4	885953778
619	127	4	885953778
619	117	5	885953778
619	515	1	885953778
619	181	4	885953778
619	50	4	885953778
619	295	4	885953804
619	293	3	885953804
619	257	3	885953805
619	121	5	885953805
619	1016	4	885953826
619	546	2	885953826
619	405	3	885953826
619	118	5	885953827
619	597	4	885953850
619	825	2	885953850
619	685	3	885953850
619	252	3	885953878
619	323	3	885953878
619	827	3	885953878
619	288	3	885953931
619	406	2	885953931
619	22	5	885953992
619	183	5	885953992
619	187	5	885953992
619	174	4	885953992
619	56	3	885953992
619	79	5	885953992
619	195	5	885954019
619	182	4	885954019
619	11	2	885954019
619	176	5	885954053
619	651	5	885954053
619	808	3	885954053
619	55	1	885954053
619	385	5	885954053
619	82	5	885954053
619	144	5	885954083
619	39	2	885954083
619	241	5	885954083
619	96	5	885954083
619	568	5	885954083
619	684	4	885954083
619	68	3	885954105
619	566	4	885954105
619	33	3	885954133
619	226	5	885954133
619	281	4	885954133
619	161	4	885954133
619	550	5	885954134
619	233	4	885954158
619	188	4	885954158
619	403	5	885954159
619	27	4	885954159
619	849	2	885954184
619	17	1	885954184
619	231	4	885954185
619	62	1	885954185
619	1231	2	885954215
619	578	4	885954215
619	363	2	885954215
619	391	3	885954215
619	720	4	885954238
619	554	3	885954238
619	809	1	885954238
619	29	1	885954238
619	576	4	885954261
619	665	5	885954261
619	1314	3	885954341
619	562	3	885954341
619	53	2	885954341
452	729	1	885981574
860	865	4	885990862
860	56	4	885990862
860	285	5	885990901
860	204	4	885990901
860	216	4	885990901
860	202	4	885990932
860	692	5	885990965
860	153	4	885990965
860	381	3	885990998
860	211	3	885990998
860	283	4	885990998
860	514	5	885991040
860	516	3	885991040
860	70	5	885991040
860	100	4	885991075
860	517	4	885991076
860	508	4	885991076
860	663	3	885991101
860	732	4	885991129
860	393	2	885991129
860	949	3	885991163
860	26	3	885991163
860	4	4	885991163
860	629	3	885991198
860	715	4	885991198
860	49	2	885991316
860	712	3	885991316
860	287	3	885991407
860	274	3	885991476
860	1047	2	885991563
94	209	5	886008301
94	1147	4	886008354
94	644	5	886008390
94	210	4	886008459
94	12	4	886008625
94	381	4	886008764
94	45	5	886008764
94	154	5	886008791
94	527	5	886008885
94	134	5	886008885
201	269	3	886013700
201	272	3	886013700
279	137	4	886014686
279	713	3	886015169
279	1048	1	886015533
279	405	3	886015701
279	284	1	886015853
279	368	1	886016352
279	1095	1	886016480
279	1376	4	886016680
117	313	5	886018980
117	751	5	886018996
117	895	2	886019030
117	338	3	886019636
279	150	3	886019867
117	222	5	886020290
117	298	5	886020525
279	131	1	886020902
117	1014	3	886021192
117	410	3	886021458
117	122	2	886022187
130	305	4	886023938
130	350	4	886023989
894	350	3	886027788
537	272	4	886028446
537	262	5	886028446
537	313	4	886028446
537	300	1	886028446
537	345	4	886028446
537	269	3	886028446
537	302	4	886028446
537	311	3	886028446
537	242	3	886028498
537	286	3	886028498
537	750	3	886028498
537	305	4	886028498
537	270	3	886028498
537	346	3	886028544
537	749	2	886028544
537	352	1	886028544
537	875	1	886028544
537	306	3	886028604
537	690	2	886028604
537	896	3	886028604
537	340	4	886028604
537	319	4	886028604
537	301	2	886028647
537	310	3	886028647
537	268	4	886028647
537	288	2	886028706
537	303	4	886028706
537	333	2	886028707
537	327	2	886028730
537	882	4	886028791
537	299	2	886028791
537	307	3	886028791
537	321	3	886028791
537	271	2	886028791
537	349	1	886028845
537	347	4	886028845
537	682	1	886029083
537	874	3	886029083
537	328	2	886029083
537	294	1	886029083
537	259	1	886029116
537	292	2	886029116
537	315	4	886029116
537	688	1	886029153
537	990	2	886029153
537	1105	1	886029153
537	325	1	886029153
537	289	1	886029153
537	322	1	886029153
537	343	2	886029153
537	678	1	886029181
537	1420	1	886029181
537	312	3	886029211
537	323	1	886029211
537	873	2	886029211
537	539	1	886029212
537	338	1	886029239
537	314	1	886029239
537	243	1	886029239
537	689	1	886029239
537	948	1	886029239
537	258	4	886029286
537	457	1	886029444
537	330	2	886029488
537	901	1	886029488
537	937	3	886029488
537	1025	1	886029488
537	681	1	886029488
537	988	1	886029488
537	890	1	886029526
537	894	1	886029526
537	337	3	886029526
537	687	1	886029526
537	100	4	886029692
537	844	4	886029692
537	236	3	886029726
537	475	4	886029727
537	273	3	886029727
537	7	4	886029727
537	547	1	886029771
537	718	4	886029771
537	285	4	886029806
537	275	4	886029806
537	6	2	886029806
537	13	4	886029806
537	276	4	886029806
537	124	4	886029806
537	978	2	886029841
537	221	3	886029841
537	137	4	886029841
537	116	3	886029841
537	1197	3	886029889
537	283	4	886029889
537	129	3	886029889
537	676	4	886029889
537	1	2	886029889
537	277	2	886029973
537	222	2	886029974
537	150	3	886029974
537	20	3	886029974
537	1068	3	886029974
537	237	3	886030011
537	117	2	886030011
537	471	3	886030012
537	147	2	886030012
537	919	4	886030012
537	1084	3	886030050
537	1245	3	886030051
537	19	4	886030051
537	591	3	886030051
537	762	3	886030051
537	109	1	886030051
537	980	3	886030051
537	15	3	886030051
537	1129	1	886030051
537	93	3	886030077
537	111	3	886030077
537	149	3	886030078
537	1008	2	886030078
537	845	2	886030078
537	14	4	886030108
537	508	4	886030108
537	10	4	886030109
537	224	3	886030109
537	123	2	886030109
537	458	3	886030176
537	24	1	886030176
537	1134	3	886030176
537	279	2	886030177
537	713	3	886030177
537	628	2	886030177
537	151	2	886030177
537	741	2	886030199
537	25	2	886030199
537	274	2	886030235
537	291	2	886030235
537	290	2	886030254
537	1009	2	886030254
537	924	3	886030254
537	107	3	886030281
537	281	1	886030281
537	975	3	886030281
537	979	2	886030317
537	235	1	886030317
537	3	2	886030317
537	455	1	886030317
537	1163	1	886030347
537	950	3	886030347
537	284	3	886030347
537	1335	3	886030347
711	315	4	886030353
537	744	3	886030380
537	121	1	886030380
537	1010	2	886030381
537	405	2	886030381
537	1048	2	886030381
537	459	3	886030381
537	472	2	886030415
537	1085	4	886030416
537	1011	3	886030416
537	922	3	886030442
537	928	1	886030442
537	460	2	886030442
537	190	4	886030552
537	848	3	886030552
537	1451	3	886030552
537	646	2	886030552
537	168	4	886030552
711	340	5	886030557
711	961	5	886030557
711	408	5	886030557
711	88	5	886030557
711	969	5	886030557
711	735	5	886030557
711	427	5	886030557
711	86	5	886030557
711	189	5	886030557
711	137	5	886030557
711	1190	3	886030579
711	255	4	886030579
537	98	3	886030583
537	514	4	886030583
537	136	4	886030583
537	483	4	886030583
537	1194	3	886030584
537	491	4	886030584
537	558	4	886030584
537	519	3	886030584
537	42	3	886030622
537	753	2	886030622
537	127	5	886030622
537	423	2	886030622
537	480	4	886030622
537	603	4	886030622
537	174	3	886030622
537	488	4	886030622
537	87	3	886030622
537	958	2	886030652
537	511	5	886030652
537	504	3	886030652
537	198	2	886030652
537	469	3	886030652
537	56	5	886030652
537	523	3	886030682
537	638	3	886030682
537	607	4	886030682
537	199	4	886030682
537	173	4	886030682
537	207	4	886030682
537	318	4	886030707
537	357	4	886030707
537	172	3	886030707
537	493	4	886030707
537	64	3	886030707
537	133	4	886030707
711	248	5	886030732
537	684	3	886030738
537	1065	1	886030738
537	653	4	886030738
537	463	3	886030738
537	489	3	886030738
537	23	4	886030738
537	178	4	886030767
537	445	3	886030767
537	187	4	886030767
537	22	2	886030767
537	65	3	886030767
537	530	4	886030768
537	47	4	886030768
711	741	4	886030774
537	48	4	886030805
537	528	3	886030805
537	50	4	886030805
537	792	3	886030805
537	185	4	886030805
537	474	5	886030805
537	462	3	886030805
537	789	2	886030805
537	963	3	886030805
537	496	4	886030831
537	427	4	886030831
537	196	3	886030831
537	211	4	886030831
537	655	3	886030831
537	521	2	886030831
537	182	4	886030862
537	651	3	886030862
537	134	5	886030862
537	89	4	886030862
537	191	4	886030862
537	421	2	886030863
537	497	4	886030863
537	429	3	886030863
711	1014	4	886030873
537	95	1	886030891
537	197	4	886030891
537	83	4	886030891
537	647	4	886030891
537	525	3	886030891
537	513	4	886030891
537	52	3	886030891
537	194	3	886030891
537	188	4	886030891
537	11	3	886030937
537	855	3	886030937
537	478	4	886030938
537	479	4	886030938
537	414	4	886030938
537	1069	2	886030938
537	382	3	886030938
537	606	3	886030938
537	209	4	886030966
537	516	3	886030966
537	582	3	886030966
537	507	4	886030966
537	238	4	886030966
537	175	4	886030966
537	657	3	886030966
537	171	3	886030967
711	16	5	886031006
537	132	3	886031074
537	543	5	886031074
537	12	3	886031074
537	806	3	886031074
537	921	3	886031074
537	652	3	886031074
537	615	3	886031074
537	705	3	886031074
537	745	2	886031074
537	498	3	886031105
537	461	3	886031105
537	179	4	886031105
537	518	4	886031105
537	484	4	886031105
537	778	3	886031106
537	81	3	886031106
537	746	3	886031149
537	1073	3	886031149
537	466	4	886031149
537	486	3	886031149
537	135	5	886031149
537	699	4	886031149
537	955	4	886031149
537	660	3	886031149
537	661	4	886031149
537	698	3	886031178
537	69	2	886031178
537	32	3	886031178
537	59	3	886031178
537	641	4	886031178
537	170	3	886031211
537	234	3	886031211
537	61	4	886031211
537	434	3	886031211
537	837	3	886031211
537	186	4	886031211
537	730	3	886031211
537	640	3	886031211
537	604	3	886031211
537	733	3	886031297
537	208	4	886031297
537	772	3	886031297
537	205	5	886031297
537	430	3	886031297
537	515	4	886031297
537	425	3	886031297
537	60	3	886031297
537	517	4	886031341
537	670	2	886031342
537	709	4	886031342
537	633	3	886031342
537	492	3	886031342
537	923	3	886031342
537	180	4	886031342
537	642	4	886031342
537	419	2	886031342
537	215	3	886031342
537	971	4	886031375
537	702	3	886031375
537	529	3	886031375
537	193	4	886031375
537	482	4	886031375
537	99	2	886031375
537	195	3	886031407
537	964	3	886031407
537	371	3	886031407
537	39	2	886031407
537	1103	4	886031407
537	131	4	886031407
537	694	4	886031407
537	183	3	886031407
537	181	2	886031437
537	203	4	886031437
537	644	5	886031438
537	639	2	886031438
537	512	3	886031438
537	91	2	886031438
537	143	1	886031438
537	28	3	886031438
537	614	3	886031473
537	953	3	886031473
537	588	1	886031473
537	192	4	886031473
537	1147	3	886031473
537	200	3	886031473
537	265	3	886031473
537	228	3	886031474
537	648	4	886031505
537	673	3	886031505
537	464	4	886031506
537	654	3	886031506
537	177	3	886031506
537	428	4	886031506
537	1111	3	886031506
537	202	3	886031540
537	509	4	886031540
537	241	3	886031540
537	965	2	886031540
537	216	3	886031540
537	960	3	886031540
537	663	3	886031540
537	1050	2	886031575
537	510	3	886031575
537	485	3	886031576
537	96	3	886031576
537	707	4	886031576
537	1445	3	886031576
537	735	3	886031576
537	176	2	886031606
537	1019	1	886031606
537	30	3	886031606
537	1113	3	886031606
537	609	3	886031606
537	499	3	886031634
537	433	4	886031634
537	4	2	886031634
537	664	3	886031634
537	467	3	886031634
537	602	3	886031634
537	736	3	886031634
537	381	3	886031678
537	1400	2	886031678
537	495	2	886031678
537	1070	3	886031678
537	431	4	886031678
537	46	3	886031678
537	584	2	886031678
537	92	3	886031678
537	58	4	886031719
537	1101	3	886031720
537	206	1	886031720
537	97	2	886031720
537	404	3	886031720
537	526	3	886031720
537	649	3	886031720
537	956	4	886031751
537	721	2	886031752
537	1005	3	886031752
537	82	2	886031752
537	447	3	886031752
537	402	1	886031752
537	443	3	886031752
537	494	4	886031752
537	616	2	886031752
537	490	4	886031786
537	317	3	886031786
537	70	4	886031786
537	204	3	886031786
537	45	3	886031786
537	693	4	886031786
537	1475	2	886031786
537	86	4	886031786
537	213	4	886031830
537	570	2	886031831
537	613	3	886031831
537	782	3	886031831
537	417	2	886031831
537	201	3	886031831
537	703	3	886031859
537	675	3	886031860
537	708	3	886031860
537	101	2	886031860
537	230	2	886031860
537	506	3	886031860
537	527	4	886031860
537	387	4	886031860
537	714	3	886031886
537	573	2	886031886
537	581	3	886031886
537	44	3	886031886
537	1166	2	886031886
537	724	3	886031886
537	210	3	886031912
537	610	4	886031912
537	568	2	886031912
537	732	3	886031912
537	770	3	886031913
537	26	3	886031913
537	942	3	886031913
537	435	3	886031933
537	239	2	886031933
537	76	3	886031934
537	549	2	886031965
537	72	1	886031966
537	697	2	886031966
537	226	2	886032000
537	1154	1	886032000
537	1139	2	886032000
537	501	3	886032000
537	448	3	886032001
537	140	2	886032001
537	90	1	886032029
537	53	2	886032029
537	715	4	886032029
537	470	2	886032029
537	468	2	886032029
537	723	2	886032098
537	966	2	886032098
537	385	2	886032098
537	1267	3	886032123
537	102	1	886032123
537	972	3	886032123
537	212	3	886032123
537	79	3	886032123
537	85	2	886032123
537	553	2	886032123
537	426	1	886032154
537	959	3	886032154
537	378	2	886032154
537	1045	3	886032154
537	739	1	886032154
537	380	2	886032154
537	141	3	886032183
537	566	2	886032183
537	569	2	886032183
537	970	3	886032184
537	625	3	886032184
537	88	2	886032204
537	1404	2	886032204
537	557	3	886032245
537	392	2	886032245
537	1006	2	886032245
537	727	2	886032245
537	184	3	886032246
537	399	2	886032246
537	550	2	886032246
537	231	3	886032246
328	350	3	886036374
328	688	1	886036585
328	23	3	886036795
328	31	4	886036884
328	610	3	886036967
328	186	4	886037065
328	153	2	886037257
328	655	4	886037429
328	528	5	886037457
328	85	1	886038183
328	43	3	886038224
176	319	3	886046979
176	286	2	886046979
176	288	3	886046979
176	751	1	886046979
176	340	5	886046979
176	345	5	886046979
176	268	5	886046979
176	258	4	886047026
176	305	5	886047068
176	272	5	886047068
176	270	4	886047069
176	874	4	886047118
176	303	3	886047118
176	321	4	886047176
176	750	4	886047176
176	327	3	886047176
176	294	2	886047220
176	289	3	886047292
176	262	4	886047292
176	324	5	886047292
176	328	4	886047375
176	325	3	886047375
176	876	3	886047375
176	875	4	886047442
176	347	4	886047442
176	881	3	886047531
176	343	2	886047595
176	948	4	886047595
176	150	4	886047879
176	181	3	886047879
176	50	5	886047879
176	508	3	886047879
176	297	3	886047918
176	475	5	886047918
176	298	4	886047918
176	100	5	886047918
176	1097	4	886047963
176	285	5	886047963
176	93	5	886047963
176	250	4	886047963
176	246	5	886047994
176	13	4	886047994
176	1008	4	886048040
176	293	5	886048040
176	111	4	886048040
176	222	5	886048145
176	236	4	886048145
176	741	3	886048145
176	237	3	886048145
176	1012	4	886048145
176	25	3	886048188
176	257	1	886048188
176	7	5	886048188
176	273	4	886048230
176	952	2	886048230
176	240	4	886048230
176	405	2	886048262
176	117	4	886048305
176	927	3	886048305
176	151	4	886048305
176	458	4	886048305
176	129	3	886048391
176	919	2	886048391
653	258	3	886051833
653	293	3	886051879
653	742	3	886052040
653	508	3	886052198
653	225	1	886052230
653	1620	2	886052291
521	324	2	886059923
452	111	3	886061565
521	68	4	886061689
521	743	1	886061689
521	215	1	886062095
521	392	3	886063254
521	2	3	886063310
521	232	3	886063553
924	742	3	886065661
924	288	3	886065748
924	195	5	886065785
924	313	4	886065805
528	56	3	886101428
528	77	3	886101428
299	346	3	886101436
528	657	5	886101505
528	526	4	886101505
528	213	4	886101505
528	479	4	886101505
528	173	5	886101610
528	83	5	886101632
528	82	4	886101632
528	239	5	886101632
528	185	4	886101652
528	393	2	886101695
528	484	3	886101695
528	50	5	886101695
528	178	4	886101695
528	615	4	886101715
528	588	2	886101736
528	69	3	886101761
528	31	5	886101761
528	238	3	886101782
528	174	5	886101821
528	523	4	886101846
528	202	5	886101846
528	485	2	886101872
528	193	4	886101873
528	79	5	886101911
528	505	4	886101956
528	194	5	886101956
528	210	5	886101976
528	58	5	886101994
271	124	4	886105886
271	117	3	886106003
271	257	4	886106038
271	1	3	886106038
271	244	2	886106039
271	248	4	886106129
271	148	3	886106165
271	472	2	886106165
271	864	3	886106165
271	742	3	886106209
264	269	5	886121456
264	345	4	886121516
264	294	3	886121516
264	873	3	886121517
264	288	5	886121631
264	286	2	886121691
264	683	2	886121811
264	153	5	886122031
264	238	5	886122031
264	179	5	886122031
264	448	2	886122031
264	168	5	886122031
264	182	5	886122098
264	98	5	886122098
264	606	5	886122099
264	192	4	886122099
264	656	4	886122099
264	1270	2	886122194
264	602	4	886122194
264	478	5	886122194
264	185	5	886122261
264	56	5	886122261
264	320	4	886122261
264	234	4	886122261
264	671	4	886122261
264	201	5	886122261
264	7	5	886122261
264	100	5	886122261
264	675	4	886122352
264	200	5	886122352
264	447	5	886122352
264	436	3	886122352
264	217	3	886122446
264	774	2	886122446
264	637	4	886122446
264	559	5	886122446
264	558	5	886122447
264	219	5	886122447
264	672	3	886122447
264	184	5	886122447
264	443	5	886122447
264	654	5	886122508
264	203	2	886122508
264	525	5	886122508
264	603	5	886122508
264	12	5	886122508
264	504	5	886122577
264	183	5	886122577
264	23	5	886122577
264	222	5	886122577
264	659	5	886122577
264	156	2	886122577
264	742	2	886122578
264	33	3	886122644
264	230	4	886122644
264	789	4	886122644
264	475	5	886122706
264	275	5	886122706
264	14	4	886122771
264	762	3	886122771
264	137	3	886122892
264	116	4	886122892
264	813	4	886122952
264	150	5	886122952
264	235	5	886122952
264	19	5	886122952
264	123	4	886122952
264	283	5	886122952
264	676	3	886123172
264	216	5	886123358
264	173	5	886123358
264	194	5	886123358
264	645	4	886123358
264	746	3	886123358
264	42	5	886123358
264	517	5	886123358
264	514	5	886123359
264	209	5	886123415
264	792	5	886123415
264	208	5	886123415
264	210	5	886123415
264	1070	4	886123415
264	211	5	886123472
264	856	3	886123472
264	47	5	886123472
264	175	5	886123472
264	204	5	886123472
264	1225	3	886123530
264	433	5	886123530
264	655	4	886123530
264	702	4	886123531
264	451	4	886123531
264	430	5	886123531
264	1475	2	886123596
264	524	3	886123596
264	202	5	886123596
264	382	4	886123596
264	381	4	886123596
264	70	4	886123596
264	516	5	886123655
264	1118	4	886123656
264	745	5	886123656
264	401	5	886123656
264	1103	5	886123656
264	721	5	886123656
264	367	4	886123656
264	4	4	886123656
264	709	5	886123727
264	1074	4	886123727
264	26	4	886123727
264	88	3	886123728
264	1069	5	886123728
264	1474	2	886123728
264	186	5	886123728
264	93	5	886123993
264	844	1	886124097
264	25	4	886124197
264	240	4	886124352
264	1009	4	886124417
264	1355	4	886124417
642	975	2	886130929
642	673	2	886130929
642	218	3	886130929
642	399	3	886131257
642	827	1	886131332
642	570	1	886131332
642	250	5	886131457
642	384	5	886131546
642	257	5	886131546
642	928	5	886131546
642	588	5	886131546
642	88	5	886131546
642	686	5	886131546
642	71	5	886131547
642	208	5	886131547
642	1014	5	886131547
642	95	5	886131547
642	477	5	886131563
642	473	1	886131585
642	117	4	886131655
642	728	4	886131674
642	366	4	886131707
642	375	1	886131744
642	58	3	886131744
642	135	3	886131953
642	191	4	886131970
642	1285	4	886132043
642	427	3	886132043
642	723	4	886132088
642	660	3	886132089
642	356	4	886132104
642	1224	4	886132139
642	1058	3	886132139
642	553	5	886132153
642	51	5	886132172
642	65	4	886132172
642	70	2	886132189
642	392	4	886132237
452	465	5	886148336
452	243	5	886148336
452	294	2	886148704
452	82	3	886149040
452	1383	1	886149828
452	181	4	886151027
452	163	4	886151027
119	268	5	886175117
119	310	5	886175117
119	288	4	886175150
119	271	4	886175150
119	332	4	886175313
119	751	3	886175361
119	689	4	886175431
119	259	4	886175571
119	315	5	886175571
119	313	5	886176135
119	340	4	886176485
119	147	4	886176486
119	137	5	886176486
119	245	4	886176618
119	537	5	886176618
119	755	1	886176678
119	301	4	886176779
119	111	5	886176779
119	506	5	886176779
119	54	4	886176814
119	392	4	886176814
119	845	4	886176922
119	83	4	886176922
119	1197	4	886176922
119	1137	5	886176922
119	1264	3	886176993
119	40	4	886176993
119	25	5	886177013
119	685	4	886177048
119	24	4	886177076
119	1052	4	886177162
119	196	5	886177162
119	710	4	886177162
119	616	2	886177206
119	544	2	886177206
119	562	4	886177206
119	591	4	886177235
119	684	4	886177338
119	1263	3	886177338
119	471	4	886177338
119	209	4	886177544
119	204	4	886177659
119	526	2	886177762
119	931	1	886178294
731	64	5	886179040
731	496	5	886179040
731	170	5	886179040
731	14	3	886179040
731	69	5	886179040
731	56	2	886179161
731	494	3	886179161
731	484	3	886179289
731	127	4	886179415
731	1039	4	886182366
731	606	3	886182366
731	283	4	886182367
731	481	3	886182456
731	192	5	886182457
731	215	5	886182555
731	153	3	886182555
731	478	4	886182555
731	486	4	886182556
731	603	5	886182631
731	15	4	886182632
731	705	5	886182632
731	132	3	886182632
731	136	4	886182826
731	28	4	886182826
731	207	4	886182827
731	143	5	886182827
731	419	4	886183039
731	504	3	886183209
731	945	4	886183209
731	662	3	886183209
731	648	4	886183515
731	655	5	886183515
731	608	4	886183515
731	213	5	886183515
731	194	3	886183681
731	97	5	886183681
731	95	3	886183978
731	393	5	886183978
731	1	2	886184421
731	694	5	886184421
731	591	1	886184577
731	66	4	886184577
731	1503	5	886184578
731	8	2	886184681
731	845	2	886184681
731	216	5	886184682
731	204	4	886184682
731	588	3	886184682
731	487	4	886184682
731	527	5	886184682
731	521	1	886184682
731	611	3	886184683
731	482	3	886184770
731	720	3	886184771
731	507	3	886184771
731	133	1	886184852
731	197	5	886185743
731	168	1	886185744
731	183	1	886185744
731	195	1	886185851
731	237	4	886185851
731	1087	1	886186091
731	1086	1	886186091
731	510	1	886186091
417	343	2	886186253
417	322	3	886186468
417	895	3	886186520
731	520	4	886186567
731	202	5	886186568
731	462	5	886186568
731	613	2	886186568
731	320	1	886186811
731	196	5	886186811
731	434	1	886186811
731	140	2	886186811
731	508	1	886186811
417	1016	4	886186827
417	818	2	886186925
731	427	5	886186940
731	1275	1	886186940
731	125	3	886186940
417	871	2	886187012
731	485	4	886187414
731	190	5	886187538
731	357	5	886187538
731	480	4	886187652
731	378	1	886187652
731	1269	3	886187652
731	205	1	886187652
514	652	4	886189466
514	150	3	886189467
514	949	3	886189510
514	49	2	886189676
514	1160	4	886189748
514	177	3	886189816
514	729	4	886189841
514	648	3	886189869
514	486	3	886189869
514	1101	4	886189893
514	180	3	886189927
514	385	3	886189965
514	511	3	886189990
514	65	3	886190207
170	333	4	886190330
170	881	3	886190419
170	876	3	886190449
170	299	3	886190476
514	510	3	886190480
514	265	4	886190600
514	31	4	886190665
593	744	3	886193049
593	661	2	886193103
593	285	2	886193129
593	143	4	886193303
593	568	4	886193361
593	193	4	886193361
593	172	4	886193379
593	468	3	886193438
593	735	4	886193600
593	182	2	886193627
593	501	2	886193661
593	692	3	886193724
593	655	3	886193724
593	392	3	886193788
593	966	5	886193788
593	385	4	886194041
593	393	4	886194041
593	83	5	886194064
593	609	3	886194241
593	631	3	886194296
530	476	4	886198206
530	328	4	886198454
530	535	4	886198575
530	255	4	886198864
530	70	4	886198864
530	56	3	886202320
530	181	3	886202320
530	214	2	886202320
530	163	3	886202320
530	176	3	886202320
530	815	4	886202404
530	322	4	886203949
642	120	3	886206256
642	133	5	886206274
642	13	4	886206806
642	54	4	886206959
642	470	4	886206991
642	527	4	886207132
642	942	4	886207151
642	1053	3	886207279
13	655	5	886261387
13	840	3	886261387
13	888	2	886261388
13	353	4	886261450
251	313	5	886271472
251	300	4	886271472
251	258	3	886271496
251	288	4	886271541
251	64	5	886271640
251	468	2	886271641
251	172	5	886271641
251	265	3	886271641
251	132	5	886271641
251	60	4	886271641
251	210	4	886271675
251	33	3	886271675
251	427	4	886271675
251	275	4	886271675
251	12	4	886271700
251	480	5	886271733
251	183	5	886271733
251	79	5	886271733
251	181	4	886271733
251	612	5	886271855
251	45	5	886271855
251	55	3	886271856
251	418	4	886271856
251	185	5	886271884
251	100	4	886271884
251	144	5	886271920
251	1098	3	886271920
251	202	4	886271920
251	520	5	886271955
251	22	5	886271955
251	429	4	886271955
251	1	4	886272009
251	117	4	886272009
251	15	4	886272086
251	50	5	886272086
251	813	3	886272086
251	151	5	886272118
251	121	4	886272118
251	596	3	886272118
251	249	5	886272118
251	7	3	886272146
251	298	5	886272146
251	1012	4	886272175
251	748	2	886272175
251	1016	3	886272197
251	248	4	886272223
251	282	4	886272223
251	295	4	886272249
251	24	3	886272283
251	535	3	886272283
251	294	3	886272283
251	111	3	886272319
251	147	3	886272319
251	471	3	886272319
251	125	4	886272346
251	237	5	886272346
251	250	3	886272378
251	257	3	886272378
251	845	4	886272378
251	476	2	886272407
251	281	4	886272456
251	252	3	886272456
251	742	5	886272486
251	1014	5	886272486
251	595	3	886272486
251	866	2	886272514
251	118	3	886272514
251	597	3	886272514
251	405	3	886272547
251	148	2	886272547
251	222	4	886272547
251	109	4	886272547
251	472	3	886272585
251	978	2	886272585
251	1028	3	886272585
251	685	4	886272585
251	25	4	886272615
346	288	2	886273342
346	333	4	886273342
346	294	3	886273405
346	259	2	886273426
346	322	3	886273541
346	879	5	886273570
346	358	4	886273570
346	1025	3	886273570
346	325	1	886273717
346	144	4	886273914
346	550	4	886273914
346	226	3	886273914
346	405	3	886274098
346	92	4	886274124
346	385	5	886274124
346	1217	4	886274201
346	250	3	886274255
85	631	4	886282927
85	333	1	886282927
85	606	4	886282959
85	506	4	886282959
85	83	4	886282959
85	1149	3	886283002
85	301	4	886283002
707	345	5	886285168
707	302	4	886285168
707	903	3	886285216
707	347	5	886285277
707	248	4	886285498
707	279	3	886285627
707	6	3	886285627
707	8	5	886285762
707	606	4	886285762
707	478	4	886285762
707	1141	3	886285791
707	962	2	886285792
707	490	2	886285792
707	648	4	886285824
707	199	2	886285824
707	170	5	886285824
707	705	4	886285851
707	97	4	886285876
707	58	3	886285907
707	641	1	886285907
707	427	4	886285907
707	208	5	886285939
707	163	2	886285939
707	165	3	886285939
707	162	5	886285968
707	419	3	886285968
707	65	4	886286004
707	12	3	886286004
707	483	5	886286004
707	134	4	886286004
707	135	2	886286032
707	482	3	886286032
707	185	3	886286032
707	467	4	886286057
707	216	3	886286092
707	479	3	886286092
707	692	4	886286092
707	923	5	886286092
707	186	3	886286133
707	462	4	886286133
707	498	3	886286133
707	174	2	886286133
707	707	5	886286133
707	172	2	886286134
707	64	3	886286170
707	168	3	886286170
707	708	3	886286170
707	4	3	886286170
707	160	5	886286193
707	702	3	886286193
707	531	5	886286214
707	504	1	886286246
707	194	4	886286246
707	694	4	886286246
707	1204	3	886286283
707	190	5	886286283
707	86	4	886286283
707	1109	5	886286283
707	736	4	886286311
707	505	4	886286311
707	480	3	886286360
707	487	2	886286360
707	865	5	886286360
707	921	4	886286361
707	638	4	886286361
707	173	2	886286380
707	496	3	886286433
707	582	5	886286433
707	317	3	886286433
707	381	3	886286457
707	488	4	886286491
707	200	2	886286491
707	1642	5	886286491
707	81	2	886286491
707	863	4	886286662
707	1401	3	886286663
707	154	3	886286742
707	730	3	886286742
707	506	2	886286742
707	238	4	886286764
707	735	4	886286792
707	212	4	886286792
707	492	2	886286818
707	507	5	886286819
707	631	4	886286844
707	153	3	886286844
707	603	3	886286926
707	83	3	886286926
707	45	4	886286926
707	26	3	886286954
707	715	3	886286954
707	723	3	886286954
707	663	4	886286979
707	525	3	886286999
707	716	2	886287051
707	211	3	886287051
707	766	3	886287051
707	1021	3	886287079
707	485	4	886287079
707	517	3	886287079
707	792	4	886287107
707	660	5	886287107
707	956	5	886287107
707	197	4	886287130
707	420	3	886287160
707	778	3	886287160
707	732	4	886287160
707	140	2	886287191
707	443	3	886287191
707	382	3	886287191
707	949	3	886287191
707	703	4	886287236
707	425	5	886287268
707	52	3	886287268
707	1211	4	886287268
707	133	2	886287268
707	602	4	886287290
707	57	4	886287310
707	88	3	886287331
707	1628	5	886287353
707	529	4	886287376
707	70	3	886287376
707	770	3	886287405
707	526	1	886287405
707	632	4	886287426
707	499	4	886287450
707	640	2	886287471
707	371	3	886287497
707	811	4	886287531
707	1311	3	886287608
707	630	3	886287608
707	378	3	886287628
707	486	3	886287662
707	387	4	886287733
707	1479	5	886287854
707	799	4	886287876
707	614	2	886287876
707	747	3	886287900
707	739	2	886287919
707	1168	3	886287990
707	1113	2	886287990
707	953	4	886288015
707	167	2	886288133
707	719	3	886288189
707	106	3	886288189
707	1545	2	886288189
707	1107	3	886288239
707	782	3	886288263
707	618	3	886288282
707	1530	3	886288356
707	1018	3	886288455
707	155	3	886288598
707	712	3	886288624
707	449	2	886288688
707	313	2	886288754
707	869	1	886289521
707	1397	1	886289521
707	367	4	886291531
13	630	2	886302261
13	524	4	886302261
13	824	3	886302261
13	814	5	886302261
13	520	4	886302261
13	905	2	886302261
13	350	2	886302293
13	885	1	886302334
13	908	1	886302385
13	351	1	886302385
13	778	3	886302694
13	40	2	886302815
13	756	2	886302858
13	786	3	886303088
13	856	5	886303171
13	801	3	886303172
13	275	3	886303585
13	83	2	886303585
13	739	4	886303745
13	815	4	886303934
13	402	4	886303934
13	765	2	886303934
13	775	4	886304188
13	796	3	886304188
13	783	3	886304188
13	807	1	886304229
13	387	3	886304229
305	690	4	886307828
305	242	5	886307828
305	286	4	886307828
305	300	3	886307828
305	904	4	886307860
305	302	4	886307860
305	305	3	886307860
305	268	3	886307860
305	272	3	886307917
305	326	2	886307917
305	269	4	886307948
305	327	3	886307948
305	311	5	886307971
305	751	3	886307971
305	258	4	886308064
305	289	4	886308064
305	749	2	886308111
305	347	3	886308111
305	245	1	886308147
305	748	3	886308147
305	315	5	886308168
305	338	3	886308252
116	269	3	886309452
116	750	4	886309481
116	347	2	886309481
116	272	3	886309505
116	310	4	886309549
116	539	2	886309573
116	315	3	886309605
116	895	2	886309812
116	288	3	886309812
116	760	3	886309812
116	655	4	886309958
116	888	2	886309958
116	840	1	886309958
116	346	4	886310197
116	268	5	886310197
116	56	5	886310197
116	180	5	886310197
116	11	5	886310197
116	519	5	886310197
116	271	4	886310197
116	484	4	886310197
116	1134	4	886310197
116	187	5	886310197
416	329	3	886314592
416	346	4	886314592
416	348	3	886314660
416	353	2	886314834
416	311	3	886314877
416	980	4	886314987
416	926	2	886315298
416	619	4	886315423
416	240	1	886315446
416	1300	3	886315494
416	840	4	886315536
416	931	3	886315822
416	122	3	886315885
416	393	4	886316118
416	88	3	886316140
416	431	4	886316164
416	404	3	886316190
416	433	4	886316226
416	1098	3	886316271
416	631	3	886316295
416	1264	4	886316381
416	724	4	886316409
416	86	1	886316439
416	651	4	886316439
416	865	3	886316477
416	203	3	886316596
416	491	4	886316596
416	44	4	886316596
416	425	4	886316647
416	463	4	886316703
416	161	4	886316739
416	230	4	886316797
416	448	3	886316797
416	778	3	886316835
416	549	4	886316922
416	1400	4	886317029
416	1077	1	886317030
416	226	4	886317030
416	140	4	886317030
416	553	4	886317079
416	2	4	886317115
416	821	4	886317146
416	624	3	886317237
416	153	4	886317272
416	559	3	886317272
416	157	4	886317316
416	842	4	886317350
416	159	1	886317412
379	176	5	886317511
379	183	4	886317511
379	474	5	886317533
416	721	3	886317540
416	417	3	886317568
416	550	4	886317599
416	542	1	886317599
416	843	3	886317748
416	80	2	886317825
416	217	4	886317880
416	17	2	886318084
416	585	1	886318085
416	366	4	886318128
416	720	4	886318128
416	420	3	886318155
416	1220	3	886318155
416	43	1	886318186
416	1136	4	886318186
416	38	3	886318228
416	29	2	886318228
416	790	4	886318270
416	27	4	886318270
416	554	3	886318394
416	1441	3	886318546
416	94	2	886318546
416	578	4	886318546
416	396	2	886318587
416	737	3	886318613
416	401	2	886318651
416	849	3	886318676
416	72	2	886318707
416	1495	3	886318707
416	761	4	886318708
416	67	4	886318740
416	1139	3	886318768
416	783	3	886318768
416	712	4	886318795
416	723	4	886318827
416	571	3	886318860
416	1168	4	886318953
416	1188	3	886318953
416	416	4	886319038
416	1051	3	886319079
416	560	3	886319079
416	452	3	886319106
416	41	3	886319177
416	803	3	886319177
416	1428	3	886319204
416	1135	2	886319234
416	158	3	886319235
416	387	3	886319288
416	142	4	886319340
416	1217	4	886319366
416	1041	3	886319408
416	415	4	886319408
416	734	3	886319434
416	1053	4	886319434
416	765	4	886319522
416	791	2	886319550
416	395	2	886319620
416	807	4	886319649
416	78	2	886319785
416	738	2	886319825
416	364	2	886319855
416	1478	2	886319906
416	375	1	886319930
416	1517	2	886320054
416	1092	3	886320054
416	1407	2	886320112
416	103	3	886320119
416	388	2	886320177
305	251	5	886321764
305	50	5	886321799
305	181	4	886321799
305	246	3	886322122
305	257	2	886322122
305	298	4	886322150
305	249	3	886322174
305	1513	2	886322212
305	127	5	886322412
305	98	4	886322560
305	318	3	886322560
305	134	5	886322560
305	97	4	886322560
305	511	4	886322560
305	963	4	886322635
305	174	3	886322635
305	154	4	886322670
305	173	3	886322670
305	423	4	886322670
305	170	4	886322691
305	166	4	886322719
305	89	3	886322719
305	806	3	886322720
305	197	2	886322758
305	480	5	886322758
305	59	3	886322758
305	223	4	886322758
305	237	2	886322796
305	1512	3	886322796
305	464	3	886322796
305	15	1	886322796
305	474	5	886322838
305	947	4	886322838
305	198	4	886322838
305	484	3	886322838
305	14	4	886322893
305	169	5	886322893
305	175	4	886322893
305	285	5	886322930
305	12	5	886322930
305	178	4	886322966
305	190	3	886322966
305	209	5	886322966
305	191	3	886322966
305	210	3	886323006
305	482	2	886323006
305	195	3	886323006
305	129	3	886323006
305	505	3	886323006
305	156	4	886323068
305	56	1	886323068
305	483	5	886323068
305	214	2	886323068
305	1015	1	886323068
305	144	2	886323068
305	427	5	886323090
305	168	4	886323115
305	713	4	886323115
305	165	4	886323153
305	275	2	886323153
305	1	5	886323153
305	153	3	886323153
305	87	1	886323153
305	239	3	886323153
305	357	5	886323189
305	408	5	886323189
305	187	4	886323189
305	135	3	886323189
305	527	5	886323189
305	530	5	886323237
305	11	1	886323237
305	923	5	886323237
305	171	5	886323237
305	45	5	886323275
305	192	2	886323275
305	143	3	886323275
305	478	3	886323275
305	479	3	886323275
305	189	5	886323303
305	91	2	886323303
305	845	3	886323335
305	81	3	886323335
305	61	4	886323378
305	528	4	886323378
305	222	2	886323378
305	650	4	886323406
305	64	5	886323406
305	792	4	886323406
305	131	3	886323440
305	961	3	886323440
305	215	2	886323464
305	83	3	886323464
305	943	2	886323464
305	582	4	886323506
305	52	2	886323506
305	76	1	886323506
305	512	4	886323525
305	462	5	886323525
305	1101	4	886323563
305	216	5	886323563
305	486	5	886323563
305	865	3	886323563
305	48	5	886323591
305	1073	1	886323591
305	684	3	886323591
305	663	3	886323591
305	382	5	886323617
305	238	3	886323617
305	485	2	886323648
305	100	3	886323648
305	471	4	886323648
305	202	3	886323684
305	71	3	886323684
305	317	4	886323713
305	469	2	886323757
305	86	4	886323757
305	172	4	886323757
305	188	2	886323757
305	1104	4	886323779
305	199	4	886323779
305	282	3	886323806
305	180	4	886323806
305	431	4	886323806
305	856	5	886323839
305	203	4	886323839
305	176	4	886323839
305	207	5	886323839
305	186	4	886323902
305	1485	3	886323902
305	428	3	886323902
305	184	3	886323937
305	7	4	886323937
305	654	4	886323937
305	160	4	886323937
305	655	4	886323937
305	88	2	886323966
305	179	1	886323966
305	13	3	886323998
305	228	2	886323998
305	201	3	886323998
305	204	2	886323998
305	117	2	886324028
305	631	3	886324028
305	183	4	886324028
305	602	3	886324058
305	16	3	886324058
305	212	3	886324058
305	60	3	886324097
305	529	5	886324097
305	196	4	886324097
305	287	3	886324097
305	610	3	886324128
305	638	5	886324128
305	735	4	886324128
305	42	4	886324172
305	96	3	886324172
305	475	4	886324199
305	709	5	886324221
305	70	4	886324221
305	79	3	886324276
305	69	3	886324299
305	1074	2	886324330
305	686	3	886324330
305	960	1	886324362
305	863	4	886324387
305	921	5	886324410
305	151	4	886324433
305	664	2	886324462
305	566	3	886324486
305	425	4	886324486
305	770	3	886324521
305	557	4	886324521
305	597	2	886324551
305	1018	5	886324580
305	405	3	886324580
305	2	2	886324580
305	971	4	886324608
305	733	3	886324661
305	200	3	886324661
305	628	4	886324661
305	1286	5	886324687
305	793	5	886324712
305	729	3	886324712
305	660	4	886324734
305	941	2	886324792
305	433	2	886324792
305	403	2	886324792
305	385	1	886324792
305	679	3	886324792
305	451	3	886324817
305	1411	3	886324865
305	121	3	886324898
305	1456	4	886324962
305	49	3	886324962
305	708	3	886324963
305	778	4	886325023
305	66	3	886325023
305	550	3	886325023
305	163	3	886325627
305	33	3	886325627
924	1400	4	886327641
924	153	4	886327689
924	496	5	886327689
924	114	3	886327724
924	56	3	886327724
924	923	5	886327748
924	64	4	886327778
924	205	4	886327826
924	228	4	886327826
924	526	3	886327826
640	750	5	886353742
640	347	3	886353742
640	346	4	886353742
640	751	4	886353742
640	342	5	886353780
640	301	2	886353820
640	689	4	886353852
640	338	5	886353852
640	315	5	886353894
640	336	3	886353894
640	168	5	886354114
640	173	5	886354270
640	778	4	886354499
640	732	4	886354499
860	900	3	886354648
500	244	3	886358931
500	129	4	886359266
532	329	4	886364769
532	348	4	886364825
532	353	2	886364951
462	272	5	886365142
462	310	5	886365197
462	313	5	886365231
462	682	5	886365231
462	300	5	886365260
462	288	5	886365260
462	292	5	886365260
462	895	4	886365297
462	326	4	886365297
462	678	3	886365335
462	100	4	886365387
462	866	5	886365387
462	237	5	886365387
462	181	4	886365443
462	655	5	886365467
462	11	5	886365498
462	136	4	886365498
462	22	5	886365498
698	258	3	886365527
698	751	3	886365557
698	300	4	886365577
698	330	4	886365606
698	307	4	886365629
462	358	1	886365638
462	332	5	886365706
462	873	4	886365706
698	294	4	886365733
462	321	5	886365734
462	259	3	886365773
462	539	3	886365773
462	322	5	886365773
462	328	5	886365773
462	261	2	886365773
698	988	1	886365802
462	330	3	886365803
462	315	4	886365837
462	323	2	886365837
462	289	5	886365837
462	346	1	886365928
462	271	1	886365928
698	127	4	886366101
698	50	5	886366101
698	181	3	886366141
698	257	3	886366141
698	515	4	886366190
698	255	3	886366213
698	357	4	886366454
698	89	4	886366454
698	194	4	886366454
698	135	3	886366483
698	195	4	886366483
698	96	4	886366515
698	190	5	886366515
698	499	3	886366515
698	498	4	886366515
698	434	4	886366515
698	134	3	886366558
698	275	4	886366558
698	513	2	886366558
698	222	4	886366611
698	507	4	886366611
698	526	2	886366611
698	705	4	886366611
698	173	5	886366652
698	10	4	886366652
698	496	3	886366690
698	210	5	886366690
698	423	2	886366731
698	168	3	886366731
698	83	5	886366731
698	625	3	886366731
698	529	5	886366731
698	613	5	886366770
698	606	2	886366770
698	603	4	886366770
698	204	2	886366770
698	176	4	886366814
698	478	4	886366814
698	707	2	886366814
698	490	3	886366814
698	486	4	886366815
698	1	4	886366815
698	433	4	886366848
698	183	3	886366916
698	187	2	886366916
698	28	2	886366916
698	663	1	886366955
698	131	4	886366955
698	435	3	886366980
698	427	1	886367013
698	1149	3	886367013
698	659	3	886367013
698	205	4	886367013
698	199	2	886367065
698	709	4	886367065
698	211	2	886367066
698	132	4	886367066
698	648	4	886367100
698	66	3	886367100
698	172	5	886367100
698	945	2	886367100
698	480	2	886367100
698	656	1	886367133
698	483	3	886367133
698	230	3	886367337
698	174	3	886367337
698	421	2	886367366
698	385	4	886367366
698	177	1	886367366
698	175	3	886367406
698	191	2	886367406
698	662	2	886367406
698	482	2	886367406
698	95	3	886367406
698	1063	2	886367406
698	198	2	886367442
698	228	3	886367442
698	485	4	886367473
698	481	3	886367473
698	497	3	886367473
698	419	3	886367474
698	487	2	886367508
698	86	2	886367508
698	143	3	886367530
698	588	4	886367558
698	1020	2	886367558
698	144	2	886367586
698	133	2	886367586
698	654	1	886367586
698	153	2	886367586
698	855	2	886367615
698	1021	1	886367615
698	525	1	886367615
698	512	4	886367644
698	491	2	886367644
698	511	2	886367693
698	465	3	886367720
698	431	1	886367750
698	505	2	886367750
698	1299	2	886367775
698	202	3	886367775
698	100	2	886367809
698	516	2	886367809
698	640	2	886367849
698	283	2	886367849
698	489	3	886367849
698	214	1	886367874
698	220	3	886367874
698	25	2	886367917
698	568	2	886367955
698	1115	2	886367955
698	428	1	886367955
698	9	3	886367956
698	607	2	886368545
698	404	1	886368545
698	22	1	886368545
698	284	1	886368545
698	479	2	886368545
698	968	1	886368545
698	121	2	886368545
288	346	5	886372155
288	340	5	886372155
288	345	5	886372155
288	300	5	886372155
288	900	5	886372155
288	887	5	886372155
870	690	2	886372265
288	305	4	886372527
288	268	4	886372812
288	294	2	886372841
288	286	4	886372862
288	258	4	886372882
288	289	3	886372937
288	880	1	886373007
288	327	1	886373007
288	688	1	886373007
288	269	5	886373071
288	69	5	886373426
288	1065	4	886373474
288	180	5	886373474
288	173	3	886373474
288	98	5	886373474
288	196	5	886373474
288	210	3	886373509
288	511	4	886373509
288	200	4	886373534
288	176	4	886373565
288	1039	2	886373565
288	527	3	886373565
288	515	4	886373591
288	632	4	886373591
288	357	5	886373591
288	157	4	886373619
288	134	2	886374129
288	132	3	886374129
288	12	4	886374130
288	22	5	886374286
288	174	4	886374286
288	528	4	886374286
288	190	1	886374286
288	318	4	886374316
288	136	5	886374316
288	214	2	886374316
288	427	5	886374342
288	651	4	886374342
288	178	5	886374342
288	64	5	886374365
288	127	5	886374451
288	211	5	886374473
288	234	4	886374473
288	182	4	886374497
288	520	5	886374497
288	317	4	886374497
288	223	3	886374497
288	50	4	886374520
811	286	5	886376983
811	292	3	886377041
811	308	4	886377082
811	690	5	886377248
811	307	4	886377248
811	304	5	886377311
811	895	5	886377311
811	258	5	886377311
811	300	5	886377373
811	289	2	886377426
811	321	3	886377483
811	294	4	886377483
811	892	4	886377530
811	301	5	886377530
811	748	3	886377579
811	323	5	886377579
811	243	3	886377579
811	315	4	886377579
811	988	4	886377686
811	678	5	886377686
811	901	4	886377771
344	751	4	886381635
344	926	2	886381985
344	122	1	886381985
344	562	2	886381985
344	319	1	886381985
344	844	1	886381985
344	1165	1	886381986
344	764	1	886381986
344	100	5	886382272
344	709	5	886382364
344	190	5	886382447
592	750	5	886394208
458	302	5	886394314
458	7	4	886394373
458	685	3	886394373
458	100	4	886394373
458	9	5	886394373
458	285	4	886394423
458	1	4	886394423
458	276	5	886394470
458	275	5	886394471
458	1011	3	886394471
458	845	3	886394527
458	284	4	886394527
458	14	5	886394576
458	844	4	886394576
458	25	1	886394576
458	744	4	886394623
458	237	4	886394623
458	117	4	886394623
458	116	4	886394623
458	288	3	886394667
458	980	5	886394667
458	129	4	886394667
458	475	4	886394729
458	126	4	886394730
458	273	4	886394730
458	742	4	886394730
458	591	3	886394730
458	283	5	886394730
458	137	5	886394730
458	619	2	886394778
458	20	4	886394778
458	410	1	886394778
458	287	4	886394822
458	124	4	886394822
458	546	3	886394863
458	13	4	886394916
458	460	4	886394916
458	405	4	886395022
458	121	1	886395022
458	473	4	886395022
458	597	3	886395022
458	147	2	886395065
458	762	3	886395065
458	823	3	886395119
458	952	2	886395119
458	1048	4	886395119
458	925	3	886395166
458	717	1	886395230
458	1067	5	886395311
458	596	4	886395350
458	21	2	886395393
458	1338	3	886395393
458	278	2	886395469
458	696	3	886395512
458	1335	1	886395565
458	531	5	886395758
458	12	5	886395758
458	57	1	886395758
458	519	4	886395899
458	648	4	886395899
458	969	4	886395899
458	8	4	886395899
458	32	4	886395963
458	1070	4	886395963
458	134	5	886395963
458	208	4	886395963
458	143	4	886396005
458	64	4	886396005
458	28	3	886396005
458	530	4	886396005
458	199	4	886396140
458	589	4	886396140
458	694	4	886396140
458	58	5	886396140
458	191	5	886396192
458	48	4	886396192
458	709	4	886396192
458	79	5	886396192
458	192	4	886396240
458	467	4	886396240
458	98	3	886396240
458	526	5	886396241
458	423	2	886396314
458	513	4	886396314
458	127	5	886396390
458	144	4	886396390
458	204	4	886396390
458	169	5	886396390
458	203	5	886396460
458	588	5	886396460
458	193	4	886396460
458	183	4	886396460
458	427	4	886396460
458	189	4	886396460
458	483	5	886396460
458	255	2	886396521
458	50	2	886396521
458	408	5	886396637
458	286	4	886396637
458	250	1	886396637
458	298	5	886396677
458	515	4	886396729
458	293	5	886396767
458	181	2	886396824
458	1226	2	886396910
458	282	2	886396958
458	174	3	886397109
458	484	5	886397109
458	474	4	886397109
458	99	4	886397110
458	753	4	886397110
458	317	5	886397155
458	603	4	886397155
458	209	4	886397155
458	1039	5	886397275
458	152	5	886397275
458	357	3	886397275
458	644	4	886397275
458	1109	4	886397318
458	195	4	886397318
458	461	4	886397377
458	956	5	886397377
458	521	4	886397377
458	469	4	886397377
458	1261	4	886397413
458	499	4	886397450
166	315	3	886397478
166	313	5	886397478
458	194	2	886397504
458	435	4	886397504
458	514	5	886397504
166	288	3	886397510
458	631	4	886397541
166	347	5	886397562
166	258	4	886397562
166	286	1	886397562
166	346	1	886397596
166	294	3	886397596
166	751	4	886397665
458	735	2	886397679
458	56	5	886397679
458	86	5	886397679
458	238	4	886397679
458	180	4	886397679
166	323	5	886397722
166	328	5	886397722
166	300	5	886397723
166	322	5	886397723
458	960	1	886397726
166	748	2	886397751
458	190	4	886397771
458	318	4	886397771
458	182	4	886397771
458	654	5	886397771
166	687	1	886397777
166	984	5	886397802
458	179	4	886397808
458	234	4	886397808
166	243	3	886397827
166	688	3	886397855
458	527	2	886397857
458	704	2	886397857
458	509	4	886397857
166	343	4	886397882
166	894	4	886397905
458	23	4	886397931
458	1101	4	886397931
458	97	1	886397931
458	69	2	886397988
458	651	3	886397988
458	792	4	886398025
458	83	4	886398071
458	529	3	886398120
458	76	4	886398121
458	939	4	886398187
458	52	4	886398187
458	178	4	886398187
112	272	5	886398204
458	387	4	886398246
458	425	3	886398246
458	663	4	886398289
458	496	3	886398289
458	517	4	886398289
458	433	4	886398289
458	632	4	886398289
458	582	1	886398488
112	302	4	886398509
458	96	4	886398543
458	430	5	886398543
458	187	5	886398543
458	736	4	886398543
112	332	4	886398611
112	888	4	886398699
696	305	4	886403578
696	286	5	886403578
696	315	5	886403578
696	347	1	886403578
696	1062	4	886403631
696	1176	4	886403631
696	302	5	886403632
696	313	3	886403672
696	344	5	886403672
696	310	4	886403673
696	899	3	886403673
696	906	3	886403769
696	311	5	886404063
696	307	5	886404144
696	327	4	886404144
696	689	1	886404208
696	883	4	886404208
696	245	4	886404208
696	748	1	886404268
696	312	4	886404322
696	523	5	886404542
696	427	5	886404542
696	178	4	886404542
696	9	5	886404617
696	520	5	886404617
696	285	4	886404617
696	124	5	886404617
696	1126	3	886404617
696	234	4	886404617
860	347	4	886424396
533	150	3	886425704
533	333	4	886425803
174	315	5	886432749
174	268	5	886432749
174	340	5	886432749
174	288	3	886432770
174	272	5	886432770
174	269	5	886432811
174	333	4	886432811
174	347	4	886432844
174	332	5	886432901
174	312	5	886432972
174	937	5	886432989
174	50	4	886433166
174	126	5	886433166
119	348	3	886433226
119	329	3	886433226
174	284	4	886433771
174	221	4	886433771
174	845	5	886433771
174	14	5	886433771
174	100	5	886433788
174	471	5	886433804
174	246	5	886433833
174	278	5	886433833
174	276	5	886433862
174	458	4	886433862
174	280	5	886433862
174	1282	5	886433862
174	244	4	886433881
174	1	3	886433898
174	111	5	886433898
174	412	1	886433919
174	147	4	886433936
174	248	5	886433981
174	846	5	886433996
174	151	3	886434013
174	237	4	886434047
174	1086	5	886434047
174	15	5	886434065
174	1028	4	886434087
174	696	4	886434087
174	742	4	886434087
174	255	5	886434114
174	476	4	886434136
174	762	5	886434136
174	117	5	886434136
174	871	1	886434166
174	118	2	886434186
174	1017	2	886434187
174	950	3	886434204
174	323	1	886434241
174	240	1	886434241
174	763	1	886434260
174	597	3	886434261
174	764	4	886434343
174	107	5	886434361
174	823	4	886434376
174	368	1	886434402
174	122	1	886434421
174	934	4	886434421
174	1254	1	886434421
174	1312	4	886434484
174	28	5	886434547
174	197	5	886434547
174	31	4	886434566
174	1262	5	886434566
174	168	1	886434621
388	298	5	886436582
388	596	4	886436661
388	628	4	886436661
388	117	5	886436756
388	121	4	886436756
388	237	5	886436813
388	1	5	886436813
388	147	4	886436871
388	508	3	886436930
388	591	4	886437039
388	100	3	886437039
388	845	4	886437163
388	111	3	886437163
388	742	5	886437163
388	9	3	886437226
388	300	4	886438122
388	313	5	886438122
388	326	5	886438122
388	315	3	886438122
388	302	5	886438122
388	690	5	886438540
388	895	4	886438540
388	310	5	886438540
388	301	4	886438602
174	12	5	886439091
174	9	5	886439492
388	258	5	886439506
388	307	4	886439506
388	288	5	886439506
174	11	5	886439516
174	132	2	886439516
174	216	5	886439516
174	239	4	886439537
174	582	4	886439537
388	333	5	886439561
388	294	4	886439561
388	328	4	886439561
388	682	4	886439808
388	680	5	886439808
388	266	5	886439918
388	259	3	886440334
92	258	4	886440479
92	124	4	886440530
92	222	4	886440557
388	871	2	886440608
388	276	2	886440608
388	98	5	886441015
388	56	3	886441015
388	218	5	886441083
388	5	4	886441083
388	200	5	886441083
388	219	5	886441083
388	773	3	886441083
388	184	4	886441083
388	672	4	886441083
388	559	5	886441133
388	53	5	886441248
388	569	5	886441248
388	816	4	886441248
388	769	3	886441306
388	678	4	886442062
388	323	4	886442062
92	295	2	886442386
92	1216	4	886442386
92	1142	4	886442422
92	845	3	886442565
92	248	4	886442565
92	596	2	886443161
92	129	4	886443161
92	249	3	886443192
92	742	3	886443192
92	763	3	886443192
92	1012	4	886443231
92	291	4	886443277
92	13	4	886443292
92	597	2	886443328
92	109	3	886443351
92	717	3	886443416
92	508	5	886443416
92	108	2	886443416
92	1079	3	886443455
92	841	3	886443455
92	363	3	886443455
92	846	3	886443471
92	1011	3	886443471
92	149	3	886443494
92	977	2	886443494
92	826	2	886443534
92	595	3	886443534
92	930	2	886443582
92	252	4	886443582
92	756	3	886443582
92	928	3	886443582
92	476	2	886443602
92	974	2	886443626
92	369	3	886443672
92	368	1	886443672
92	831	2	886443708
92	1095	2	886443728
92	93	4	886444049
141	750	1	886447564
141	346	1	886447613
141	328	4	886447679
141	872	1	886447698
141	335	1	886447735
141	330	1	886447735
141	880	1	886447847
141	984	4	886447880
141	261	1	886447904
141	259	1	886447904
450	272	5	886449009
450	328	4	886449488
174	204	4	886452552
174	98	5	886452583
174	56	5	886452583
359	286	5	886453161
174	724	5	886453169
174	70	5	886453169
359	246	3	886453214
359	1	4	886453214
359	408	5	886453239
359	748	3	886453271
359	50	5	886453271
359	181	5	886453305
359	117	4	886453305
359	455	4	886453305
359	7	5	886453325
359	295	3	886453325
359	273	4	886453325
359	405	3	886453354
359	24	3	886453354
359	298	5	886453354
359	250	4	886453354
359	546	3	886453373
359	121	4	886453373
359	118	3	886453402
359	472	4	886453402
359	831	3	886453402
359	930	4	886453402
359	323	3	886453431
359	313	5	886453450
359	270	4	886453467
359	751	4	886453467
359	268	4	886453490
642	313	5	886454784
642	231	3	886454812
642	29	5	886454812
642	254	4	886454812
642	403	4	886454812
642	398	2	886454837
642	575	3	886454901
642	156	1	886454965
642	462	4	886455357
642	812	4	886455357
642	416	5	886455469
642	89	2	886455538
758	332	4	886464043
254	313	5	886470465
254	323	3	886470765
254	259	2	886470859
254	678	3	886470859
254	892	3	886470904
254	343	2	886470904
483	538	2	886470912
254	457	2	886470931
254	50	5	886471151
254	181	5	886471151
254	15	3	886471307
254	222	4	886471346
254	257	3	886471389
254	405	3	886471522
254	265	3	886471695
254	136	4	886471695
254	174	5	886471720
254	135	5	886471880
254	612	3	886471959
254	69	5	886471959
254	496	4	886471982
254	132	4	886472022
254	163	2	886472023
254	186	3	886472023
254	172	5	886472051
254	64	4	886472051
254	211	3	886472089
254	435	3	886472089
254	199	4	886472089
254	498	4	886472115
254	504	3	886472115
254	967	3	886472139
254	210	5	886472172
254	98	4	886472201
254	419	4	886472231
254	610	2	886472291
254	655	4	886472313
254	629	2	886472337
254	28	4	886472369
254	121	3	886472369
254	196	4	886472400
254	168	1	886472400
254	230	4	886472400
254	204	4	886472434
254	679	2	886472434
254	1060	3	886472466
254	357	3	886472466
254	200	3	886472504
254	214	1	886472608
254	228	4	886472609
254	1050	3	886472609
254	526	3	886472609
254	162	3	886472643
254	143	4	886472643
254	234	4	886472713
254	183	4	886472713
254	416	4	886472713
254	71	3	886472737
254	82	4	886472767
254	164	4	886472768
254	176	3	886472768
254	423	5	886472799
254	141	3	886472836
254	465	3	886473078
254	418	3	886473078
254	699	3	886473120
254	238	3	886473120
254	133	5	886473158
254	125	3	886473158
254	432	2	886473158
254	241	4	886473190
254	99	3	886473254
254	624	2	886473254
254	584	3	886473283
254	417	3	886473408
254	1116	3	886473448
254	755	3	886473489
254	393	3	886473489
254	443	3	886473547
254	112	2	886473631
254	188	3	886473672
254	588	3	886473701
254	616	1	886473736
254	448	3	886473775
254	625	3	886473808
254	596	4	886473852
254	389	3	886473852
254	1469	3	886473929
254	102	3	886473929
254	62	3	886474009
640	1054	1	886474010
254	138	1	886474122
254	436	2	886474216
254	378	3	886474396
254	151	2	886474396
254	451	2	886474426
254	1263	1	886474426
640	14	4	886474436
640	919	5	886474436
254	380	4	886474456
254	472	3	886474456
254	142	3	886474489
640	249	4	886474493
640	150	4	886474493
640	151	4	886474515
254	21	3	886474518
640	952	4	886474538
640	1016	3	886474538
254	229	4	886474580
254	1028	2	886474619
254	649	1	886474619
254	951	4	886474619
254	379	1	886474650
254	1470	2	886474650
254	167	3	886474712
254	231	3	886474712
640	1010	3	886474753
640	126	4	886474802
254	227	4	886474806
254	843	2	886474807
254	621	3	886474807
640	827	3	886474833
254	29	2	886474847
640	1244	3	886474849
640	1258	3	886474866
640	926	3	886474913
640	369	3	886474977
254	75	1	886475004
254	768	3	886475004
254	1033	3	886475034
254	542	3	886475034
254	665	2	886475234
254	548	2	886475319
254	90	1	886475406
254	118	4	886475406
254	561	3	886475446
254	449	5	886475446
254	573	2	886475476
254	78	3	886475476
254	415	3	886475523
254	1444	3	886475558
254	1091	3	886475586
254	386	2	886475616
254	871	2	886475682
254	1133	3	886475682
254	35	2	886475755
254	384	1	886475790
254	400	3	886475790
254	441	3	886475831
254	225	3	886475952
254	554	3	886475952
254	842	3	886475952
286	329	4	886475961
254	219	1	886475980
254	577	1	886476092
254	103	2	886476123
254	575	3	886476165
254	240	1	886476165
254	501	3	886476281
387	268	3	886479430
387	333	3	886479484
387	7	5	886479528
387	23	2	886479528
387	195	4	886479528
387	531	3	886479528
387	101	4	886479528
387	127	4	886479575
387	113	4	886479575
387	1115	3	886479575
387	1198	3	886479575
387	919	5	886479575
387	168	5	886479610
387	191	4	886479610
387	318	3	886479610
387	181	4	886479610
387	56	5	886479649
387	144	3	886479649
387	153	4	886479649
387	55	3	886479649
387	651	2	886479689
387	152	1	886479690
387	508	4	886479690
387	357	5	886479690
387	32	5	886479737
387	746	1	886479737
387	180	4	886479737
387	223	5	886479771
387	204	2	886479771
387	175	5	886479771
387	8	4	886480108
387	50	5	886480108
387	211	4	886480108
387	488	3	886480163
387	650	2	886480163
387	969	3	886480163
387	588	3	886480163
387	474	5	886480163
387	194	3	886480206
387	172	4	886480206
387	64	3	886480206
387	183	4	886480206
387	116	3	886480206
387	209	5	886480206
387	718	4	886480206
387	98	4	886480244
387	83	4	886480244
387	136	3	886480288
387	135	5	886480288
387	173	4	886480288
387	1019	4	886480288
387	1069	2	886480288
387	320	4	886480325
387	847	3	886480325
387	659	4	886480325
387	11	3	886480325
387	655	3	886480352
387	198	4	886480352
387	432	4	886480353
387	47	4	886480384
387	174	5	886480384
387	558	4	886480384
387	205	5	886480384
387	69	3	886480413
387	520	4	886480446
387	176	3	886480446
387	96	4	886480447
387	593	3	886480483
387	435	3	886480483
387	133	2	886480483
387	208	3	886480484
387	844	5	886480484
387	496	3	886480515
387	514	3	886480515
387	186	2	886480515
387	42	4	886480548
387	603	4	886480548
387	129	5	886480583
387	1007	5	886480623
387	1187	4	886480623
387	246	3	886480623
387	1143	5	886480623
387	298	3	886480623
387	1129	4	886480623
387	1097	3	886480657
387	475	3	886480657
387	1537	4	886480681
387	1	4	886480681
387	224	5	886480703
387	93	5	886480703
387	676	1	886480733
387	477	1	886480733
387	515	5	886480755
387	13	4	886480788
387	117	3	886480788
387	410	3	886480789
387	20	4	886480789
387	1014	3	886480789
387	744	3	886480818
387	295	3	886480818
387	258	4	886480818
395	315	5	886480875
387	1199	5	886480970
387	250	4	886480970
387	532	3	886480970
387	123	3	886480970
387	324	4	886481002
387	107	3	886481002
387	293	4	886481002
387	1128	4	886481033
387	473	4	886481033
387	1011	3	886481033
387	277	4	886481033
387	109	4	886481073
387	1012	4	886481073
387	147	2	886481073
387	222	4	886481073
387	619	1	886481073
387	455	4	886481105
387	742	2	886481105
395	240	1	886481149
395	273	2	886481149
395	1028	2	886481149
395	739	3	886481149
395	288	2	886481149
395	596	2	886481149
395	1060	2	886481149
387	248	4	886481151
387	1538	3	886481151
387	273	4	886481151
387	1008	4	886481183
387	458	1	886481183
387	1134	1	886481183
387	151	3	886481228
387	10	4	886481228
387	121	2	886481228
387	25	2	886481271
387	184	3	886481634
387	200	5	886481686
387	448	3	886481686
387	674	2	886481686
387	219	2	886481686
387	854	5	886481686
387	672	2	886481687
387	447	4	886481687
387	218	3	886481687
387	217	3	886481687
387	559	3	886481737
387	569	2	886481737
387	567	2	886481737
387	436	4	886481737
387	53	4	886481737
387	774	3	886481737
387	441	1	886481800
387	564	1	886481800
387	446	2	886481800
387	444	4	886481800
387	551	2	886481800
387	561	3	886481800
387	773	4	886481800
387	769	1	886481851
387	665	2	886481851
387	563	2	886481851
387	202	3	886482695
387	1118	3	886482695
387	430	3	886482882
387	663	4	886482883
387	367	3	886482883
387	516	3	886482928
387	210	4	886482928
387	692	1	886482928
387	238	5	886482928
387	789	4	886482928
387	399	3	886482969
387	428	4	886482969
387	790	1	886482969
387	414	4	886482969
387	381	4	886482969
387	4	3	886482969
387	731	1	886482969
387	393	2	886483009
387	1110	2	886483009
387	89	5	886483048
387	182	5	886483048
387	79	4	886483049
387	22	5	886483049
387	511	3	886483049
387	265	4	886483049
387	39	3	886483049
387	187	4	886483049
387	583	4	886483098
387	82	4	886483098
387	33	3	886483098
387	92	4	886483098
387	568	2	886483099
387	68	4	886483099
387	530	4	886483099
387	684	3	886483099
387	403	3	886483099
387	431	3	886483150
387	385	3	886483150
387	526	4	886483150
387	190	5	886483150
387	233	3	886483151
387	188	5	886483151
387	518	4	886483151
387	231	3	886483194
387	241	1	886483194
387	230	3	886483194
387	566	3	886483194
387	679	5	886483194
387	2	4	886483195
387	227	4	886483195
387	229	2	886483195
387	578	2	886483252
387	161	1	886483252
387	226	3	886483252
387	62	2	886483252
387	550	2	886483252
387	29	1	886483252
387	27	1	886483252
387	232	2	886483289
387	31	3	886483330
387	513	5	886483330
387	203	4	886483330
387	943	4	886483357
387	581	4	886483394
387	642	4	886483395
387	206	4	886483429
387	52	5	886483497
387	582	3	886483497
387	463	4	886483526
387	1018	3	886483526
387	580	5	886483565
387	61	3	886483565
387	189	5	886483619
387	1240	5	886483620
387	99	5	886483620
387	768	1	886483620
387	501	4	886483620
387	95	2	886483620
387	71	2	886483620
387	418	3	886483669
387	625	2	886483669
387	91	4	886483669
387	102	3	886483669
387	1091	1	886483670
387	1078	1	886483670
276	649	4	886483691
276	581	4	886483710
387	48	4	886483753
387	214	5	886483753
387	461	5	886483753
387	772	4	886483782
387	178	3	886483824
387	641	5	886483824
387	806	1	886483824
387	197	2	886483824
387	199	4	886483858
387	97	2	886483859
387	972	2	886483859
387	697	1	886483906
387	215	2	886483906
387	521	3	886483906
387	317	4	886483906
387	528	4	886483906
387	81	3	886483906
387	942	4	886483906
387	28	5	886483939
387	1166	3	886483939
387	239	1	886483970
387	434	5	886483970
387	470	3	886483970
387	46	3	886484011
387	735	2	886484012
387	953	2	886484012
387	196	2	886484012
387	549	5	886484012
387	423	3	886484065
387	58	4	886484065
387	193	5	886484065
387	429	3	886484065
387	727	5	886484098
387	737	3	886484098
387	380	2	886484098
387	856	5	886484124
387	715	5	886484157
387	732	1	886484215
387	76	3	886484215
387	12	5	886484336
387	845	4	886484336
387	192	5	886484336
387	100	5	886484336
387	693	5	886484336
387	114	5	886484336
387	169	5	886484336
387	156	5	886484336
387	179	5	886484336
387	228	5	886484336
387	319	1	886484384
387	321	3	886484384
387	288	3	886484385
387	286	2	886484385
387	289	1	886484413
387	294	2	886484413
387	984	1	886484460
387	243	1	886484460
387	678	3	886484460
387	325	2	886484460
387	408	4	886484492
387	24	5	886484522
387	952	5	886484561
387	547	4	886484561
387	201	5	886484631
174	648	5	886513648
174	371	5	886513674
174	716	5	886513674
174	553	5	886513674
174	66	5	886513706
174	381	5	886513706
174	739	5	886513729
174	747	5	886513729
174	402	5	886513729
174	202	5	886513729
174	949	5	886513729
174	451	5	886513752
174	88	5	886513752
174	662	5	886513752
174	155	4	886513767
174	49	4	886513788
174	1041	5	886513788
174	781	4	886513788
174	722	4	886513896
174	178	5	886513947
174	125	5	886514069
174	87	5	886514089
174	196	5	886514108
174	162	5	886514108
174	65	5	886514123
174	124	5	886514168
174	655	5	886514168
174	69	5	886514201
174	699	5	886514220
174	215	5	886514220
174	708	5	886514243
174	660	5	886514261
174	423	2	886514276
174	546	3	886514323
174	1053	5	886514358
174	953	5	886514377
174	160	5	886514377
174	715	3	886514397
174	1221	5	886514398
174	1311	3	886514430
174	723	5	886514448
174	29	2	886514469
174	1074	4	886514529
174	1139	2	886514651
174	433	5	886514757
174	210	4	886514788
174	393	4	886514837
174	721	2	886514889
174	158	2	886514921
174	167	3	886514953
174	63	4	886514985
174	40	4	886514985
174	780	1	886515030
174	1001	1	886515030
174	94	2	886515062
174	41	1	886515063
174	401	1	886515063
174	396	1	886515104
174	384	1	886515121
174	67	1	886515130
174	386	1	886515130
174	395	1	886515154
174	383	1	886515171
174	862	1	886515172
174	21	1	886515209
174	80	1	886515210
174	1230	1	886515210
174	575	1	886515239
174	364	1	886515240
174	456	1	886515240
174	369	1	886515272
174	571	1	886515295
174	577	1	886515295
174	407	1	886515295
174	388	1	886515335
174	988	1	886515335
174	99	3	886515457
174	143	5	886515457
174	82	1	886515472
174	417	4	886515490
174	140	4	886515514
174	1035	4	886515532
174	623	3	886515532
174	843	2	886515551
174	951	1	886515551
174	768	1	886515569
174	139	3	886515591
174	1091	3	886515591
174	1033	1	886515591
174	415	3	886515591
174	1032	3	886515591
99	1	4	886518459
99	329	4	886518562
99	348	4	886518562
99	290	4	886518628
99	182	4	886518810
99	66	3	886519047
99	232	4	886519075
99	367	4	886519075
99	4	5	886519097
348	313	5	886522495
348	288	5	886522495
348	323	5	886522579
348	294	4	886522658
348	243	3	886522740
348	245	4	886522765
348	988	3	886522799
348	237	4	886523078
348	1	4	886523078
348	742	4	886523078
348	405	4	886523174
348	100	4	886523207
348	117	4	886523256
348	546	3	886523256
348	628	4	886523256
348	7	4	886523302
348	15	4	886523330
348	111	5	886523330
348	924	4	886523361
348	123	5	886523361
348	147	5	886523361
348	827	4	886523387
348	1120	3	886523387
348	596	4	886523456
348	151	3	886523456
348	276	3	886523456
348	477	3	886523521
348	25	4	886523521
348	121	5	886523521
348	406	4	886523521
348	685	4	886523560
348	412	2	886523560
348	1028	4	886523560
348	473	3	886523560
348	126	5	886523560
348	118	4	886523588
348	370	4	886523621
348	1060	3	886523621
348	225	3	886523645
348	926	3	886523683
348	974	4	886523683
348	928	5	886523683
348	409	4	886523710
348	819	4	886523710
348	756	4	886523735
348	476	4	886523735
348	369	3	886523758
348	472	4	886523758
348	1061	5	886523790
348	291	4	886523790
348	411	4	886523790
348	975	4	886523813
348	107	4	886523813
348	934	4	886523839
348	240	3	886523839
348	368	3	886523876
348	834	4	886523913
348	831	4	886523913
542	315	4	886532120
542	346	3	886532149
542	288	2	886532149
542	347	3	886532176
542	50	4	886532209
542	509	4	886532209
542	684	4	886532238
542	265	4	886532238
542	237	4	886532238
542	172	4	886532265
542	479	4	886532265
542	173	4	886532265
542	195	3	886532294
542	427	5	886532294
542	89	4	886532294
542	127	5	886532294
542	202	3	886532314
542	22	3	886532314
542	191	5	886532338
542	475	3	886532359
542	181	4	886532359
542	246	3	886532359
542	121	2	886532381
542	109	4	886532416
542	100	4	886532432
542	249	4	886532432
542	273	3	886532466
542	293	3	886532466
542	1	4	886532534
542	194	4	886532534
542	496	4	886532534
542	357	5	886532534
542	432	5	886532552
542	69	4	886532552
542	179	4	886532571
542	58	4	886532571
542	180	3	886532602
542	318	4	886532602
542	23	5	886532602
542	168	4	886532602
542	206	2	886532602
542	132	3	886532620
542	87	3	886532676
542	423	4	886532676
542	744	2	886532676
542	210	3	886532706
542	56	5	886532706
542	238	4	886532706
542	42	3	886532726
542	382	3	886532726
542	88	3	886532727
542	508	3	886532762
542	209	4	886532762
542	1218	3	886532762
542	175	3	886532762
542	204	3	886532762
542	523	4	886532788
542	695	2	886532788
542	70	4	886532788
542	435	4	886532818
542	1098	4	886532818
542	72	3	886532818
542	433	3	886532838
542	746	4	886532838
542	47	5	886532855
542	367	4	886532881
542	208	4	886532881
542	655	4	886532908
542	8	3	886532908
542	150	2	886532908
542	186	4	886532909
542	789	3	886532909
542	321	4	886532928
542	319	3	886532950
542	648	4	886532950
83	319	1	886532955
542	451	3	886532971
542	410	4	886532971
542	959	3	886532971
542	13	4	886533002
542	780	3	886533003
542	721	2	886533003
542	94	3	886533021
542	866	2	886533046
542	386	3	886533046
542	41	4	886533068
542	585	2	886533068
542	63	3	886533090
542	790	3	886533090
542	396	4	886533112
542	818	4	886533112
542	864	3	886533112
542	393	3	886533142
542	871	2	886533142
542	80	3	886533142
542	240	3	886533142
542	399	2	886533172
542	1059	4	886533193
542	401	3	886533193
542	952	4	886533193
542	732	3	886533227
542	73	3	886533227
542	90	4	886533227
542	384	3	886533227
542	235	3	886533228
542	763	4	886533253
542	122	3	886533253
542	775	2	886533253
542	411	4	886533275
542	1061	2	886533275
542	734	3	886533303
542	187	4	886533395
542	693	4	886533395
542	192	5	886533421
542	64	4	886533421
542	282	3	886533452
542	214	3	886533452
542	28	4	886533452
542	48	5	886533452
542	531	4	886533452
542	196	4	886533452
542	15	2	886533483
542	95	3	886533562
542	588	4	886533562
542	418	4	886533562
542	71	3	886533562
542	501	4	886533562
542	99	5	886533587
542	420	3	886533587
542	625	3	886533588
542	627	3	886533604
542	772	4	886533694
542	11	2	886533710
542	97	4	886533754
542	12	4	886533774
542	230	4	886533774
83	56	1	886534501
83	748	2	886534501
83	122	1	886534501
83	364	1	886534501
83	35	1	886534501
851	895	3	886534529
851	328	3	886534572
851	880	3	886534617
851	299	4	886534617
851	892	2	886534635
851	266	3	886534672
851	681	1	886534672
851	680	3	886534717
851	1598	3	886534882
152	785	5	886535773
152	794	5	886535773
152	66	5	886535773
152	845	3	886535827
152	1300	4	886535827
711	905	3	886559521
699	978	4	886568066
699	106	3	886568066
699	983	3	886568097
699	764	3	886568162
642	794	4	886568429
642	468	3	886568479
642	951	3	886568618
642	1469	4	886568725
642	155	3	886568726
642	141	4	886568744
642	151	3	886568791
642	417	3	886568791
642	739	5	886568838
642	1473	4	886568874
642	622	4	886568941
642	699	5	886568959
642	560	4	886568978
642	1032	4	886569012
642	404	3	886569122
642	966	5	886569140
642	581	2	886569209
642	1531	3	886569226
642	140	3	886569257
642	400	4	886569278
642	1033	3	886569278
642	1133	3	886569295
642	447	4	886569328
642	552	4	886569347
642	142	4	886569380
642	139	1	886569417
642	444	1	886569417
642	1055	4	886569483
642	569	2	886569538
642	775	4	886569570
642	217	2	886569659
642	843	3	886569682
642	452	1	886569699
642	1311	3	886569715
642	1140	4	886569732
642	974	3	886569765
642	998	3	886569765
642	1415	4	886569783
642	1413	3	886569809
642	377	3	886569809
642	1152	5	886569828
642	940	2	886569847
642	565	4	886569870
642	577	4	886569870
642	1480	1	886569922
642	365	4	886569922
642	441	1	886569942
642	225	4	886569942
642	734	3	886569960
642	623	4	886570010
642	35	2	886570027
642	383	5	886570062
642	78	3	886570084
642	1146	1	886570084
642	726	2	886570131
642	1030	4	886570173
642	795	4	886570173
642	138	4	886570173
532	352	3	886585109
892	300	4	886607521
892	357	5	886607568
892	484	5	886607568
892	318	5	886607641
892	100	5	886607642
892	483	5	886607642
892	648	4	886607642
892	393	4	886607679
892	195	5	886607710
892	523	5	886607711
892	172	5	886607743
892	291	4	886607744
892	173	5	886607778
892	168	4	886607778
892	480	4	886607844
892	28	4	886607845
892	641	5	886607845
892	127	5	886607878
892	588	5	886607879
892	191	5	886607879
892	708	4	886607879
892	8	5	886607879
892	98	5	886607912
892	705	4	886607912
892	525	5	886607957
892	431	4	886607957
892	56	4	886607957
892	1269	5	886607958
892	385	3	886608000
892	12	5	886608022
892	222	4	886608094
892	228	3	886608095
892	202	4	886608135
892	649	5	886608135
892	482	5	886608136
892	596	3	886608136
892	150	5	886608136
892	423	5	886608185
892	188	5	886608185
892	1	5	886608185
892	181	4	886608212
892	671	5	886608212
892	15	4	886608237
892	143	2	886608238
892	516	5	886608263
892	521	5	886608263
892	511	5	886608296
892	604	5	886608296
892	238	4	886608296
892	692	4	886608296
892	430	5	886608296
892	497	4	886608347
892	64	4	886608347
892	71	3	886608348
892	969	4	886608380
892	265	4	886608380
892	515	5	886608380
892	194	4	886608423
892	1124	4	886608423
892	661	5	886608473
892	7	4	886608473
892	81	3	886608473
892	192	5	886608473
892	210	4	886608507
892	177	4	886608507
892	182	5	886608507
892	429	4	886608559
892	175	4	886608559
892	276	4	886608559
892	582	3	886608559
892	134	5	886608591
892	479	5	886608616
892	174	5	886608616
892	478	5	886608616
892	186	3	886608643
892	135	5	886608643
892	31	4	886608643
892	1035	3	886608643
892	178	5	886608681
892	183	5	886608681
892	273	4	886608681
892	659	4	886608681
892	176	5	886608681
892	187	5	886608682
892	613	5	886608714
892	204	4	886608714
892	89	5	886608714
892	22	5	886608714
892	837	5	886608743
892	215	4	886608743
892	684	5	886608743
892	95	4	886608770
892	526	4	886608771
892	237	4	886608802
892	50	5	886608802
892	97	5	886608802
892	70	4	886608802
892	132	5	886608897
892	129	3	886608897
892	214	2	886608897
892	11	3	886608897
892	213	3	886608942
892	425	5	886608977
892	96	4	886608977
892	2	4	886609006
892	216	5	886609028
892	157	5	886609029
892	615	5	886609029
892	208	4	886609029
892	133	3	886609149
892	82	3	886609149
892	601	5	886609149
892	435	4	886609149
892	144	5	886609179
892	380	4	886609180
892	495	4	886609218
892	87	5	886609263
892	401	3	886609264
892	487	5	886609295
892	465	4	886609295
892	151	4	886609330
892	663	5	886609330
892	760	3	886609330
892	136	4	886609365
892	162	4	886609390
892	203	5	886609390
892	1285	4	886609435
892	155	2	886609435
892	496	5	886609435
892	578	4	886609469
892	739	4	886609469
892	58	4	886609469
892	227	4	886609520
892	419	3	886609520
892	477	4	886609551
892	612	5	886609551
892	633	4	886609551
892	79	5	886609622
892	500	5	886609622
892	196	4	886609622
892	180	5	886609622
892	631	4	886609726
892	763	2	886609726
892	184	4	886609726
892	1224	4	886609792
892	153	5	886609793
892	230	4	886609793
892	25	4	886609828
892	54	3	886609828
892	239	4	886609829
892	121	4	886609829
892	636	4	886609884
892	88	4	886609884
892	1118	3	886609939
892	72	4	886609939
892	405	4	886609977
892	159	4	886609977
892	76	4	886609977
892	470	4	886609977
892	768	4	886609977
892	229	3	886610011
892	481	5	886610011
892	62	4	886610011
892	69	5	886610048
892	755	4	886610048
892	679	3	886610049
892	233	5	886610049
892	90	2	886610078
892	102	3	886610078
892	781	4	886610137
892	378	4	886610137
892	49	4	886610173
892	845	4	886610174
892	447	3	886610174
892	729	4	886610174
892	226	3	886610201
892	436	3	886610201
892	1444	3	886610267
892	420	2	886610267
892	441	3	886610267
892	1454	3	886610267
892	566	4	886610318
892	321	5	886610341
892	849	2	886610341
892	797	4	886610372
892	403	3	886610372
892	274	4	886610451
892	131	4	886610451
892	568	4	886610451
892	63	4	886610480
892	732	4	886610480
892	67	4	886610480
892	826	2	886610523
892	73	3	886610523
892	110	3	886610523
892	472	3	886610523
892	29	2	886610565
892	449	2	886610565
892	625	3	886610565
892	570	3	886610566
892	1078	3	886610566
892	125	4	886610588
892	367	4	886610588
892	417	3	886610588
892	288	4	886610626
892	951	4	886610649
892	118	4	886610649
892	825	4	886610682
892	27	4	886610682
892	765	2	886610840
892	284	5	886610840
892	576	4	886610840
892	946	3	886610996
892	99	3	886610996
892	422	1	886610996
892	418	4	886610996
892	432	4	886610996
892	501	3	886611023
892	473	3	886611023
892	542	1	886611023
892	820	3	886611079
892	1091	2	886611079
892	1219	2	886611079
892	117	4	886611161
892	68	4	886611162
892	5	4	886611354
119	272	5	886611471
450	923	5	886612198
450	1160	5	886612330
378	295	3	886614274
810	333	5	886614819
810	876	3	886614969
375	300	4	886621795
375	302	5	886621795
375	288	4	886621795
375	603	4	886621917
375	525	4	886621917
375	176	4	886621917
375	183	5	886621917
375	234	5	886621917
375	185	5	886621950
375	1073	2	886621950
375	566	4	886621985
375	773	3	886621985
375	233	4	886621985
375	443	4	886622024
375	77	4	886622024
375	39	3	886622024
375	218	3	886622024
375	939	3	886622024
375	684	4	886622066
375	5	4	886622066
375	356	4	886622131
375	1046	2	886622131
375	573	4	886622131
375	770	3	886622131
375	1217	4	886622131
375	44	3	886622131
375	583	2	886622131
375	761	3	886622131
170	326	5	886623057
170	678	4	886623680
170	259	3	886623680
530	220	5	886628953
530	237	4	886629307
288	177	3	886629528
288	216	4	886629592
288	199	4	886629592
288	230	2	886629664
288	175	1	886629664
288	100	5	886629749
288	97	4	886629750
829	268	4	886631672
771	313	3	886635643
771	873	3	886635816
771	289	4	886640547
771	294	4	886640547
771	304	5	886640562
771	892	5	886640606
771	243	3	886640629
758	896	5	886658068
178	783	4	886678484
178	540	3	886678484
178	881	2	886678484
178	876	2	886678484
178	1300	3	886678518
178	873	3	886678647
178	260	1	886678700
178	147	4	886678902
825	326	4	886696420
825	321	3	886697076
598	691	2	886710330
598	347	3	886710330
598	751	3	886710494
598	269	3	886710494
598	308	4	886710612
598	300	4	886710671
598	292	4	886710735
598	690	3	886710735
598	343	2	886710795
598	259	3	886710977
598	895	2	886710977
598	748	4	886711034
598	260	3	886711034
598	243	2	886711192
598	323	4	886711452
598	313	5	886711452
598	898	4	886711452
598	312	5	886711452
598	538	4	886711452
598	750	5	886711452
598	258	5	886711452
598	349	4	886711452
598	286	5	886711452
598	350	4	886711452
598	22	5	886711521
434	347	1	886724329
434	287	5	886724359
434	151	5	886724453
434	15	3	886724453
434	1051	3	886724453
434	225	4	886724453
434	7	1	886724505
434	283	3	886724505
434	844	3	886724505
434	111	5	886724540
434	9	1	886724563
434	1	4	886724590
434	1152	5	886724633
434	275	3	886724633
434	121	4	886724666
434	125	5	886724708
434	1060	3	886724733
434	237	5	886724754
434	471	2	886724797
434	288	5	886724797
434	148	3	886724797
434	274	5	886724797
434	147	3	886724822
434	118	5	886724873
434	975	5	886724873
434	411	5	886724873
434	763	5	886724873
434	819	3	886724873
434	220	5	886724873
434	628	1	886724873
434	928	5	886724913
434	1197	5	886724913
434	424	1	886724913
434	833	4	886724914
434	1095	5	886724940
434	477	5	886724940
434	974	5	886724940
434	815	4	886724972
434	369	4	886724972
434	743	1	886725027
434	406	3	886725027
434	756	2	886725027
434	476	4	886725076
434	546	5	886725076
758	353	4	886743253
924	6	4	886759441
924	562	3	886759657
924	196	4	886759657
924	9	4	886759657
924	1036	2	886759690
924	1478	4	886759691
924	519	4	886759888
924	402	3	886759965
924	2	3	886759997
924	429	4	886760020
924	202	4	886760020
924	96	4	886760020
924	849	3	886760052
924	1011	3	886760052
924	121	4	886760071
99	780	5	886780007
99	433	4	886780105
99	273	5	886780105
99	931	2	886780147
195	887	4	886782489
195	508	3	886782519
640	269	5	886803575
528	845	3	886812857
528	181	5	886812857
528	258	4	886812857
528	250	3	886812886
528	1254	3	886812920
528	109	4	886812980
528	422	2	886813066
528	427	4	886813104
528	410	4	886813104
739	286	2	886825020
739	288	1	886825083
739	751	3	886825083
739	333	4	886825227
739	100	5	886825383
739	749	5	886825529
739	1431	5	886825529
739	301	5	886825529
739	1429	5	886825529
739	327	5	886825529
739	359	5	886825529
661	313	4	886829961
661	304	2	886829961
661	538	3	886830056
936	313	4	886831374
936	272	4	886831374
936	258	3	886831374
936	269	4	886831415
936	904	5	886831415
936	333	3	886831415
936	268	4	886831415
936	346	4	886831445
936	327	4	886831445
936	300	3	886831501
936	898	1	886831535
936	340	4	886831535
936	343	3	886831576
936	319	4	886831576
936	324	5	886831576
936	995	3	886831637
936	301	3	886831637
936	294	3	886831679
936	259	3	886831709
936	325	5	886831709
936	748	2	886831738
936	321	3	886831769
936	289	5	886831769
936	678	3	886831820
936	243	2	886831820
936	323	3	886831820
936	358	4	886831820
936	312	3	886831853
936	988	3	886831912
936	19	5	886832092
936	100	4	886832092
936	129	4	886832134
936	1086	3	886832134
936	275	4	886832134
936	251	4	886832134
936	298	4	886832134
936	1377	5	886832183
936	1344	5	886832183
936	236	5	886832183
936	285	4	886832221
936	1202	4	886832221
936	7	4	886832221
936	813	5	886832222
936	246	4	886832282
936	508	3	886832282
936	276	5	886832282
936	50	4	886832282
936	124	4	886832282
936	475	5	886832282
936	1368	5	886832337
936	250	5	886832337
936	9	4	886832373
936	14	4	886832373
936	221	4	886832373
936	591	4	886832373
936	287	4	886832419
936	273	3	886832453
936	1	4	886832453
936	253	5	886832454
936	825	4	886832502
936	928	3	886832502
936	295	3	886832502
936	137	4	886832544
936	121	4	886832544
936	476	4	886832544
936	13	4	886832596
936	16	4	886832596
936	181	4	886832596
936	1375	5	886832596
936	766	3	886832597
936	111	4	886832597
936	6	5	886832636
936	116	4	886832636
936	237	4	886832672
936	117	4	886832713
936	1079	1	886832714
936	282	2	886832714
936	975	3	886832714
936	1011	4	886832757
936	125	4	886832757
936	1171	5	886832757
936	108	4	886832758
936	628	1	886832758
936	249	5	886832808
936	1241	4	886832808
936	257	3	886832808
936	741	4	886832808
936	919	5	886832808
936	274	3	886832858
936	1115	4	886832859
936	281	4	886832903
936	818	4	886832903
936	24	4	886832904
936	1068	4	886832904
936	952	4	886832966
936	1016	3	886832966
936	248	4	886833006
936	845	4	886833006
936	535	2	886833052
936	927	4	886833052
936	756	4	886833052
936	405	2	886833053
936	1008	5	886833098
936	866	2	886833099
936	1163	5	886833099
936	410	3	886833099
936	252	2	886833099
936	244	4	886833099
936	235	3	886833099
936	3	4	886833148
936	1226	3	886833148
936	106	3	886833148
936	455	3	886833148
936	1199	4	886833148
936	926	4	886833191
936	827	2	886833191
936	696	2	886833191
936	1315	3	886833191
936	1009	4	886833231
936	25	4	886833231
936	1323	4	886833281
936	1258	2	886833281
936	717	2	886833325
936	1335	4	886833325
936	864	4	886833360
936	1279	3	886833360
936	118	3	886833516
936	1014	3	886833571
936	1370	4	886833571
936	815	3	886833571
936	1023	2	886833661
936	1190	3	886833707
936	286	5	886833794
936	1129	5	886833795
936	547	5	886833795
936	127	5	886833795
936	20	5	886833795
936	1097	5	886833795
936	1160	5	886833795
936	93	5	886833795
936	255	5	886833795
936	1007	5	886833795
379	271	3	886835602
379	177	4	886835699
661	751	4	886840577
661	676	4	886841222
661	117	4	886841250
661	298	3	886841348
661	249	3	886841443
661	280	3	886841562
661	709	4	886841685
661	425	4	886841714
661	132	5	886841714
661	131	3	886841714
661	79	5	886841798
661	631	3	886841831
661	58	4	886841865
661	506	3	886841865
661	1045	3	886841865
870	490	3	886883147
870	640	3	886883147
870	258	4	886883539
157	313	5	886889616
157	340	5	886889616
157	268	5	886889729
157	273	5	886889876
157	137	5	886889876
157	276	4	886889876
157	255	3	886889876
157	298	4	886889876
157	289	4	886889876
157	269	4	886889876
157	740	2	886889876
157	111	3	886889876
157	748	2	886890015
157	258	3	886890296
157	250	1	886890296
157	117	5	886890296
157	1016	5	886890341
157	405	3	886890342
157	147	5	886890342
157	685	3	886890372
157	244	5	886890406
157	597	3	886890406
157	118	2	886890439
157	127	5	886890541
157	50	4	886890541
157	100	5	886890650
157	475	3	886890650
157	93	3	886890692
157	283	4	886890692
157	508	5	886890712
157	3	3	886890734
157	25	3	886890787
157	290	4	886890787
157	274	4	886890835
157	1051	4	886890835
157	410	4	886890855
157	934	2	886890878
157	1132	3	886891132
157	1258	5	886891132
157	476	1	886891173
157	1283	2	886891173
157	1244	3	886891194
157	407	4	886891218
157	120	1	886891243
288	593	2	886892127
288	276	4	886892127
288	15	4	886892177
288	237	4	886892195
288	1358	5	886892241
288	544	5	886892241
288	13	5	886892241
288	121	2	886893063
288	742	3	886893063
609	313	5	886894637
609	258	3	886894677
609	288	2	886894677
609	285	5	886894879
609	287	5	886894940
609	147	1	886895016
609	15	5	886895150
609	125	4	886895193
609	294	2	886895346
609	750	4	886895397
609	304	5	886895436
609	319	1	886895516
609	877	5	886895649
609	352	1	886895699
609	908	1	886895699
609	259	1	886895763
609	538	1	886895795
609	878	1	886895827
609	894	1	886895852
609	901	1	886895886
609	243	1	886895886
609	948	1	886895886
609	890	1	886895914
609	314	1	886895941
609	408	5	886896185
609	1	1	886896185
609	1012	1	886896237
609	475	2	886896281
595	346	4	886920576
595	268	4	886920576
595	288	3	886920602
595	258	4	886920602
595	289	4	886920602
595	324	3	886920632
595	748	2	886920655
595	358	2	886920714
595	294	2	886920748
595	304	3	886920774
595	325	3	886920774
595	880	3	886920819
595	330	4	886920819
595	678	1	886920819
595	948	3	886920919
595	336	2	886920966
595	922	4	886921036
595	246	4	886921068
595	129	3	886921088
595	50	5	886921112
595	100	4	886921112
595	273	3	886921140
595	676	2	886921140
595	298	4	886921166
595	475	5	886921166
595	275	4	886921166
595	127	5	886921199
595	508	5	886921199
595	1142	5	886921199
595	181	5	886921199
595	14	5	886921223
595	744	3	886921274
595	222	3	886921274
595	410	4	886921315
595	237	3	886921315
595	591	4	886921344
595	282	4	886921344
595	1059	4	886921344
595	109	2	886921365
595	255	3	886921392
595	235	3	886921392
595	1134	5	886921392
595	15	4	886921423
595	952	5	886921424
595	240	3	886921424
595	411	3	886921448
595	845	3	886921448
595	151	5	886921475
595	1028	3	886921475
595	111	4	886921496
595	742	2	886921521
595	121	2	886921550
595	763	3	886921551
595	815	3	886921584
595	274	3	886921584
595	1009	4	886921584
595	825	2	886921606
595	108	2	886921634
595	597	2	886921634
595	291	3	886921656
595	544	3	886921699
595	460	4	886921699
595	929	2	886921722
595	824	3	886921748
595	290	4	886921748
595	1165	1	886921748
595	1047	2	886921769
595	1312	3	886921787
595	826	1	886921819
595	1259	3	886921819
595	928	3	886921820
595	1094	3	886921820
595	472	3	886921847
595	979	3	886921847
595	930	2	886921870
595	820	2	886921870
595	994	4	886921897
595	926	1	886921897
595	871	2	886921945
595	986	2	886921945
595	1061	3	886921945
595	368	1	886921977
595	1023	1	886921977
595	369	3	886921977
595	717	2	886921977
595	1010	4	886922069
595	9	4	886922069
595	762	4	886922069
595	293	4	886922069
595	546	4	886922069
595	844	4	886922069
595	3	4	886922069
595	864	4	886922069
595	1067	4	886922069
595	547	4	886922069
13	619	3	886952245
13	329	2	886952246
13	348	2	886952246
13	897	1	886952422
13	341	2	886952422
13	882	3	886952438
13	334	1	886952467
13	683	1	886952521
13	752	1	886952569
9	242	4	886958715
9	340	4	886958715
739	216	4	886958831
739	168	1	886958831
739	318	4	886958831
739	661	2	886958831
739	22	5	886958860
739	197	1	886958860
739	50	4	886958895
739	526	5	886958895
739	56	4	886958938
739	79	4	886958938
739	172	4	886958938
739	176	1	886958938
739	498	4	886958939
739	195	5	886958939
739	55	1	886958972
739	98	3	886958972
739	96	5	886959039
739	465	1	886959039
739	969	1	886959039
739	132	4	886959039
739	603	4	886959069
739	69	5	886959069
739	97	5	886959115
739	187	4	886959115
9	402	4	886959343
9	507	4	886959343
9	521	4	886959343
9	479	4	886959343
9	690	1	886959344
9	615	4	886959344
9	527	3	886959344
9	276	4	886959423
9	294	4	886959453
9	7	4	886960030
9	691	5	886960055
9	385	5	886960055
9	201	5	886960055
9	298	5	886960055
9	286	5	886960055
9	50	5	886960055
9	371	5	886960055
9	6	5	886960055
9	483	5	886960056
9	487	5	886960056
576	294	3	886960098
576	678	3	886960535
576	323	3	886960604
116	349	2	886977905
116	350	3	886977926
116	311	3	886978067
116	313	5	886978155
576	100	4	886984965
576	124	4	886985002
576	280	5	886985003
576	237	4	886985003
576	7	5	886985003
576	1	4	886985079
576	15	4	886985104
576	125	4	886985177
576	137	3	886985695
576	763	3	886985695
576	275	3	886985695
576	815	3	886985695
576	319	3	886985695
576	471	4	886986237
576	825	4	886986304
576	70	5	886986361
576	435	4	886986400
576	514	5	886986400
576	210	4	886986400
576	56	3	886986444
576	208	3	886986445
576	381	3	886986445
576	204	4	886986445
110	288	4	886987145
110	272	4	886987145
110	340	3	886987183
110	313	5	886987183
110	258	4	886987183
110	751	3	886987183
110	905	3	886987236
110	307	4	886987260
110	332	3	886987287
110	333	4	886987288
110	682	4	886987354
110	895	2	886987354
110	300	3	886987380
110	326	4	886987417
110	327	3	886987442
110	748	3	886987478
110	873	2	886987505
110	301	2	886987505
110	338	1	886987540
110	245	3	886987540
110	294	3	886987540
110	325	3	886987561
110	689	3	886987584
110	688	1	886987605
110	315	4	886987726
110	12	4	886987826
110	22	4	886987826
110	69	4	886987860
110	215	3	886987894
110	64	4	886987894
110	11	4	886987922
110	423	4	886987952
110	806	3	886987952
110	196	4	886987978
110	28	4	886987979
110	651	4	886988018
110	732	3	886988018
110	939	4	886988042
110	658	3	886988065
110	43	3	886988100
110	212	1	886988100
110	403	3	886988134
110	1055	2	886988134
110	468	3	886988202
110	77	4	886988202
110	54	4	886988202
110	808	2	886988250
110	402	4	886988293
110	569	4	886988321
110	1206	3	886988321
110	366	3	886988341
110	1229	3	886988374
110	29	3	886988374
110	1247	2	886988413
110	56	1	886988449
110	55	3	886988449
110	568	3	886988449
110	96	4	886988449
110	232	3	886988449
110	195	2	886988480
110	684	4	886988480
110	82	4	886988480
110	79	4	886988480
110	233	4	886988535
110	578	3	886988536
110	226	3	886988536
110	2	3	886988536
110	586	3	886988536
110	188	4	886988574
110	947	3	886988574
110	38	3	886988574
110	385	3	886988574
110	576	2	886988574
110	566	4	886988574
110	68	2	886988631
110	33	4	886988631
110	161	5	886988631
110	184	1	886988631
110	231	1	886988664
110	849	3	886988664
110	1231	2	886988664
110	550	3	886988664
110	397	3	886988688
110	1228	3	886988689
110	230	3	886988750
110	779	3	886988793
110	540	3	886988793
110	802	3	886988793
110	1188	4	886988818
110	1250	3	886988818
110	759	3	886988850
110	421	4	886988873
110	451	4	886988909
110	202	2	886988909
110	794	3	886988909
110	173	1	886988909
110	739	4	886988937
110	692	4	886988937
110	783	3	886988967
110	88	4	886988967
110	722	3	886989028
110	765	3	886989028
110	31	3	886989057
110	642	2	886989126
110	1248	3	886989126
110	1090	2	886989191
110	1210	3	886989191
110	1222	2	886989191
110	204	3	886989276
110	367	3	886989340
110	376	2	886989340
110	238	3	886989340
110	393	3	886989363
110	63	3	886989363
110	401	3	886989399
110	41	4	886989399
110	790	4	886989399
110	715	2	886989440
110	585	2	886989473
110	1218	3	886989473
110	791	2	886989473
110	94	4	886989473
110	1179	2	886989501
110	944	3	886989501
110	384	2	886989524
110	67	3	886989566
110	780	3	886989566
110	1182	2	886989566
110	575	3	886989566
110	734	2	886989566
110	364	3	886989612
110	1249	3	886989612
110	1246	2	886989613
829	258	3	886993238
860	344	3	887028250
533	328	4	887032063
533	281	4	887032214
533	1047	3	887032276
533	866	2	887032297
533	820	2	887032380
533	685	4	887032380
533	595	2	887032451
533	103	3	887032538
533	696	3	887032538
119	258	2	887037225
848	899	3	887037471
848	689	1	887037584
848	294	5	887037669
848	650	4	887037822
848	511	4	887037822
848	185	3	887037861
848	234	4	887037861
848	640	1	887037935
848	498	5	887037935
848	519	5	887037980
848	528	3	887037980
848	496	2	887037980
848	176	4	887037980
848	615	5	887037980
848	483	5	887038021
848	197	5	887038021
848	432	2	887038022
848	135	4	887038022
848	172	5	887038022
848	638	5	887038073
848	654	5	887038104
848	357	5	887038104
848	183	3	887038104
848	174	5	887038104
848	173	5	887038134
848	166	5	887038159
848	127	3	887038159
848	1063	5	887038197
848	423	4	887038197
848	132	5	887038197
848	318	5	887038231
848	527	3	887038280
848	209	5	887038397
848	99	3	887038397
848	504	3	887038397
848	165	5	887038397
848	50	5	887038397
848	606	4	887038441
848	474	5	887038441
848	812	2	887038475
848	481	3	887038527
848	65	2	887038527
848	431	5	887038528
848	191	5	887038564
848	462	5	887038634
848	154	5	887038634
119	550	4	887038665
119	349	3	887038665
119	144	4	887038665
119	407	3	887038665
119	226	3	887038665
119	459	4	887038711
119	1166	5	887038711
119	1160	5	887038711
119	727	5	887038711
848	180	2	887038993
848	495	2	887039018
848	204	5	887039078
848	427	5	887039136
848	642	5	887039164
848	82	5	887039164
