804	637	3
804	139	3
426	655	4
426	968	3
804	582	3
804	584	4
843	831	4
804	436	5
385	135	3
426	430	3
426	185	5
426	505	4
804	429	4
804	732	4
804	265	4
843	127	2
804	629	3
804	218	4
804	393	3
804	219	3
804	720	3
843	250	4
385	443	3
385	526	3
804	399	4
843	252	3
804	719	3
385	1065	3
804	85	4
804	522	3
804	573	3
406	289	3
406	286	3
406	294	3
804	949	3
385	186	1
385	4	2
804	797	4
804	449	3
804	72	4
385	506	2
804	132	4
804	62	4
804	755	3
804	231	4
804	559	3
804	63	4
804	636	3
385	664	3
804	675	3
804	576	4
804	226	4
406	515	2
406	496	4
406	498	5
406	519	4
406	513	5
406	478	4
804	1170	3
804	679	4
406	132	5
406	134	5
406	127	4
406	64	4
406	430	4
804	206	3
804	402	3
804	159	4
804	1489	3
385	658	2
804	379	3
804	152	4
406	176	5
406	589	5
406	531	3
406	144	1
406	238	2
804	200	3
804	625	3
385	234	1
804	2	4
804	671	3
804	768	3
406	153	3
406	136	4
406	654	4
385	492	2
804	624	2
804	642	3
804	1028	3
406	514	1
406	8	4
406	93	4
406	462	5
804	366	4
804	163	3
804	1488	3
385	1131	3
843	194	2
406	180	5
406	170	3
406	527	4
804	378	4
804	367	3
804	447	3
385	507	3
406	606	3
406	488	4
406	205	2
406	168	3
843	79	2
843	582	2
804	1260	3
804	155	3
385	1524	5
385	423	2
406	135	5
406	1202	3
406	7	4
406	10	3
804	674	4
804	747	3
804	380	4
385	425	3
406	182	4
406	507	4
406	485	3
406	206	1
406	9	5
406	520	4
406	222	3
843	474	3
804	550	4
804	403	3
804	40	3
385	131	4
750	258	3
750	269	4
750	286	4
804	445	4
804	1285	2
406	193	4
406	479	4
406	1101	4
385	965	4
385	673	2
804	972	3
804	708	3
804	401	2
750	288	4
750	328	4
406	87	3
406	174	4
406	962	4
406	199	5
804	233	4
804	229	4
804	141	3
804	428	3
804	448	3
385	152	3
406	492	4
406	504	4
406	181	5
750	305	4
750	306	4
750	1280	1
750	270	4
750	323	3
750	322	2
406	187	2
406	12	4
406	50	5
406	427	4
804	28	4
804	520	4
804	133	3
804	100	5
804	657	4
804	183	4
804	385	4
804	651	4
750	683	1
750	303	4
750	271	4
750	301	4
804	84	3
804	212	3
406	705	4
406	143	1
406	211	5
406	42	5
385	529	4
804	412	2
804	167	3
804	396	3
750	338	3
750	879	4
750	294	4
804	68	3
804	33	4
804	1178	3
750	688	1
750	748	3
750	327	4
750	300	3
750	873	3
750	304	4
750	876	2
385	421	2
804	162	2
804	1041	3
406	275	3
406	483	4
406	57	4
406	429	4
406	591	3
406	100	4
406	523	3
406	156	5
804	451	2
804	1228	3
804	664	3
406	1	4
406	923	3
406	529	2
406	357	4
406	115	4
804	771	3
406	747	2
385	53	1
385	200	3
750	331	4
750	881	2
750	886	3
804	1411	3
804	1139	3
843	498	2
843	91	3
804	1076	3
406	481	3
406	632	4
385	211	3
843	1	3
843	132	3
804	365	4
804	94	4
385	942	2
385	521	3
804	552	4
843	615	3
750	330	2
750	325	1
750	245	3
843	1039	3
843	173	2
750	358	3
406	1147	4
406	466	4
406	490	3
406	610	1
385	954	4
385	502	3
385	132	4
804	1188	2
804	363	4
843	168	3
843	211	2
406	611	3
406	661	5
406	434	5
406	663	5
406	461	3
406	701	5
750	749	3
804	1140	3
804	145	3
804	1222	3
843	154	3
843	153	3
843	427	2
843	521	2
843	654	2
843	238	3
406	468	1
406	89	4
406	524	4
406	634	4
406	528	4
406	604	3
804	1177	3
804	415	3
385	663	4
843	152	2
385	568	3
385	143	3
843	69	3
843	435	2
843	357	2
843	199	3
843	429	4
406	20	3
406	98	4
406	23	4
406	207	2
406	11	4
406	96	5
385	1110	2
406	482	5
406	196	2
406	1126	3
406	124	4
406	1194	4
406	469	4
385	1066	4
385	485	4
843	603	2
843	419	2
843	197	2
406	97	5
406	32	5
385	629	2
385	715	3
843	275	3
406	428	5
406	919	2
406	173	2
406	638	4
843	23	2
843	208	3
843	95	2
406	179	5
406	612	5
406	58	4
406	1021	5
406	204	5
385	959	3
406	806	4
406	69	4
406	150	4
843	191	3
843	179	4
385	82	1
385	557	2
385	2	3
843	216	2
843	209	3
843	196	2
843	170	1
843	193	3
385	216	2
385	961	4
843	205	4
843	671	3
843	504	2
843	175	4
843	83	3
385	219	1
385	675	5
385	1286	3
843	28	3
843	151	2
843	482	2
843	485	2
843	528	3
843	655	3
385	1118	3
843	661	3
385	940	3
843	52	2
385	719	2
843	632	2
843	434	4
843	495	3
843	186	2
385	403	3
385	1428	4
385	1456	4
385	451	1
843	215	2
843	180	3
385	674	3
843	633	3
385	240	4
843	432	2
843	141	4
385	218	2
385	767	1
843	392	2
843	1135	3
843	97	3
843	101	3
685	286	1
685	872	2
843	214	3
804	39	2
804	554	2
804	1074	1
804	49	2
804	1210	2
804	373	2
804	95	2
804	948	1
804	702	2
804	288	1
843	660	2
615	302	4
615	269	4
615	286	4
843	959	2
843	25	2
843	739	2
615	303	5
615	937	2
385	378	1
385	1462	4
615	262	4
615	306	4
843	501	2
843	588	2
615	332	2
615	319	4
843	402	2
615	300	4
615	294	3
843	162	2
843	526	3
615	268	4
615	259	1
615	271	2
615	683	1
843	239	3
615	289	2
385	417	2
615	886	2
615	325	2
615	678	1
843	627	2
615	988	1
843	143	2
843	200	3
843	650	3
843	176	4
843	511	3
843	651	2
385	29	1
615	275	4
385	1411	3
615	170	4
791	286	3
791	288	3
615	475	4
791	331	1
791	302	4
791	269	4
791	294	3
615	582	3
615	179	4
615	638	5
615	190	3
791	300	5
791	327	5
791	306	5
615	707	3
615	462	4
615	213	5
615	283	4
615	14	5
843	423	2
791	748	3
791	299	2
791	301	3
791	304	4
615	529	5
843	420	3
843	204	3
791	319	2
791	754	4
791	259	3
791	245	4
791	328	4
791	289	4
615	855	4
843	206	3
843	1118	2
615	1021	5
791	322	4
843	527	3
615	509	4
615	949	3
615	736	5
791	332	5
385	794	2
385	1135	1
615	640	3
843	157	2
385	217	2
843	378	2
843	708	2
615	26	4
843	380	3
385	448	3
615	666	2
385	1535	4
791	275	5
791	9	5
791	181	5
791	50	5
843	416	2
843	542	2
843	21	2
615	527	4
615	83	4
615	357	5
615	48	5
615	127	5
615	528	4
385	1071	4
843	422	2
843	133	3
615	86	5
615	197	4
615	175	5
615	180	4
615	427	5
615	521	4
843	596	3
843	625	2
615	23	5
615	178	5
615	1065	4
615	187	5
615	519	5
615	644	4
615	160	3
615	199	5
615	135	4
843	578	3
843	142	2
615	518	4
615	69	4
615	792	4
615	215	4
385	739	1
615	423	5
615	100	3
615	1128	1
615	1192	4
615	523	5
615	526	4
843	1065	3
843	99	2
615	28	4
615	632	5
615	191	5
615	97	4
615	192	5
615	87	4
615	22	4
615	699	3
615	735	3
843	74	2
615	237	4
615	631	4
843	393	2
615	660	4
615	708	2
615	387	3
615	70	4
385	444	1
615	238	3
615	517	5
615	216	4
615	209	5
615	435	5
615	168	5
615	514	5
615	428	5
615	208	4
615	153	4
843	465	2
843	550	3
615	211	5
615	72	2
615	194	5
843	135	5
843	102	2
572	286	4
615	13	4
615	629	4
843	473	2
572	319	4
615	732	4
572	301	4
572	300	4
843	616	3
843	71	2
843	225	2
572	289	3
385	231	2
843	158	2
843	1480	2
843	1411	3
572	813	4
572	476	4
572	9	5
572	124	5
572	121	2
572	100	3
572	1010	2
572	14	4
572	1137	3
572	1171	3
385	145	1
572	13	4
572	222	2
572	277	1
572	924	1
572	284	3
385	383	1
385	1037	1
469	286	5
385	1014	2
469	306	4
754	286	3
754	328	3
754	340	2
754	937	4
685	333	1
685	288	2
754	243	1
685	334	1
754	307	3
685	886	1
685	327	2
685	289	2
685	991	1
754	359	3
685	269	3
685	302	3
685	324	3
685	325	3
685	337	2
685	882	3
685	873	2
685	340	2
685	319	2
685	875	3
754	127	4
754	293	4
754	273	3
754	619	4
754	676	3
685	299	2
754	255	3
754	1016	4
754	295	4
754	117	4
754	9	4
754	476	4
754	15	5
754	477	5
754	118	2
754	284	3
754	282	4
754	237	3
754	459	4
754	1197	3
754	276	5
754	292	3
754	742	3
754	291	4
754	744	3
754	595	2
754	922	3
754	819	3
85	286	4
85	300	3
85	289	3
85	319	4
85	325	2
85	1137	4
85	14	4
85	1171	3
85	813	4
85	100	3
85	221	2
85	25	2
85	237	3
85	222	2
85	284	3
85	13	3
85	458	3
85	10	4
85	277	2
85	281	3
85	1010	2
85	476	3
85	405	2
85	508	2
85	1009	2
385	254	1
85	924	1
85	121	2
85	412	3
85	589	3
85	56	4
85	630	3
85	153	3
85	480	4
85	318	4
85	514	5
85	98	4
85	170	4
85	504	4
385	210	1
385	195	1
85	1172	4
85	496	4
85	1070	4
85	647	4
85	659	4
85	190	4
85	135	5
85	79	3
85	42	3
85	133	4
85	1039	4
85	483	5
85	238	2
85	132	5
85	523	4
125	269	1
85	134	5
85	205	4
85	661	4
85	211	5
85	173	3
85	357	4
85	423	4
85	1101	4
85	64	5
85	89	4
85	160	3
748	258	5
125	79	5
125	434	4
125	173	5
125	357	3
748	319	3
748	286	3
85	1131	4
85	511	4
85	531	4
85	174	4
125	204	5
125	181	5
125	64	5
748	326	3
748	300	4
85	462	4
85	86	4
85	193	3
85	194	4
85	509	4
85	639	3
85	657	4
125	144	5
748	748	4
748	323	4
748	328	4
748	678	2
85	428	5
85	162	2
85	187	5
125	705	5
125	210	5
125	208	3
125	475	1
85	654	4
85	516	4
85	23	4
85	179	4
85	566	3
85	186	3
125	568	5
125	427	4
503	840	1
748	271	3
85	482	4
85	168	4
85	632	3
125	318	5
125	174	5
125	430	4
125	136	5
125	1115	3
125	98	5
125	205	5
125	56	1
125	83	4
85	136	4
85	513	4
85	655	3
85	707	4
748	250	5
125	198	3
125	97	3
125	28	4
125	191	5
125	513	4
125	479	4
125	82	5
85	955	4
85	157	3
85	510	4
85	485	5
85	498	4
85	1075	3
748	174	5
748	427	4
125	153	2
125	8	4
125	216	3
125	496	5
125	1204	3
748	50	5
748	479	4
748	633	4
748	408	5
85	465	4
85	663	5
503	744	2
125	172	5
125	186	3
125	493	4
125	176	5
748	181	4
748	133	3
748	603	5
748	496	4
85	283	3
748	474	4
748	318	5
748	234	4
748	402	2
748	813	4
748	588	4
748	186	5
85	526	4
85	209	4
85	474	5
85	216	3
748	208	4
748	200	3
125	134	5
125	275	5
748	709	4
748	71	3
748	847	4
748	143	3
748	650	1
503	281	3
85	275	3
85	481	4
85	610	3
85	69	4
85	443	4
748	357	3
748	210	3
748	183	4
748	192	3
376	198	5
376	197	4
376	100	4
376	269	5
376	98	5
376	427	4
376	288	3
376	181	4
376	11	4
376	223	4
748	154	3
748	647	3
125	478	4
125	659	4
125	69	4
125	95	5
125	483	4
748	421	4
748	197	3
748	182	4
85	502	4
85	1174	3
85	82	3
748	7	4
748	204	3
748	515	4
748	96	5
272	1393	2
272	288	4
503	12	3
503	98	5
503	79	5
503	234	5
85	629	3
748	495	3
748	228	3
125	710	5
125	1	4
125	1060	4
125	511	5
125	117	3
748	64	4
748	222	4
748	144	4
272	23	5
272	127	5
272	205	5
272	357	5
272	498	4
272	183	4
748	209	4
748	179	4
748	189	4
748	514	4
748	527	5
748	732	4
85	1153	4
85	213	4
85	152	5
272	22	5
503	654	5
272	474	5
503	185	5
503	176	5
503	183	5
748	194	4
748	425	4
748	114	4
748	176	5
85	188	2
85	51	2
748	193	3
125	615	3
125	143	5
125	648	4
125	168	5
272	651	4
272	746	3
272	98	4
748	172	4
503	443	5
503	233	5
85	382	4
85	1121	3
85	180	4
748	173	4
748	498	4
748	89	5
503	356	4
503	44	5
503	226	5
272	211	5
272	96	5
748	97	4
748	169	4
748	69	4
85	212	2
85	528	4
272	483	5
748	655	3
748	237	4
748	528	3
125	236	1
125	709	3
125	150	1
125	372	1
125	1272	1
125	152	1
272	50	4
85	425	4
85	492	4
85	735	3
748	4	4
376	14	4
748	153	4
748	168	3
272	42	4
272	423	4
272	204	4
503	452	1
503	684	4
503	54	2
85	478	4
85	479	4
85	192	4
85	1169	4
85	196	4
85	8	4
85	641	4
125	663	3
125	163	5
748	196	3
748	137	3
748	187	4
748	180	4
503	561	5
272	521	5
272	317	4
272	654	5
503	38	3
272	1101	5
85	1113	2
85	210	3
125	194	5
125	283	5
125	25	1
125	455	5
748	79	4
748	135	4
748	132	3
748	654	4
748	216	4
272	8	4
272	79	5
125	746	3
125	201	3
125	732	4
748	175	5
748	83	3
85	1166	4
85	1065	3
85	191	4
85	65	3
85	385	3
748	1	4
748	118	2
748	483	4
272	200	5
272	194	5
272	187	5
272	175	5
272	174	5
272	172	4
15	286	2
15	302	4
15	310	4
15	303	3
15	754	5
748	517	3
748	58	4
748	56	4
748	195	4
748	48	4
272	201	3
272	32	4
272	69	4
272	178	5
272	604	4
85	95	4
85	527	4
85	499	4
748	86	4
748	22	4
748	8	4
15	292	5
15	333	1
15	690	4
15	937	4
272	11	4
272	48	4
272	133	1
272	234	4
376	275	5
272	469	5
272	238	5
748	227	3
15	269	5
15	306	5
15	300	4
15	331	3
748	188	4
272	134	5
272	208	4
125	175	2
125	66	5
125	813	1
125	88	5
125	211	3
748	451	1
15	328	3
85	418	3
85	45	3
85	488	4
85	197	5
272	56	5
272	210	5
272	772	2
748	657	4
15	307	1
15	301	4
15	938	3
85	732	3
85	517	5
85	568	3
125	393	4
125	49	3
125	209	4
272	193	4
272	514	5
272	12	5
15	748	3
15	322	3
15	289	3
15	323	1
15	678	1
15	749	1
15	879	3
15	308	5
527	286	2
15	243	1
85	1136	3
85	203	5
85	923	4
748	692	3
748	710	3
527	324	3
748	213	3
748	199	4
748	699	3
15	258	3
15	889	3
15	283	4
15	127	2
15	7	1
527	878	1
15	20	3
15	251	2
15	459	5
15	275	4
15	50	5
15	297	3
527	659	4
15	285	4
15	1	1
15	9	4
527	507	5
527	357	5
527	647	5
527	191	5
527	651	5
15	14	4
527	124	4
527	185	5
527	193	3
15	18	1
527	234	5
527	50	4
527	462	3
527	479	4
15	181	5
15	935	3
15	222	3
527	427	4
527	197	4
527	176	2
527	543	4
15	925	2
15	255	5
15	249	1
527	1211	3
527	192	4
527	466	2
15	508	2
15	744	4
527	59	5
527	646	5
527	1109	3
527	474	3
527	425	4
527	855	2
527	154	3
15	591	2
15	257	4
15	278	1
527	956	4
527	204	5
527	174	4
527	475	3
527	153	5
15	676	4
15	237	3
15	248	1
527	91	2
527	70	4
527	9	5
527	207	4
527	671	5
15	936	5
527	100	5
527	129	2
15	455	1
15	111	4
527	210	4
15	15	4
15	137	4
15	13	1
15	405	2
527	275	3
527	709	5
527	498	4
527	514	5
527	169	4
527	467	3
527	187	5
527	200	3
527	657	4
527	963	4
527	214	4
527	64	3
527	631	4
527	513	4
15	148	3
15	742	2
15	125	5
527	531	3
527	653	4
527	603	4
527	582	2
527	93	4
15	291	3
15	471	4
527	318	3
527	1333	3
527	528	3
15	845	2
15	815	1
527	22	5
527	87	3
527	182	5
527	127	5
527	60	4
527	175	3
527	4	2
527	558	4
527	7	5
15	280	3
15	121	3
15	274	4
15	929	1
527	99	3
527	213	4
527	517	5
527	144	4
527	661	5
85	512	3
85	507	4
15	620	4
15	472	3
15	473	1
15	25	3
15	924	3
15	282	3
15	864	4
85	143	4
527	652	4
527	496	4
527	511	5
527	423	3
15	220	4
15	696	2
15	685	4
15	866	4
15	458	5
527	588	4
527	628	3
527	28	3
527	211	4
527	208	4
527	143	2
85	9	4
85	71	4
527	526	5
527	615	4
527	962	3
15	546	2
15	409	3
527	156	3
527	180	5
85	1170	3
85	530	3
85	427	3
15	252	2
15	411	2
15	823	2
527	190	4
527	508	3
527	285	5
527	431	3
527	634	5
15	118	1
15	927	4
15	930	2
15	476	4
15	928	1
527	492	3
527	283	4
527	152	2
527	317	4
527	168	5
527	238	5
527	209	4
527	177	5
15	235	1
15	926	1
527	86	4
527	279	4
15	244	2
15	933	1
15	225	3
527	181	4
527	640	4
527	655	3
527	433	4
15	932	1
527	172	5
527	499	5
527	134	5
527	69	4
527	201	3
15	931	1
15	934	4
527	179	3
527	135	2
527	673	4
527	429	5
527	56	4
527	23	5
527	116	4
527	96	4
527	19	3
527	12	4
527	1149	4
527	170	3
527	203	4
527	11	4
527	868	4
527	14	2
527	1101	4
527	183	5
527	202	3
632	318	5
632	357	4
632	183	4
632	432	3
632	12	5
632	7	3
632	95	5
632	181	5
632	133	4
632	196	3
632	228	3
632	485	4
632	172	5
632	134	5
632	203	3
632	98	4
632	588	2
632	168	4
632	79	5
632	69	4
632	22	4
632	156	3
632	150	2
632	64	5
632	275	3
632	475	3
632	191	5
632	100	3
632	201	4
632	182	3
632	234	3
632	655	3
632	202	4
632	194	4
632	144	4
632	176	3
632	174	5
632	276	2
632	55	2
632	188	4
632	96	5
632	419	4
632	82	4
632	684	5
632	468	3
632	11	4
632	568	3
632	1183	2
632	56	3
632	184	5
632	204	4
632	527	4
632	237	3
632	508	2
858	269	4
632	71	4
632	28	3
632	173	5
632	385	4
632	566	4
632	735	4
632	1	3
632	693	2
632	164	4
632	402	3
632	282	4
858	286	4
632	81	5
632	215	4
632	97	4
632	550	2
632	523	3
632	131	4
632	99	5
632	288	3
632	633	4
632	423	4
632	227	3
632	720	3
632	161	3
632	143	5
632	591	4
376	246	3
376	237	3
858	754	4
858	292	3
858	689	5
858	690	3
376	274	3
376	111	4
632	51	4
632	91	3
376	762	4
376	815	3
632	739	3
632	549	3
632	58	3
632	356	4
632	54	3
632	763	3
632	679	4
858	289	3
632	685	2
632	68	1
632	25	1
632	622	4
632	233	3
632	159	3
632	746	3
858	327	3
632	451	4
632	2	4
632	367	2
632	404	5
479	258	5
632	17	3
479	294	3
479	324	1
479	328	4
479	300	2
479	270	4
632	73	3
632	1028	2
479	879	4
632	609	3
632	470	4
632	845	4
479	304	4
479	271	3
479	748	3
479	358	1
632	510	5
632	50	5
632	195	5
632	186	5
632	132	5
632	483	5
632	705	5
632	651	5
632	210	5
632	480	5
479	335	3
632	877	1
632	258	4
479	325	1
479	264	3
479	266	3
211	528	4
479	288	3
211	423	5
89	202	3
89	197	5
89	216	5
89	173	5
89	517	5
89	213	4
89	86	5
211	491	3
89	451	3
89	83	4
89	707	5
89	1119	3
89	1074	5
479	273	4
89	26	3
89	732	5
89	212	3
89	387	5
479	298	3
858	678	1
858	323	2
479	1142	5
479	1	5
211	199	5
211	705	4
211	526	4
211	205	5
479	257	4
89	66	3
89	709	3
89	88	4
89	381	4
89	702	5
89	1048	3
89	716	3
89	736	3
89	724	4
89	949	3
89	694	5
479	100	3
479	475	1
479	222	4
479	181	5
479	471	4
479	282	5
479	408	5
211	520	4
211	1330	3
211	275	2
211	228	3
211	443	1
211	462	4
479	283	4
479	1007	4
479	15	3
479	50	4
211	9	3
211	357	2
479	1028	1
479	248	4
479	255	2
479	127	5
211	64	3
211	69	3
479	121	4
479	405	4
479	24	3
479	249	2
479	1016	3
479	281	3
211	215	5
211	596	3
211	230	3
479	546	2
479	111	4
89	402	4
89	731	3
89	49	4
479	148	2
479	472	1
479	274	4
89	739	2
89	737	1
479	250	4
479	108	4
479	295	1
479	1013	1
479	235	3
479	840	1
479	831	2
858	181	2
479	252	2
479	986	1
479	122	1
479	931	2
479	421	4
479	187	4
479	632	5
479	945	5
479	180	4
479	483	4
479	485	3
479	489	5
479	199	5
479	209	4
479	203	3
479	523	4
479	79	4
479	169	5
479	265	4
479	195	4
479	198	5
479	193	3
479	96	4
479	655	4
479	89	4
479	182	4
479	173	5
479	463	4
479	131	3
479	205	3
479	1039	4
479	238	4
479	318	5
479	213	4
479	647	5
479	228	4
479	528	4
479	172	4
479	604	3
479	496	3
479	423	2
479	197	4
479	175	4
479	732	4
479	179	1
479	201	4
479	71	1
479	629	3
479	498	5
479	196	4
479	422	3
479	55	4
89	880	5
89	269	5
89	50	5
89	301	5
89	268	5
89	813	5
89	257	5
89	936	5
89	246	5
89	1	5
89	187	5
479	500	4
479	135	4
479	474	5
479	22	4
479	511	5
479	226	3
479	189	2
479	234	5
479	510	4
479	490	4
479	190	4
479	32	3
479	588	1
479	526	4
479	479	4
211	1025	3
211	310	3
211	678	3
211	263	3
211	890	2
211	300	2
211	876	2
211	1127	1
479	216	3
479	161	3
479	8	5
385	631	3
479	58	4
479	211	4
479	136	4
479	602	4
211	455	3
211	127	4
211	117	4
211	257	5
211	181	1
479	670	3
479	188	2
479	202	4
479	385	2
479	204	4
479	185	4
479	70	4
479	215	3
479	97	3
479	143	1
479	692	3
479	144	4
479	431	4
479	509	4
479	164	4
479	28	4
479	566	3
479	241	3
479	727	5
479	95	4
479	436	4
479	157	5
479	584	3
479	230	4
479	82	4
479	151	4
479	739	1
479	356	3
479	609	5
479	133	2
479	403	3
479	380	3
479	62	3
479	88	4
479	616	4
479	66	3
479	1444	1
479	54	3
479	153	4
479	640	4
479	101	4
479	756	1
902	258	3
902	302	3
902	306	4
902	328	3
902	294	2
902	754	3
902	333	3
902	326	3
902	300	4
902	327	3
902	301	2
902	268	1
902	289	3
902	271	2
902	879	4
902	307	3
614	288	2
614	289	2
614	546	1
614	1142	3
614	9	4
614	508	4
614	1	5
614	14	3
614	100	5
614	1009	3
614	255	5
614	293	3
614	126	4
614	7	2
614	237	2
614	276	4
902	304	3
614	458	4
614	279	3
614	281	3
614	147	5
614	117	3
614	25	1
614	535	2
614	121	4
614	472	3
614	235	5
614	410	3
614	287	3
614	476	3
614	286	2
614	294	4
614	405	2
614	1134	2
902	515	5
902	50	5
902	127	3
187	300	4
902	1016	2
902	181	3
187	137	5
902	257	3
187	116	5
902	298	2
902	250	4
902	246	1
187	134	3
187	522	3
187	523	3
902	295	2
902	993	3
187	175	2
187	663	3
187	210	4
187	433	4
187	435	4
187	710	4
187	168	5
187	8	5
187	659	5
187	83	5
187	173	5
187	186	4
187	428	4
614	122	3
349	325	3
902	989	2
187	792	5
187	209	4
187	204	2
614	871	2
187	216	5
187	70	4
614	756	4
614	841	2
614	717	4
187	732	3
902	483	4
614	411	3
349	9	4
349	285	5
187	86	4
187	65	5
187	196	4
902	172	4
902	318	5
902	134	3
187	735	4
187	694	5
349	471	3
187	191	5
187	651	5
187	69	4
349	10	5
349	459	4
902	191	5
902	1	5
902	479	4
187	28	4
187	427	5
187	197	4
349	126	2
187	64	5
187	23	4
187	736	4
187	214	4
349	20	5
187	135	4
349	713	3
187	1119	3
187	52	4
187	582	1
902	480	5
349	121	2
349	455	2
187	97	3
187	1065	4
187	660	5
187	423	4
902	423	4
902	8	5
187	179	5
349	15	4
349	744	2
187	215	3
349	596	2
902	187	3
902	228	3
902	95	4
902	87	4
902	176	5
349	276	5
187	241	3
187	213	4
187	747	4
187	707	5
902	275	4
902	497	5
902	144	5
349	458	4
349	544	4
349	696	3
349	291	3
187	275	5
902	204	3
902	79	5
349	25	3
303	302	4
303	286	5
303	258	4
349	619	4
303	872	3
303	269	5
303	288	4
187	462	5
349	237	2
349	1128	3
303	319	5
303	289	2
303	262	5
303	324	3
303	321	3
303	271	2
303	340	5
303	270	4
303	333	4
303	259	3
303	326	2
303	294	4
349	985	3
349	288	3
349	284	5
349	823	4
303	300	1
303	268	5
303	328	3
303	327	1
303	334	3
349	1028	2
349	546	3
303	748	2
303	323	1
303	264	3
303	873	3
349	411	4
303	948	2
303	325	1
303	245	3
349	118	2
349	105	2
349	370	2
349	106	1
303	260	3
303	875	4
303	358	2
349	120	3
349	412	1
349	1117	3
303	100	5
303	956	4
303	87	3
303	153	5
303	531	4
303	64	5
303	1039	5
303	474	5
303	603	5
349	100	4
349	475	4
303	124	4
303	435	5
303	204	4
303	221	5
303	179	5
349	847	4
303	318	5
303	480	4
303	127	5
303	174	5
303	1097	3
349	125	4
303	427	4
303	56	5
303	479	5
303	98	5
303	741	4
303	507	5
303	525	5
303	216	5
303	173	5
303	491	4
303	187	5
303	514	5
303	28	3
303	357	5
303	210	4
303	223	4
303	194	5
303	156	5
303	116	5
303	693	4
303	483	5
303	425	4
303	164	4
303	17	4
303	96	5
303	847	4
303	9	5
303	183	5
303	50	5
303	81	4
303	773	4
303	79	5
303	12	4
303	195	4
303	653	4
303	191	5
303	132	5
303	484	5
303	421	4
303	1	5
303	144	5
303	408	4
303	634	3
303	171	4
303	182	5
303	558	4
303	186	4
303	705	5
303	92	4
303	109	4
303	475	4
303	150	5
303	232	4
303	2	3
303	1073	4
303	8	5
303	93	5
303	168	5
303	42	5
303	508	4
303	11	4
303	430	4
303	176	5
303	234	5
303	238	4
303	919	4
303	226	4
303	419	4
303	654	5
303	55	4
303	506	4
303	209	5
303	68	4
303	960	4
303	31	3
303	482	5
303	172	5
303	22	5
303	215	5
303	198	4
303	1286	4
303	615	4
303	184	5
303	65	4
303	284	4
303	82	4
303	185	5
303	99	4
303	7	4
303	746	4
303	69	5
303	128	4
303	201	5
303	228	4
303	619	3
303	381	4
303	170	5
303	83	5
303	550	3
303	744	3
303	15	3
303	125	2
303	716	2
303	111	3
303	203	5
303	385	4
303	559	4
303	952	3
303	46	3
303	208	5
303	939	3
303	70	4
303	382	3
303	943	2
303	778	4
303	147	4
303	276	4
303	1187	4
303	282	3
303	4	4
303	283	3
303	1109	4
303	23	5
303	458	3
303	134	5
303	47	5
303	1098	4
303	813	4
303	433	4
303	651	5
303	1086	1
303	709	5
303	33	4
303	24	3
303	25	4
303	462	3
303	181	5
303	591	4
303	367	4
303	692	4
303	1199	3
303	123	4
303	202	5
303	844	3
303	416	3
303	71	3
303	762	4
303	673	4
303	236	4
303	152	4
303	596	4
303	403	5
303	432	3
303	273	3
303	237	5
303	88	4
303	167	3
303	26	4
303	404	4
303	720	2
303	470	4
303	160	4
303	1046	3
303	222	3
303	568	4
303	137	4
303	588	5
303	443	4
303	200	4
303	97	5
303	1222	3
303	240	3
303	739	5
303	277	3
303	129	5
303	161	5
303	451	5
303	518	4
303	229	3
303	117	3
385	528	4
351	286	5
351	310	5
351	258	5
351	689	4
351	340	1
351	301	3
351	300	5
351	341	4
351	880	2
351	990	5
351	879	5
351	332	5
351	1024	4
351	538	4
351	292	4
351	328	4
351	245	3
351	288	3
351	307	4
351	326	5
351	359	4
351	882	5
351	888	4
351	311	4
351	322	5
351	748	4
351	289	5
351	873	3
351	304	3
351	678	4
351	984	5
303	241	4
303	582	4
303	91	5
303	418	4
303	230	3
303	423	4
303	735	4
303	655	5
303	729	3
303	544	4
303	631	4
303	143	4
303	411	4
303	405	4
303	477	3
303	780	5
303	141	3
303	824	3
303	583	1
303	49	2
303	1411	2
303	290	4
303	650	5
303	77	4
303	1118	3
303	21	2
303	155	3
303	62	2
303	461	4
303	569	3
303	542	2
303	721	4
303	979	4
303	1011	2
303	1267	3
303	63	1
303	658	5
303	833	2
303	1218	4
303	867	3
303	546	2
303	595	2
303	502	4
303	455	3
303	715	4
303	44	4
303	219	5
303	517	5
303	808	2
303	95	5
303	554	2
303	5	2
303	151	5
303	679	2
303	420	4
303	235	4
303	80	4
303	85	3
303	1021	4
303	436	4
303	792	5
303	636	3
303	54	3
303	159	3
303	218	4
303	627	3
303	291	3
303	1426	2
303	842	2
303	396	4
303	549	3
303	578	2
303	410	4
303	1048	4
303	239	3
303	1220	2
303	742	4
303	1153	3
303	13	4
303	73	3
303	1232	3
303	1217	1
303	616	4
303	697	3
303	501	4
303	38	1
303	233	4
303	393	4
303	755	2
303	121	3
303	953	3
303	825	3
303	552	2
303	1335	3
303	122	4
303	685	1
303	72	3
303	90	4
303	473	4
303	363	1
303	29	2
303	384	3
303	3	3
303	287	4
303	1188	4
303	597	1
303	366	3
303	845	4
303	402	4
303	1047	2
303	866	2
303	1273	2
303	231	4
303	94	3
303	785	3
303	763	4
303	476	3
303	800	3
303	1071	2
303	386	4
303	398	1
303	722	2
303	67	5
303	387	5
303	576	3
355	689	4
355	286	5
355	310	4
355	1429	4
303	564	1
303	1230	1
303	562	4
303	805	4
303	1224	2
303	665	4
303	43	3
303	790	4
303	1041	2
355	288	5
355	682	4
355	681	4
355	358	4
303	815	3
303	379	4
303	928	3
303	1135	2
303	849	3
303	53	3
303	765	3
303	118	2
303	940	2
303	1510	3
303	586	2
303	1044	3
303	871	1
303	449	4
303	1090	1
303	41	5
303	869	2
303	700	3
303	391	1
355	264	4
355	1392	4
355	260	4
303	1270	1
303	1337	1
303	926	2
303	829	2
303	1040	1
355	1175	5
355	882	4
355	329	3
355	1233	4
355	271	3
355	360	4
355	306	4
355	307	4
355	328	4
355	324	4
355	336	4
355	872	4
355	242	4
355	300	4
355	319	5
195	271	4
605	1226	4
605	255	2
605	252	4
295	493	5
295	511	5
295	172	4
295	318	5
295	655	5
295	191	5
295	11	4
295	190	4
295	174	4
295	1503	2
295	115	5
295	238	4
295	357	4
295	222	4
295	414	4
295	208	5
295	162	4
295	98	5
295	740	4
295	215	5
295	602	5
295	230	4
295	965	4
295	137	4
295	96	1
295	504	4
295	213	5
295	648	4
295	153	5
295	132	5
295	483	5
295	56	4
295	183	1
295	22	4
295	423	4
295	427	4
295	194	4
295	133	4
295	168	5
295	42	3
295	60	5
295	513	4
295	186	5
295	50	5
295	485	4
295	216	5
295	1	4
295	79	4
295	227	4
295	151	4
295	204	4
295	65	5
295	588	4
295	496	5
295	727	5
295	143	4
295	705	4
295	217	4
295	582	5
295	99	4
295	1039	4
295	1050	5
295	97	5
295	403	4
295	70	5
295	154	5
295	421	4
295	71	5
295	181	4
295	951	5
295	69	5
295	109	4
295	235	4
295	202	5
295	642	4
295	88	4
295	527	4
295	843	4
295	237	4
295	946	2
295	7	5
295	729	4
295	188	3
295	265	4
295	25	5
295	966	5
295	100	5
295	95	4
295	84	2
295	419	4
295	159	4
295	43	4
295	82	4
295	660	5
295	144	4
295	47	5
295	226	4
295	420	4
295	431	5
295	378	4
295	209	5
295	371	4
295	470	3
295	173	5
295	83	5
295	39	4
295	389	4
295	739	4
295	405	5
295	102	4
295	94	4
295	941	4
295	404	4
295	210	4
295	164	5
295	228	4
295	161	4
295	380	4
295	1221	5
295	121	4
295	417	5
295	381	5
295	125	5
295	738	4
295	4	4
295	1115	5
295	747	4
295	142	4
295	570	3
295	737	5
295	416	4
295	290	4
295	465	4
295	624	5
295	559	4
295	743	4
295	1135	4
295	561	5
295	72	4
295	155	4
295	812	4
295	629	5
295	546	4
295	241	5
295	720	4
295	402	5
295	997	3
295	118	3
295	451	4
295	449	4
295	385	4
295	722	4
295	232	3
295	158	4
295	68	4
295	794	4
295	73	4
295	229	4
295	1446	4
295	67	4
295	1040	2
295	412	2
295	1459	5
295	790	3
295	704	5
295	386	4
295	1188	3
295	401	3
295	450	4
295	809	4
295	105	4
295	1473	4
295	395	4
295	53	1
295	1133	4
295	1297	4
295	89	5
295	961	5
295	91	5
295	134	5
295	498	5
295	1028	5
295	435	5
295	382	5
295	735	5
295	497	5
194	294	4
194	991	2
194	286	1
194	259	2
194	321	3
194	496	4
194	659	4
194	127	5
194	655	5
194	187	4
194	435	4
194	491	3
194	183	3
194	483	4
194	12	5
194	357	4
194	174	4
194	507	4
194	511	4
194	86	3
194	651	3
194	132	3
194	265	4
194	526	4
194	427	4
194	173	5
194	419	2
194	482	3
194	79	3
194	186	5
194	479	3
194	136	5
194	514	3
194	530	4
194	234	3
194	192	5
194	467	5
194	178	3
194	168	5
194	83	3
194	633	3
194	185	4
194	318	5
194	657	4
194	89	3
194	199	4
194	208	3
194	478	3
194	179	4
194	98	4
194	474	4
194	238	5
194	181	3
194	50	3
194	210	3
194	4	4
194	519	4
194	135	3
194	510	4
194	22	5
194	172	3
194	527	4
194	488	3
194	182	3
194	647	4
194	175	3
194	69	4
194	498	3
194	523	5
194	317	4
194	195	3
194	180	3
194	95	3
194	8	3
194	134	2
194	191	4
194	517	3
194	56	5
194	64	5
194	209	3
194	648	4
194	559	2
194	197	4
194	198	3
194	732	3
194	516	3
194	509	3
194	203	3
194	188	4
194	414	3
194	425	2
194	26	3
194	70	3
194	28	5
194	204	4
194	654	2
194	404	3
740	258	3
740	332	3
740	271	2
740	319	3
740	326	3
740	328	3
194	23	4
194	568	2
194	566	4
740	322	3
740	748	3
740	873	2
740	938	1
194	503	4
194	239	3
194	58	4
194	679	2
194	661	5
194	87	4
194	433	3
194	443	3
194	177	3
740	294	4
740	242	4
740	302	5
740	1038	4
740	269	4
740	300	4
740	340	4
740	289	4
740	286	5
740	288	4
194	616	3
194	213	2
194	133	3
194	529	4
194	194	4
194	81	2
194	161	4
194	216	3
194	504	2
469	510	4
469	161	3
469	215	4
469	64	5
469	507	5
768	332	4
768	245	2
768	340	2
151	286	5
151	328	3
151	258	5
151	302	3
469	513	5
469	923	5
469	153	4
151	321	4
151	748	2
151	301	4
151	300	4
469	610	4
469	152	4
469	520	4
151	260	1
469	199	4
469	168	4
194	432	4
194	393	2
194	562	2
194	705	2
194	44	4
194	196	3
194	402	3
469	134	5
469	484	5
469	511	5
469	136	4
151	462	4
151	318	5
151	174	5
151	223	5
151	98	4
151	464	4
151	427	5
469	194	5
469	656	5
469	607	5
469	474	5
151	173	5
151	435	4
151	134	4
151	498	5
151	480	5
151	1	5
151	523	5
151	1286	5
151	1070	4
469	1558	5
469	654	4
469	483	5
469	65	4
469	487	5
469	173	4
151	660	4
151	835	5
151	28	4
151	503	3
151	9	4
194	692	2
194	693	4
194	202	3
194	515	4
194	212	1
194	82	2
151	813	4
151	408	5
151	474	5
151	186	4
469	641	4
151	483	5
151	494	4
151	175	5
469	582	5
151	792	4
151	663	4
151	114	5
151	169	5
194	71	4
194	518	4
194	481	3
194	215	3
194	205	3
194	97	3
194	431	4
194	663	4
194	211	4
151	224	5
151	176	2
151	136	4
151	81	5
469	705	5
469	855	4
469	605	4
151	172	5
151	14	5
151	497	5
151	191	3
151	153	3
151	228	5
151	86	5
151	482	4
151	12	5
151	675	2
151	69	4
151	919	5
469	530	5
469	603	5
194	710	3
194	588	4
151	507	5
151	181	5
151	962	1
151	741	2
151	661	4
151	210	4
151	945	5
151	87	4
151	215	3
151	275	5
151	208	4
151	194	4
151	522	5
151	209	4
151	203	3
151	478	5
151	1039	4
151	135	5
151	652	5
151	198	4
469	490	5
469	499	5
151	124	5
151	193	4
151	89	5
194	792	4
194	550	3
194	62	2
194	521	4
194	30	3
151	100	3
151	939	4
151	654	4
151	836	4
151	611	4
151	491	4
151	64	5
151	484	4
151	582	5
151	199	3
151	747	3
194	1044	2
151	499	5
151	357	5
151	52	5
151	1101	4
151	178	5
151	317	5
151	432	5
151	7	4
151	83	5
151	204	4
151	603	5
151	837	4
151	183	3
151	195	3
151	277	4
151	79	4
151	154	4
194	143	3
194	99	3
194	385	2
194	1045	2
151	692	3
151	132	5
151	487	5
151	170	5
151	481	3
151	512	5
151	664	5
151	216	4
151	31	3
151	642	3
194	735	4
151	492	3
151	531	3
151	461	4
151	420	5
151	151	5
151	657	5
151	709	5
151	509	4
151	705	5
194	1220	3
194	193	4
151	133	5
151	514	4
151	372	5
151	82	3
151	234	4
151	702	3
151	965	5
151	528	5
151	631	3
151	213	5
151	58	4
151	684	3
151	419	3
151	143	5
151	56	4
151	15	4
151	1050	4
194	91	3
194	356	2
194	218	4
151	1044	2
151	488	4
151	506	4
151	171	5
151	10	5
151	4	5
151	436	3
151	147	2
151	70	4
151	443	5
151	953	5
151	659	5
151	1006	1
151	496	4
151	66	4
151	473	4
151	222	5
151	485	5
151	93	5
151	200	3
151	418	3
151	463	5
151	486	5
151	50	5
151	699	4
151	686	3
151	845	4
151	584	3
151	662	4
151	121	5
151	131	5
151	152	3
151	609	4
469	238	4
469	495	5
469	611	5
194	770	4
469	127	4
469	10	5
194	367	3
194	1107	3
165	325	4
165	304	3
165	326	5
165	332	4
165	270	4
165	258	5
165	260	3
165	328	3
165	288	2
194	624	2
194	417	2
165	127	4
165	419	4
165	181	5
165	91	4
194	951	3
194	366	2
194	226	3
165	216	4
165	15	5
165	69	3
165	169	5
165	500	3
165	202	4
194	54	3
194	52	4
194	580	4
194	466	4
165	156	3
165	223	4
165	1119	3
165	318	5
165	174	4
165	651	5
165	222	5
165	372	5
165	176	4
165	432	5
165	187	3
194	451	2
194	73	3
194	625	3
194	387	2
194	715	3
194	549	3
194	739	3
194	66	3
194	77	3
194	470	3
194	660	3
194	465	3
194	642	2
194	946	3
194	371	3
194	403	2
194	241	2
194	783	2
194	219	2
194	780	2
194	808	2
194	1112	3
194	94	3
194	708	3
194	29	2
151	430	4
151	490	5
151	1269	5
151	735	5
194	399	2
151	47	3
151	847	5
151	189	5
151	168	5
151	606	5
151	466	5
151	25	4
151	378	4
151	1298	4
151	707	4
194	576	2
194	1091	3
151	525	4
151	423	4
151	211	5
151	971	5
151	610	5
151	489	5
151	230	3
151	425	4
151	190	4
151	429	5
151	628	5
151	470	3
151	393	2
151	197	5
151	614	4
151	952	3
151	65	4
194	376	2
151	629	4
151	382	4
151	381	5
151	287	4
151	137	5
151	716	2
151	632	4
151	448	2
151	162	5
151	185	4
151	97	5
151	633	5
151	638	5
151	356	2
151	469	1
151	504	4
151	566	3
151	1098	1
151	73	4
151	605	4
151	505	5
627	258	4
194	570	3
627	288	3
627	690	5
627	271	5
627	328	4
627	300	4
627	358	3
627	245	4
627	318	5
627	135	4
627	100	5
627	92	4
627	11	4
627	199	5
627	510	4
627	197	5
627	215	1
627	521	2
627	193	5
627	523	4
627	205	5
627	180	5
627	12	4
627	187	5
627	1194	4
627	434	4
627	69	3
627	631	3
627	520	5
627	526	4
627	582	3
627	182	4
627	387	2
627	191	4
627	58	5
627	97	2
627	511	4
627	23	4
627	28	3
627	9	4
627	64	5
627	697	5
627	467	5
627	461	3
627	649	4
627	83	3
627	317	5
627	651	4
627	175	1
627	673	2
627	157	4
627	423	3
627	52	3
627	518	4
627	196	5
627	276	2
627	76	3
627	591	3
627	22	5
627	693	2
627	699	1
627	86	3
627	939	3
627	470	3
627	724	2
627	123	3
627	1134	1
627	77	2
627	713	2
627	284	2
627	47	2
627	237	4
627	1267	4
627	125	2
627	39	4
627	942	2
627	468	2
627	70	4
627	214	3
627	471	3
627	282	2
627	148	3
627	956	2
627	660	4
627	792	4
627	628	4
627	740	1
627	655	4
627	658	3
627	179	5
627	162	3
627	732	3
627	735	4
627	729	1
627	1135	3
627	549	3
627	528	4
627	239	3
627	581	3
627	1074	3
627	403	2
627	1136	4
627	27	3
627	26	3
627	458	3
627	949	2
627	402	3
627	51	5
627	941	3
627	289	2
627	1044	2
627	704	4
627	553	3
627	1478	3
627	435	5
627	79	3
627	144	2
627	7	5
627	177	5
627	176	5
627	89	5
627	530	3
627	174	3
627	96	3
627	183	5
627	273	4
627	172	3
627	188	4
627	56	2
627	210	3
627	4	2
627	82	4
627	184	4
627	117	3
627	566	3
627	947	3
627	228	4
627	568	2
627	684	4
627	195	4
627	55	4
627	232	3
627	431	4
627	161	2
627	636	4
627	578	3
627	233	2
627	385	2
627	685	3
627	2	3
627	227	3
627	550	1
627	241	4
627	230	4
627	720	2
627	17	2
627	226	1
627	121	3
627	33	1
627	62	4
627	679	3
627	546	3
627	68	4
627	405	3
627	810	3
627	665	3
627	229	2
627	562	2
627	541	4
627	797	4
627	849	4
627	281	3
627	1004	4
627	576	3
627	53	4
627	808	2
627	399	3
627	802	2
627	586	3
627	554	2
627	597	3
467	302	4
467	269	4
467	327	4
467	258	2
467	268	5
467	340	3
467	264	2
467	7	5
467	50	4
467	298	4
467	150	4
467	293	4
467	1017	2
467	100	5
467	181	3
467	117	2
467	1	4
467	276	5
467	475	4
467	127	5
467	762	3
467	1142	5
467	24	4
467	10	4
467	257	4
467	1012	3
467	124	5
467	246	5
467	919	2
467	109	5
467	273	4
467	93	4
467	1011	2
467	248	3
467	222	3
467	1016	4
467	249	3
467	742	2
467	1059	4
467	455	3
467	1226	4
467	108	4
467	240	3
467	288	4
479	286	1
930	286	3
479	261	1
930	288	1
930	245	3
930	690	3
930	50	2
930	100	3
930	1	3
930	275	4
930	237	3
930	255	3
930	282	4
930	455	1
930	1315	3
930	1010	2
930	151	2
930	845	3
930	405	3
930	117	3
930	274	4
930	148	1
930	16	1
930	410	3
733	302	4
733	258	3
733	242	4
930	24	1
930	756	3
930	281	4
930	763	3
733	1	2
733	284	2
733	287	3
733	458	2
930	871	3
930	1048	2
930	235	2
930	107	3
930	240	1
733	124	5
733	515	5
733	127	3
733	296	2
733	221	4
733	224	4
733	275	3
930	411	1
733	129	2
733	20	5
733	276	5
733	285	4
733	1129	4
733	1115	3
733	237	3
733	19	5
733	14	5
733	116	4
733	283	3
930	126	5
930	116	5
930	257	4
930	106	4
930	535	4
930	269	4
930	300	4
930	121	4
930	14	4
930	244	4
733	137	5
733	922	3
733	9	3
733	253	3
733	544	1
733	150	2
733	591	3
733	149	4
733	459	4
930	143	2
733	286	4
733	100	5
733	847	3
930	45	4
930	190	4
733	742	3
733	250	1
733	298	2
930	174	3
930	238	4
930	283	4
194	230	1
194	289	1
194	640	1
194	227	1
194	229	1
194	228	1
194	78	1
194	582	1
194	380	1
194	790	1
733	297	3
733	1375	3
733	10	3
733	293	4
930	113	5
930	523	2
930	651	3
733	273	4
733	7	3
733	1163	2
733	676	4
733	1067	5
733	1114	3
930	165	5
930	705	2
930	64	4
733	950	4
733	1011	4
930	176	3
930	709	4
930	171	1
930	265	3
930	153	2
733	1142	4
733	324	4
733	151	4
733	13	3
733	288	2
194	117	3
194	9	4
930	175	2
930	8	3
930	210	2
733	744	4
930	137	2
733	290	4
733	933	1
733	248	3
733	117	2
733	1658	3
733	1171	3
733	471	3
733	282	3
733	1173	2
733	125	2
733	762	4
733	846	2
733	740	3
733	244	2
733	985	3
733	696	3
733	126	2
733	713	4
733	147	1
733	279	2
733	1226	3
733	16	3
733	294	2
733	146	3
733	107	4
733	1132	4
733	619	3
733	924	4
733	322	2
733	277	1
733	281	2
733	1380	2
733	148	3
733	1085	4
733	820	2
733	1338	4
733	291	2
733	1047	2
733	405	2
733	1117	2
733	1009	2
733	274	3
733	121	3
139	1233	5
139	302	3
139	286	4
139	242	3
139	268	4
139	307	4
139	288	4
139	303	5
139	1176	4
139	744	5
139	100	5
139	460	3
139	222	3
139	296	4
139	246	4
139	740	2
139	237	3
139	508	4
139	297	5
139	676	4
139	150	4
139	475	5
139	127	5
139	458	4
194	7	3
307	228	5
307	230	5
307	229	5
307	450	2
307	449	4
307	380	3
307	227	5
307	222	4
194	237	3
194	222	1
225	286	4
194	15	4
194	276	3
194	1	4
194	118	3
194	124	4
194	864	2
194	405	2
194	100	4
194	762	3
225	245	2
194	13	4
194	284	3
225	479	4
194	282	3
225	427	5
225	237	5
225	98	5
225	510	5
870	211	3
225	64	4
225	193	4
225	478	5
225	492	4
225	215	5
194	1011	3
194	121	2
194	274	2
406	276	4
406	813	4
406	117	4
406	713	4
406	14	4
406	508	4
406	472	3
406	1197	3
406	1008	4
406	1010	4
870	651	3
870	89	3
406	129	5
870	196	3
870	421	2
406	282	3
406	284	1
406	274	3
406	13	2
406	125	3
870	663	3
870	792	3
406	410	4
406	24	3
406	15	4
406	151	2
406	845	3
406	596	3
406	240	4
406	237	1
406	25	1
406	277	3
406	476	4
406	130	3
406	823	3
194	628	3
406	123	4
406	411	4
406	121	5
406	3	3
406	924	4
406	831	2
406	825	4
406	826	3
406	148	3
406	281	3
406	405	3
406	235	4
406	1047	3
406	756	3
406	220	3
406	122	3
494	286	4
406	505	4
406	509	3
194	281	2
494	300	5
494	294	4
494	289	1
225	603	5
225	606	5
225	418	5
225	194	5
225	566	4
225	22	5
225	482	5
225	136	5
225	705	5
494	748	1
494	245	3
225	480	5
225	172	5
225	143	2
225	1443	4
225	604	5
225	1203	5
194	471	3
194	1093	3
194	25	2
494	329	3
494	322	2
494	323	3
494	358	3
194	410	3
494	663	5
494	127	5
494	427	5
494	707	4
494	174	5
194	1028	2
494	199	4
494	98	4
494	183	5
494	191	4
494	507	4
494	65	5
494	479	3
494	64	5
494	238	5
494	143	5
494	528	3
494	357	5
494	514	2
494	50	5
494	498	4
494	603	3
494	204	5
494	194	4
494	181	4
494	86	3
194	235	2
494	1	3
494	237	4
494	222	5
494	9	2
494	107	4
494	1197	3
494	121	4
494	845	4
494	100	5
494	15	5
494	924	4
494	126	4
194	820	1
194	546	3
151	26	3
151	724	4
151	238	5
151	387	5
151	274	5
151	1264	4
151	736	4
151	44	4
151	1065	3
151	1109	4
151	703	4
151	414	5
151	729	4
151	428	5
151	433	3
151	969	5
151	770	4
303	426	3
151	782	4
151	265	5
151	956	4
151	805	4
151	118	3
151	517	2
151	529	5
151	88	5
151	655	4
151	241	3
151	196	4
151	227	5
151	160	4
151	1203	5
151	13	3
151	602	4
151	516	5
151	451	5
151	163	4
151	1197	5
151	202	5
151	732	4
151	111	4
151	385	3
151	91	2
151	627	2
151	761	3
151	922	4
151	1297	1
303	227	3
151	371	4
151	1113	4
151	125	4
151	1017	2
151	164	5
303	401	3
151	1047	2
151	51	4
151	405	3
151	49	3
151	559	2
151	417	3
151	380	5
151	781	3
151	33	5
303	139	3
151	826	1
151	411	4
151	1041	3
151	549	4
277	9	4
277	137	3
151	1074	2
151	561	3
151	972	4
151	755	3
151	775	2
151	231	1
303	281	3
277	471	3
277	7	2
151	290	1
151	546	2
303	779	1
277	1129	3
277	124	3
277	100	4
151	476	3
151	1299	4
151	402	3
686	327	5
277	276	4
277	1012	3
151	966	4
151	929	3
303	1228	2
303	1182	2
277	285	4
277	257	3
277	508	4
277	111	4
303	413	2
303	809	2
277	844	4
686	299	5
303	145	1
194	225	3
277	279	4
277	925	4
277	1283	2
303	460	4
303	376	2
277	1008	3
277	50	3
277	129	4
277	181	3
303	540	1
303	801	1
277	628	4
277	282	4
277	1011	3
303	734	1
303	1157	2
303	412	3
303	783	2
277	151	3
277	1197	4
277	591	4
277	872	3
303	1210	1
303	106	2
277	619	4
277	147	4
303	397	1
303	1303	3
277	742	4
277	278	1
277	473	2
277	748	3
277	25	4
277	274	4
277	762	3
277	24	4
303	1110	1
303	158	3
277	284	4
277	93	4
303	541	3
303	840	2
303	1095	2
303	1239	1
303	551	2
303	1209	2
277	405	3
277	121	2
277	472	1
303	670	2
303	1407	1
303	395	2
303	831	4
303	120	2
303	1508	1
303	1178	2
303	369	1
277	15	4
277	117	4
277	1	4
277	258	4
277	286	5
277	255	4
277	293	4
277	273	5
277	237	4
277	221	4
303	364	2
303	725	1
303	820	3
303	574	1
303	1034	1
277	302	4
303	997	2
303	575	4
303	1145	2
303	78	2
678	332	4
303	452	2
303	373	2
303	375	2
303	738	2
678	300	4
194	456	1
303	1037	3
303	368	1
303	577	3
303	1052	2
303	388	2
303	390	3
733	534	3
303	759	1
303	450	3
678	924	2
678	111	4
678	285	3
678	287	3
303	545	2
733	220	2
733	1023	1
733	130	2
303	1092	1
303	998	3
303	1509	1
303	1215	1
678	15	3
678	275	2
678	50	4
678	181	3
733	546	1
733	245	3
303	246	5
303	293	4
303	255	4
303	251	4
303	257	4
303	1007	5
303	993	2
303	1014	3
303	298	4
303	1160	2
303	1142	4
303	248	2
303	535	1
303	1012	4
303	250	4
303	1226	4
303	1016	3
303	249	4
678	100	5
678	298	3
303	1258	2
678	515	4
678	127	5
678	742	4
303	252	3
303	1315	3
678	1115	3
678	14	3
303	1511	3
303	1013	1
678	147	4
678	1	5
678	277	3
303	1023	2
678	25	2
678	1129	1
678	237	3
303	687	1
303	678	1
303	1088	2
678	276	5
678	282	3
678	7	4
303	1089	1
678	117	4
678	222	3
194	520	5
686	48	5
686	172	4
686	205	5
686	22	5
686	192	5
686	134	5
686	651	5
686	474	5
686	176	3
686	50	4
686	187	5
686	89	4
686	127	5
686	357	5
686	209	5
686	265	4
686	185	5
686	514	5
686	504	5
686	435	5
686	12	5
686	179	5
686	197	5
686	318	5
686	174	4
686	11	4
686	969	5
686	28	4
686	56	5
686	180	5
686	182	5
194	154	3
686	427	5
686	806	5
686	542	1
686	2	3
686	79	4
686	194	5
686	198	5
686	588	4
686	518	5
194	485	3
194	604	3
194	631	2
686	99	5
686	204	4
686	317	5
686	425	5
686	98	5
686	214	5
194	837	4
686	234	4
686	178	5
194	165	4
194	153	3
686	521	5
686	430	4
686	451	4
686	603	5
686	97	2
686	26	5
686	173	5
686	191	5
686	654	5
194	223	4
686	170	5
686	168	5
194	744	3
686	23	5
686	527	3
194	157	4
686	64	5
686	480	5
686	208	5
686	135	5
686	467	5
686	528	5
686	1184	1
686	181	4
257	59	5
257	60	5
257	165	4
257	113	4
257	61	5
257	531	5
257	582	5
257	86	4
194	144	4
257	1462	5
257	462	4
257	57	5
257	1022	2
194	125	2
194	423	3
194	736	2
194	501	3
194	502	4
194	88	3
194	76	2
194	31	3
194	67	1
194	51	4
194	756	1
194	162	3
194	167	2
194	152	3
194	939	3
194	155	3
194	971	3
194	160	2
194	1211	2
194	623	1
194	542	3
194	1412	2
194	944	2
303	330	3
194	159	3
194	629	3
194	941	2
194	1409	2
194	90	3
194	1058	2
194	737	4
194	1410	2
194	1041	2
194	232	2
194	636	2
194	720	2
194	997	3
194	674	2
194	72	3
194	1411	1
194	1066	3
194	1183	2
194	575	1
194	1206	1
194	871	2
194	383	1
194	449	1
194	540	1
194	450	1
194	712	3
194	1408	1
194	1207	1
459	286	4
459	328	3
459	258	3
459	301	2
459	300	4
459	333	3
459	879	4
459	332	3
459	259	4
459	307	5
459	1038	4
459	322	4
459	289	4
459	336	2
459	323	3
459	989	5
459	271	4
459	873	4
459	245	3
459	748	4
459	264	4
459	294	5
459	687	3
459	260	2
459	678	4
459	358	2
459	471	3
459	127	4
459	742	4
459	100	1
459	275	4
459	249	2
459	298	3
459	16	2
459	596	3
459	181	4
459	1	4
459	222	4
459	282	3
459	477	1
459	50	4
459	19	3
459	15	4
459	473	4
459	815	4
459	993	3
459	117	5
459	619	4
459	1190	4
459	125	4
459	111	3
459	25	2
459	472	5
459	274	4
459	1013	3
459	7	5
459	257	5
459	250	5
459	278	4
459	597	3
459	676	3
459	3	2
459	866	5
459	123	3
459	291	4
459	932	4
459	405	3
459	295	3
459	546	1
459	220	3
459	235	1
459	148	5
459	120	2
459	455	2
459	864	4
459	978	2
459	147	3
459	846	4
459	121	5
459	825	3
459	1016	4
459	252	4
459	1115	3
459	1014	1
459	255	4
459	685	3
459	926	4
459	934	3
459	1051	3
459	1047	3
459	1060	1
459	1040	2
459	696	4
459	832	3
459	827	3
459	225	3
459	409	2
459	108	1
459	411	2
459	105	4
459	172	5
459	8	5
459	22	5
459	357	4
459	651	3
459	969	3
459	1039	3
459	523	4
459	568	3
459	98	5
459	164	4
459	230	4
459	134	3
459	79	3
459	194	3
459	174	4
459	216	3
459	186	4
86	242	4
86	269	4
86	319	3
86	328	2
86	286	3
86	879	2
86	304	3
86	881	2
86	327	4
86	288	3
86	888	4
86	300	3
86	338	1
86	289	3
86	258	5
86	872	3
86	259	4
86	326	3
86	889	5
86	1175	5
86	1176	5
86	683	5
86	270	5
249	258	5
249	242	5
249	302	4
249	309	3
249	300	4
249	327	4
249	333	4
249	271	4
249	294	3
249	748	3
249	250	4
249	50	4
249	248	5
249	298	4
249	257	3
249	1016	3
249	249	4
249	255	3
249	993	3
249	129	5
249	181	3
249	252	2
249	1012	3
249	245	2
249	317	5
249	175	4
249	169	5
249	172	3
249	28	4
249	86	4
249	357	4
249	4	4
249	202	4
249	203	5
249	806	5
249	191	4
249	423	4
249	56	5
249	64	5
249	1	4
249	480	5
249	173	5
249	89	5
249	318	5
249	568	4
249	588	3
249	1103	5
249	98	5
249	853	4
249	39	4
249	1167	4
249	239	3
249	634	5
249	114	5
249	483	5
249	174	4
249	55	5
249	198	5
249	168	4
249	100	5
249	223	4
249	741	4
249	9	5
249	156	5
249	708	4
249	23	4
249	275	4
249	238	5
249	427	5
249	12	5
249	228	4
249	58	5
249	186	4
249	421	5
249	408	5
249	183	4
249	144	4
249	92	5
249	209	5
249	69	5
249	96	4
249	283	5
249	42	5
249	124	5
249	88	4
249	135	5
249	919	5
249	31	4
279	578	4
279	114	5
279	1007	4
249	121	3
249	462	5
249	137	4
249	1039	5
249	53	4
249	161	3
249	7	5
249	79	5
249	467	4
249	844	5
249	1069	5
249	212	4
249	591	5
279	166	4
279	517	4
279	841	4
249	789	5
249	195	4
249	478	4
249	22	5
249	658	4
279	254	3
279	805	3
279	29	2
279	739	1
279	231	2
279	403	1
76	333	3
76	1156	3
76	1019	3
76	851	4
207	754	4
207	282	4
385	1252	5
257	1129	5
535	302	3
535	269	4
535	338	3
535	286	2
535	268	3
535	300	3
535	301	4
535	319	5
535	179	4
535	211	4
535	686	5
535	921	4
535	100	5
535	30	4
535	357	2
535	514	5
535	64	5
535	923	4
535	447	5
535	182	3
535	32	3
535	527	3
535	504	3
535	39	4
535	1124	4
535	603	4
535	165	4
535	56	3
535	156	2
535	604	4
535	194	5
535	1045	4
535	1	3
535	461	3
535	153	4
535	187	2
535	421	4
535	836	5
535	172	3
535	174	4
535	173	5
535	190	4
535	962	4
535	1166	4
535	237	4
535	9	5
535	181	4
535	381	3
535	484	5
535	778	2
535	506	5
535	209	5
535	204	5
535	507	5
535	654	5
535	645	4
535	608	4
535	196	4
535	499	4
535	454	3
535	478	5
535	1093	4
535	508	5
535	192	4
535	519	3
535	185	4
535	963	5
535	517	4
535	479	4
535	98	2
535	591	4
535	135	3
535	133	5
535	639	4
535	950	3
535	609	4
535	1170	3
535	953	5
535	1396	4
535	382	5
535	520	4
535	1039	4
535	52	4
535	83	4
535	50	5
535	282	3
535	144	3
535	121	4
535	283	4
535	47	5
535	170	4
535	210	5
535	433	5
535	480	4
535	223	5
535	1474	4
535	919	4
535	116	3
535	435	5
535	427	4
535	496	5
535	628	4
535	195	4
535	1149	4
535	8	4
535	197	5
535	657	5
535	566	3
535	151	4
535	425	5
535	59	3
535	955	3
535	612	4
535	86	4
535	168	5
535	558	5
535	655	4
535	166	4
535	152	4
535	466	3
535	171	3
535	662	3
535	469	3
535	205	3
535	1098	5
535	721	3
535	1136	4
535	318	4
535	502	5
535	727	4
535	137	4
535	79	3
535	58	5
535	71	4
535	131	4
535	16	4
535	971	2
535	518	5
535	429	3
535	658	4
535	505	4
535	60	5
535	423	5
535	212	4
535	789	2
535	207	4
535	1063	4
535	419	3
535	638	4
535	511	3
535	529	3
535	180	4
535	45	3
535	792	4
535	221	3
535	607	5
535	193	4
535	492	4
535	483	5
535	640	3
535	14	3
535	848	3
535	471	4
535	629	4
535	7	5
535	4	3
535	708	5
535	813	5
535	707	4
535	238	4
535	521	5
535	11	4
535	70	4
535	213	5
535	495	3
535	42	3
535	198	4
535	614	5
535	692	4
535	97	4
535	709	5
535	186	4
535	178	4
535	276	3
535	632	4
535	488	5
535	87	5
535	188	3
535	699	4
535	129	5
535	489	4
535	44	4
535	203	3
535	942	4
535	162	3
535	132	5
535	702	1
535	735	5
535	22	3
535	61	3
535	136	5
535	277	5
535	482	4
535	693	3
535	284	4
535	630	2
535	285	4
535	215	4
535	265	3
535	134	5
535	631	5
535	25	4
535	1101	4
535	275	4
535	389	4
535	515	3
535	498	4
535	258	5
78	301	5
78	269	3
78	288	4
781	286	1
78	327	1
78	294	3
78	323	1
78	289	4
78	880	5
78	298	3
78	257	4
78	255	4
78	813	2
781	878	1
78	93	4
78	476	3
78	25	3
781	289	3
781	268	2
781	258	2
781	302	5
781	324	4
781	294	1
781	327	4
781	322	2
781	245	2
781	288	2
781	180	4
781	56	3
781	195	4
781	483	5
781	474	5
781	187	5
781	191	4
781	127	5
781	179	5
781	523	5
781	97	4
781	1500	5
781	318	3
781	215	3
78	1160	5
781	69	3
781	100	5
781	223	4
78	871	3
78	1047	1
78	411	4
78	412	4
781	174	5
781	134	5
781	204	4
781	205	5
78	237	5
781	210	4
781	181	5
781	232	3
781	87	4
781	403	4
781	172	5
781	50	5
781	135	5
781	64	4
929	205	4
929	480	3
929	484	3
929	483	4
929	12	4
929	28	4
929	474	4
929	89	5
929	204	4
929	136	3
929	185	5
929	276	2
929	521	5
249	93	4
249	125	3
929	182	4
929	431	1
929	318	4
929	429	4
249	742	3
249	471	4
929	496	3
249	235	4
249	123	3
249	405	3
249	1011	5
249	273	4
929	187	5
929	654	3
249	24	4
249	222	4
249	628	3
249	455	4
929	517	5
929	174	3
929	172	4
929	479	4
249	240	4
249	147	5
249	237	5
249	148	3
929	98	5
929	144	3
929	22	5
929	423	4
249	13	4
249	117	4
249	546	3
249	597	2
249	411	3
249	409	4
249	108	3
249	826	1
249	476	3
249	472	3
249	290	2
249	456	3
249	930	2
249	1047	3
249	407	3
249	11	5
249	1073	4
249	583	4
249	603	5
249	182	5
249	83	5
249	403	4
249	479	5
249	188	4
249	723	4
249	176	4
249	179	5
249	68	5
249	241	5
249	431	5
249	746	5
249	686	5
249	2	3
249	469	4
249	684	4
249	210	3
249	216	4
249	218	3
581	269	3
581	285	5
581	515	4
581	100	5
581	1367	5
581	813	5
581	222	3
581	50	4
581	224	4
581	9	5
581	1375	5
581	1097	4
581	275	3
581	847	3
581	181	3
581	137	5
581	1353	4
581	276	3
581	475	4
581	844	5
581	221	2
581	283	2
581	922	5
581	253	5
581	7	4
581	127	5
581	919	5
581	936	3
14	127	2
417	242	3
417	258	4
417	302	3
417	270	2
417	713	2
417	50	3
417	293	4
417	508	3
417	127	4
417	100	3
417	15	5
417	147	4
417	246	4
417	515	4
417	257	3
417	596	3
417	7	3
417	181	3
417	248	4
417	286	5
417	273	3
417	298	3
417	413	3
417	255	3
417	3	4
417	109	2
417	472	2
417	1086	4
417	125	5
417	222	3
417	1047	4
417	597	3
417	235	2
417	1	4
417	628	3
417	25	2
417	979	3
417	475	4
417	250	4
417	294	4
417	825	4
417	324	1
417	151	5
417	117	4
417	123	2
417	252	3
417	405	3
417	24	3
417	742	2
417	118	4
417	685	1
417	13	2
417	121	3
417	290	4
417	544	3
417	764	3
417	16	3
417	762	3
417	546	3
417	1215	2
417	106	2
417	1288	1
417	815	4
417	1014	4
417	748	4
417	1028	3
417	993	3
417	323	3
417	831	2
417	928	3
417	122	2
417	827	2
417	823	2
417	473	2
417	767	1
417	176	5
417	96	3
417	203	4
417	228	3
417	11	5
417	182	4
417	178	3
417	234	4
417	95	5
417	419	4
417	223	5
417	65	4
417	98	5
417	496	3
417	663	3
279	945	5
417	923	3
417	190	5
417	196	5
417	474	4
417	186	5
417	357	5
417	23	3
417	423	4
417	58	3
417	461	3
417	202	4
417	134	4
417	81	5
417	1039	3
417	144	3
417	188	4
417	131	4
417	214	5
417	68	3
417	12	4
417	216	3
417	183	4
417	209	4
279	732	3
417	82	4
417	64	5
417	97	4
417	709	3
417	168	4
417	483	5
417	195	5
417	156	3
417	484	4
417	684	3
417	963	4
417	431	4
417	855	2
417	506	4
417	69	3
417	418	4
417	42	4
417	99	4
417	174	3
417	169	3
417	191	5
417	173	5
417	56	5
417	161	3
417	172	3
417	498	4
417	501	3
417	588	3
417	154	4
417	421	4
417	513	5
417	153	5
417	207	4
417	163	4
417	518	5
417	89	5
417	180	5
417	200	4
417	185	3
417	184	4
417	210	3
417	179	4
417	582	3
417	70	4
417	288	3
417	238	4
417	111	3
417	91	2
417	212	1
417	171	3
417	732	4
417	631	3
417	710	4
417	135	3
417	230	3
417	132	4
417	55	5
417	655	4
417	549	3
417	32	2
417	198	4
417	79	3
417	658	2
417	642	5
417	404	3
417	157	4
417	428	3
417	47	3
417	66	3
417	208	3
417	265	3
417	746	5
417	616	2
417	638	4
417	792	4
417	465	4
417	226	3
417	393	4
417	83	5
417	425	4
417	692	4
417	568	2
417	614	3
417	164	3
417	17	4
417	218	3
417	142	3
417	385	5
417	651	4
417	422	3
417	39	3
417	747	3
417	727	5
417	73	3
417	4	3
417	386	3
417	1119	3
417	1000	4
417	433	4
417	1091	3
417	636	3
417	420	4
417	201	4
417	436	3
417	1041	3
417	141	3
417	232	3
417	51	3
417	5	4
417	27	3
417	217	4
417	441	3
417	402	4
417	715	2
417	102	3
417	159	4
417	1183	4
417	774	4
417	139	3
417	1550	3
417	561	3
417	778	4
417	640	5
417	943	3
417	206	2
417	1182	3
417	708	2
417	231	4
417	1446	3
417	365	4
417	380	3
417	728	3
417	796	4
417	399	3
417	367	2
417	723	5
417	62	3
417	1044	3
417	562	4
417	219	3
417	145	3
417	559	4
417	101	3
417	411	2
417	63	3
417	1210	2
417	679	2
417	783	3
417	625	4
417	447	3
417	90	3
417	72	4
417	804	3
417	94	3
417	810	3
417	550	3
417	388	3
417	40	3
417	395	4
417	403	4
417	551	3
417	1018	3
417	80	4
417	758	2
417	451	4
417	384	4
417	77	3
417	1228	2
417	1095	3
417	940	2
417	771	3
417	1209	3
417	1232	2
417	541	2
417	555	1
417	158	2
417	576	3
417	1040	2
417	574	2
417	1139	3
417	800	2
417	579	2
417	1036	3
417	391	2
417	1539	2
417	674	2
417	563	2
417	396	2
417	1090	3
417	779	2
417	578	3
417	765	3
417	78	2
417	849	1
417	268	4
417	326	4
417	264	2
417	358	2
417	245	4
417	260	3
207	319	3
207	1115	2
207	1147	4
207	580	3
207	520	4
207	180	3
207	470	3
20	288	1
20	678	4
20	323	4
20	243	4
20	181	4
20	50	3
20	15	4
20	1	3
20	742	4
20	597	3
20	121	3
20	274	4
20	118	4
20	763	1
20	405	3
20	151	3
20	866	1
20	820	2
20	148	5
20	934	4
20	931	1
20	69	1
20	633	4
20	498	3
20	186	3
20	143	3
20	210	4
20	174	4
20	588	4
20	194	3
20	176	2
20	95	3
20	172	3
20	357	1
20	496	5
20	568	4
20	423	2
20	22	5
20	144	2
20	11	2
20	208	2
20	98	3
20	378	3
20	82	4
20	252	4
20	87	5
20	94	2
20	204	3
195	1014	4
390	286	4
390	258	5
390	302	5
390	754	4
390	319	5
390	304	5
390	329	3
390	990	4
390	289	3
390	690	3
390	328	4
390	989	5
390	331	2
390	300	5
390	1296	2
390	1	5
390	275	5
390	100	5
390	126	5
390	277	2
390	740	4
390	181	4
390	742	4
390	475	1
390	124	4
390	9	5
390	845	2
390	515	4
390	713	4
390	283	4
390	13	2
849	288	5
849	298	5
849	121	5
849	406	4
849	928	5
849	118	5
849	568	4
849	427	4
849	38	5
849	633	5
849	625	5
849	234	5
849	27	5
849	174	5
849	172	5
849	143	5
849	421	5
849	588	5
849	207	5
849	197	5
849	676	5
849	15	5
849	133	5
427	319	3
427	302	4
427	258	4
427	286	4
427	304	4
427	331	4
427	328	4
427	300	4
427	322	3
427	292	2
427	1296	5
427	263	5
427	938	5
427	1265	5
427	359	5
427	268	5
427	989	5
427	881	5
427	341	5
427	303	5
427	332	5
427	682	5
427	688	5
427	874	5
427	681	5
427	990	5
427	680	5
427	937	5
427	289	5
427	334	5
427	245	5
870	789	4
870	513	4
870	582	5
870	65	3
870	55	3
870	503	4
870	499	4
870	447	4
870	693	4
870	945	4
870	939	3
870	68	3
870	77	3
870	385	3
870	202	3
870	684	3
870	1046	3
870	943	2
870	550	3
870	219	2
870	2	2
870	583	2
870	53	2
870	1412	2
870	54	2
870	51	2
870	559	2
870	704	3
870	568	4
870	38	3
870	569	2
870	570	2
870	802	3
870	1044	2
870	554	2
870	810	3
870	1112	2
870	856	3
