339	1113	4
339	250	5
339	661	5
559	318	5
190	742	3
234	316	4
234	289	4
339	1240	5
835	423	4
835	234	5
835	505	3
835	588	3
190	147	4
190	591	4
190	125	3
835	633	5
835	197	5
339	136	5
339	1135	2
339	181	4
190	508	3
190	118	3
559	187	3
559	520	5
559	521	2
234	329	2
835	200	4
835	612	4
835	134	3
835	526	3
339	1039	4
339	153	4
559	513	5
559	127	4
559	863	5
835	465	3
835	650	5
835	185	4
339	228	4
234	984	2
234	989	2
339	518	5
835	514	3
835	660	4
828	328	3
559	22	1
559	69	5
559	87	4
559	519	5
234	358	1
339	649	5
234	873	3
234	322	2
835	183	4
835	1045	4
835	1673	3
835	421	4
339	130	4
559	661	3
559	199	5
339	549	4
401	50	1
401	477	1
401	473	1
835	28	4
623	815	2
623	274	4
559	12	3
339	673	5
234	887	3
835	239	5
835	486	4
835	205	3
559	427	4
559	587	4
234	243	1
623	222	4
339	639	4
339	939	4
835	488	5
835	673	4
623	291	3
623	121	4
559	191	5
835	194	4
828	906	3
828	270	5
339	451	3
339	790	2
339	241	4
339	117	3
794	286	3
794	242	5
559	527	4
559	1401	3
559	508	3
559	528	4
794	269	5
339	211	5
339	190	4
835	160	3
835	484	4
828	288	3
559	660	1
339	217	3
339	53	4
339	76	3
339	173	5
339	91	5
794	887	4
835	1063	4
835	186	4
623	603	4
623	525	4
623	183	3
828	751	3
835	609	4
559	1141	2
623	228	3
623	504	3
623	234	4
623	185	4
559	511	2
835	371	5
835	69	5
835	610	5
835	98	5
667	272	5
667	313	3
667	268	3
667	315	4
828	316	5
667	269	5
623	642	3
339	942	4
339	403	3
667	301	1
828	322	3
794	751	3
623	227	4
339	1248	3
559	56	3
559	144	5
667	880	3
667	316	4
339	248	4
339	1404	5
339	302	4
171	288	2
171	306	3
171	305	2
171	354	3
171	302	4
559	188	5
623	202	1
339	161	3
339	97	4
339	101	3
171	262	4
559	195	3
339	1110	4
339	159	3
171	906	3
171	268	4
559	566	5
559	226	5
559	233	3
339	735	4
339	1258	3
339	566	3
339	845	4
667	234	2
667	694	4
339	226	2
794	515	5
794	1251	4
171	304	3
623	216	4
623	163	3
623	523	4
171	340	3
171	690	3
623	153	3
667	223	5
667	427	5
667	651	5
667	182	5
667	357	5
339	961	3
339	660	4
339	427	5
339	265	3
794	275	4
171	303	4
171	258	4
171	326	2
171	286	3
171	245	3
339	143	5
339	218	3
667	131	5
339	675	4
667	285	5
623	211	3
623	186	3
667	9	5
171	272	5
171	327	4
171	292	4
171	310	4
171	887	4
171	346	4
171	315	4
171	270	4
171	313	4
171	269	4
339	402	3
339	614	3
171	344	3
171	1022	3
667	216	4
667	86	5
339	770	4
559	398	3
667	28	5
667	461	4
339	856	5
339	447	4
667	79	3
667	192	5
667	283	4
623	70	4
623	692	3
339	410	2
339	347	4
339	5	3
794	14	5
794	150	4
559	210	4
623	451	4
623	629	3
623	88	4
667	318	5
411	304	3
794	455	4
559	322	4
667	196	5
623	66	4
339	73	3
667	504	3
667	1101	3
667	186	4
667	197	4
339	640	5
339	1153	4
667	210	3
667	475	5
441	288	2
441	313	4
441	300	3
339	568	3
794	100	5
835	708	5
667	23	3
667	275	4
667	487	5
822	539	2
339	736	3
339	503	4
667	98	4
667	435	3
667	69	3
559	182	4
559	1101	4
559	55	4
559	180	4
559	515	4
559	550	4
559	385	4
559	902	4
559	174	4
559	197	4
623	204	5
623	210	5
623	435	5
623	194	5
623	483	5
623	648	5
623	50	5
623	659	5
623	275	5
623	79	5
339	25	4
339	1526	4
794	127	5
794	187	5
667	527	4
794	238	5
559	300	4
667	482	4
667	238	3
822	751	3
441	538	3
339	404	4
339	436	4
339	67	3
411	222	3
411	405	4
667	660	4
667	962	2
667	124	5
339	231	2
339	737	3
339	99	4
667	168	3
667	137	3
441	259	3
441	294	4
339	212	4
794	936	5
411	195	3
411	22	4
441	751	4
339	636	4
441	342	4
411	56	4
411	651	4
411	182	3
441	338	4
794	116	5
794	137	5
794	50	5
835	310	4
835	287	4
835	1153	4
835	176	4
835	50	4
411	228	3
835	509	4
835	272	4
835	378	4
835	23	4
835	237	4
339	163	4
852	289	2
559	347	3
441	683	2
794	285	5
411	227	3
411	230	3
411	229	3
559	261	3
411	449	3
411	38	4
559	259	3
794	118	2
339	411	2
828	895	2
828	355	2
828	325	2
828	900	2
828	752	1
828	886	1
828	271	2
828	347	1
828	748	2
828	345	1
441	100	3
339	88	4
339	121	3
559	257	3
441	1	5
441	7	4
411	435	3
339	431	4
441	117	4
441	121	4
441	405	3
559	294	1
339	550	2
339	227	2
411	238	3
441	282	4
441	9	4
445	886	3
852	127	4
411	209	4
559	687	3
339	415	3
445	340	5
794	13	4
339	380	3
339	229	3
794	514	5
828	19	5
828	6	1
828	275	3
828	224	3
411	208	4
411	1475	3
559	652	4
559	514	4
411	655	4
339	637	4
794	420	4
411	202	4
559	238	1
559	202	1
441	15	3
339	80	3
559	204	3
559	153	3
828	116	4
828	475	4
339	29	3
411	161	2
411	117	2
411	88	3
411	89	3
411	720	3
411	8	3
559	435	2
559	194	3
794	224	4
559	523	4
559	73	4
828	14	4
794	847	5
794	475	5
411	9	4
445	327	2
445	245	2
445	288	2
210	73	5
559	163	4
559	167	3
339	823	3
339	82	4
339	702	4
828	547	2
828	1068	4
828	283	3
794	1	4
828	24	4
931	313	4
559	216	5
931	310	3
931	269	3
559	4	4
931	302	4
794	249	3
445	895	2
210	393	3
559	524	3
931	303	4
931	344	4
559	70	3
559	393	2
931	900	4
210	629	3
794	109	4
559	502	4
931	347	4
794	24	5
794	181	4
210	502	3
828	20	2
828	10	3
931	362	3
559	94	3
210	40	3
852	264	3
931	258	3
931	690	4
931	1022	1
794	557	4
339	573	3
210	238	3
210	722	4
931	306	4
852	323	3
210	167	4
210	451	3
339	167	4
339	739	3
931	896	3
931	312	4
931	304	4
794	19	4
794	273	4
210	49	3
931	355	2
210	94	4
339	139	3
794	221	4
794	473	4
931	678	3
794	257	4
441	25	3
210	72	3
339	449	3
339	396	4
210	105	3
852	274	3
339	235	3
822	1110	4
852	250	4
852	259	4
852	515	5
852	181	4
852	257	4
852	681	4
852	678	3
852	50	5
852	260	3
852	358	3
339	546	4
339	1244	4
339	94	2
931	100	4
852	685	3
852	1615	2
852	100	4
852	1	4
931	744	4
794	248	4
931	126	4
852	7	3
828	652	5
828	207	4
828	1196	2
828	198	4
339	233	1
852	109	3
931	471	3
931	515	5
931	459	4
931	257	4
931	137	3
931	237	3
339	145	3
339	1139	3
828	381	3
828	171	3
828	960	5
931	121	2
931	283	4
931	293	4
828	509	2
828	1073	4
828	462	3
828	1056	1
339	240	4
931	111	3
931	14	4
931	250	2
931	297	4
741	181	4
931	508	4
822	1240	3
852	117	4
339	1030	1
931	50	3
828	463	2
828	694	2
931	116	4
809	272	5
809	315	5
809	302	5
809	313	4
809	340	4
809	319	3
13	896	5
339	719	3
339	270	2
931	255	4
852	235	4
339	678	2
931	125	4
931	181	4
852	25	3
809	307	5
809	286	4
809	331	2
852	290	4
828	557	2
828	190	3
828	83	3
339	383	1
852	408	5
931	298	4
931	546	3
822	206	3
852	252	3
852	827	2
852	840	3
931	290	2
931	281	3
931	845	3
852	473	3
339	288	3
852	121	4
852	926	3
931	685	4
809	258	3
809	333	3
809	300	4
852	151	4
828	730	3
828	179	4
828	59	5
828	531	4
931	476	3
809	328	5
809	289	1
931	245	4
931	220	3
828	753	4
828	86	3
828	923	3
828	558	3
809	322	3
809	299	4
339	194	4
931	252	3
809	748	3
88	302	3
88	286	5
822	358	3
339	514	3
809	245	3
809	678	2
931	1152	4
88	313	3
809	1025	1
828	170	3
828	510	3
852	546	4
565	166	4
565	165	4
565	171	5
852	405	3
852	118	4
88	750	2
88	315	4
88	904	5
822	1	4
565	639	5
565	170	5
822	408	5
565	1396	5
565	923	4
88	311	5
392	345	4
392	302	5
392	269	5
392	268	5
392	319	5
392	286	2
392	313	5
565	207	4
822	91	3
822	588	2
822	432	3
822	169	4
822	189	4
822	95	4
88	308	4
392	270	4
392	300	2
392	340	5
392	272	5
392	346	4
392	303	4
565	212	5
565	10	5
565	512	3
565	707	5
822	71	4
822	101	2
828	61	5
88	880	3
828	702	2
88	300	3
565	1622	4
392	310	4
392	344	4
392	271	1
565	30	5
931	300	5
931	909	5
931	333	5
931	286	5
931	127	5
931	316	5
931	275	5
931	272	5
931	750	5
565	52	5
392	288	4
392	333	4
392	258	2
392	294	4
392	312	4
852	597	3
565	190	5
565	652	5
931	315	5
565	382	5
852	825	3
392	347	4
852	472	3
88	301	4
852	841	4
565	855	5
565	381	2
565	83	5
565	70	5
392	328	3
392	325	4
828	52	3
828	382	3
828	57	3
392	321	5
392	326	2
565	462	4
565	509	4
565	713	5
88	321	1
88	690	4
88	319	3
88	354	5
392	304	4
392	880	4
392	324	1
828	1672	2
852	122	1
852	820	4
565	86	5
565	970	4
392	289	5
392	323	3
852	930	3
852	407	3
565	179	5
392	872	4
392	260	1
565	213	4
565	515	5
852	826	3
392	316	5
828	1597	3
828	1005	3
828	582	3
565	638	4
565	730	5
565	640	4
392	873	3
392	875	3
392	538	2
88	898	4
565	1018	5
565	971	5
828	213	2
852	1052	4
852	506	4
852	969	5
852	568	4
828	640	2
828	1462	3
828	1153	3
828	26	3
828	512	5
828	737	1
828	921	4
828	1622	1
828	1268	2
88	881	5
88	886	5
88	261	5
88	1191	5
88	326	5
392	246	5
392	515	5
392	50	5
392	127	5
392	297	4
392	181	5
392	1160	2
392	293	4
392	1007	5
392	250	3
392	1143	4
392	257	5
392	1142	5
392	1012	4
392	1014	3
392	248	4
392	298	1
392	534	4
828	961	2
392	249	1
392	255	3
392	1258	1
392	244	3
828	958	5
392	1226	4
392	134	5
392	11	4
392	528	5
392	615	5
392	180	5
392	657	5
392	114	4
392	495	3
392	172	5
392	99	5
392	705	5
392	200	3
392	189	4
392	165	5
392	58	4
392	837	5
392	166	5
392	517	5
392	199	5
392	23	5
822	1091	1
392	129	4
392	493	4
392	178	5
392	511	5
392	482	5
392	179	5
392	589	4
392	463	3
392	169	4
392	209	5
392	488	4
392	197	5
392	650	5
392	510	4
392	98	5
392	174	5
392	492	4
392	632	5
392	813	3
392	170	5
392	191	5
392	604	5
392	847	4
392	663	4
392	513	5
392	491	5
392	276	4
392	8	5
392	59	4
392	173	4
392	285	3
822	111	4
822	410	1
822	235	3
822	25	3
591	100	5
591	283	4
591	285	5
591	116	4
591	508	4
591	1017	3
591	13	4
591	1120	4
591	1028	3
591	866	3
591	25	4
591	235	3
591	934	3
591	740	4
591	275	4
591	237	3
822	926	2
741	7	3
741	660	3
591	856	4
591	451	3
591	381	4
591	72	3
591	4	4
591	712	3
591	517	4
485	302	5
485	313	4
485	311	3
485	242	5
741	393	2
485	269	4
485	345	1
485	538	3
485	328	2
485	889	5
485	303	4
485	347	2
485	286	2
485	346	4
485	752	3
485	307	3
485	294	1
485	288	3
485	321	3
485	319	3
485	289	3
485	748	2
485	301	2
485	326	2
485	245	3
485	341	4
485	330	3
548	311	3
548	272	2
548	345	1
548	302	4
548	286	1
548	750	4
548	258	4
548	310	3
548	307	4
548	690	3
548	292	4
548	331	4
548	344	1
548	333	4
548	245	4
548	305	1
548	346	4
548	327	3
548	340	1
548	288	3
548	751	4
190	291	3
190	628	4
190	696	3
190	281	3
190	930	2
190	977	2
190	717	3
548	294	3
548	683	4
548	328	4
548	181	4
548	127	5
548	9	1
548	1	4
548	14	1
548	1025	4
548	326	4
548	882	4
548	887	4
548	322	4
548	271	3
548	898	1
548	343	4
548	358	2
548	678	4
548	323	4
548	264	4
548	293	4
548	255	4
548	248	4
548	298	4
548	1016	4
548	748	3
548	1013	3
548	532	4
548	1014	4
548	1244	4
548	252	3
548	254	1
548	1089	2
548	991	1
864	250	3
333	315	5
333	269	2
548	316	4
864	257	4
548	905	4
548	7	5
548	50	5
548	100	5
548	295	5
548	270	5
548	250	5
548	300	5
548	313	5
548	515	5
548	257	5
548	176	4
548	234	4
548	156	5
548	603	5
548	12	5
548	185	5
548	56	5
333	300	4
548	98	5
548	23	5
548	183	5
548	1073	4
548	657	5
548	273	5
548	654	5
548	659	4
548	466	5
548	431	5
548	164	5
548	443	4
548	525	5
548	203	5
548	31	5
548	39	5
548	79	5
548	55	5
548	504	5
548	281	4
548	636	4
548	649	4
548	218	4
548	642	4
333	748	4
548	233	5
548	742	5
548	581	4
548	17	3
548	229	5
548	226	5
548	222	5
333	316	5
659	272	4
659	257	2
659	316	4
659	345	4
659	294	4
659	50	3
659	315	3
333	276	4
333	174	5
333	520	4
659	255	3
333	180	1
659	252	4
333	435	4
659	1138	4
333	186	4
333	739	5
333	513	4
333	98	4
333	483	4
333	153	4
333	79	3
333	294	3
333	168	4
333	894	3
333	873	3
333	127	4
333	66	5
333	88	5
333	255	3
333	100	4
659	176	4
659	489	4
659	153	4
659	216	4
659	98	4
659	836	4
659	170	3
161	315	5
161	286	2
161	309	2
161	898	3
161	316	5
161	272	5
161	135	2
161	523	3
161	1266	2
161	48	1
161	202	5
161	582	1
161	174	2
161	318	3
161	215	2
161	276	5
161	204	2
161	50	2
161	187	3
161	133	2
161	428	3
161	70	3
161	435	2
161	100	4
161	168	1
161	483	3
161	56	3
161	22	2
161	98	4
161	654	3
161	487	3
161	162	2
161	14	4
161	132	1
161	194	1
161	186	4
161	640	2
161	265	2
161	69	4
161	486	1
161	508	2
161	210	2
161	127	3
161	197	3
161	496	3
161	191	2
161	181	2
161	177	2
161	213	2
161	274	2
161	257	3
161	284	3
161	15	2
161	225	1
161	473	1
161	929	1
161	1117	3
161	118	2
354	272	3
354	242	5
354	319	3
354	269	4
354	268	4
354	313	3
354	258	4
354	904	5
354	311	5
354	344	5
354	286	4
354	306	5
354	292	4
354	305	4
354	887	4
354	896	4
354	900	4
354	303	5
354	308	4
83	301	2
83	892	2
83	298	4
83	846	3
83	245	2
83	243	3
83	471	3
83	597	2
83	105	2
83	1047	2
83	871	2
83	413	1
83	406	2
83	407	1
669	348	1
669	258	2
669	354	1
669	326	1
669	879	2
669	329	1
669	323	1
669	355	2
669	898	1
669	902	2
669	340	4
669	302	4
669	313	4
669	271	2
669	347	3
491	319	1
491	286	4
491	127	3
491	493	4
491	129	4
491	124	5
491	475	4
491	116	5
491	19	4
491	408	5
491	7	3
491	14	2
491	284	3
491	236	4
491	285	5
491	1281	3
491	100	5
491	237	3
491	273	5
491	696	3
934	286	4
934	269	2
934	302	4
934	315	4
934	313	3
934	303	4
934	902	4
934	316	4
934	181	4
491	12	5
491	23	2
491	657	5
491	513	5
491	654	5
934	50	5
934	151	3
934	100	4
934	13	5
491	684	5
934	257	4
491	190	4
491	45	5
934	533	3
491	340	4
491	900	5
491	258	4
934	121	3
934	405	5
491	294	2
491	325	1
934	237	4
934	297	5
934	818	1
934	411	3
934	254	4
934	483	3
934	132	4
934	209	1
934	191	5
934	648	3
934	170	4
934	213	4
934	156	3
934	186	2
934	175	4
934	183	2
934	661	4
934	427	4
934	657	3
934	414	5
934	196	5
934	1065	2
934	89	5
934	96	4
934	134	4
934	172	5
934	210	4
934	208	5
934	516	3
934	527	3
934	629	4
934	614	3
934	435	4
934	154	3
934	481	4
934	420	4
934	462	4
934	498	3
934	216	1
934	174	5
934	514	5
934	162	3
934	195	4
934	179	2
934	135	4
934	223	5
934	423	3
934	461	4
934	190	4
934	131	4
934	617	4
934	199	4
934	705	4
934	83	4
934	226	4
934	86	3
934	234	2
934	168	4
934	56	5
934	1449	5
934	474	4
934	432	5
934	197	5
934	492	4
934	2	4
934	144	4
934	811	4
934	507	4
383	315	5
383	272	3
383	313	2
383	286	5
934	488	5
934	526	2
383	302	4
934	193	4
383	345	2
383	340	5
934	675	4
934	630	4
934	708	3
934	97	4
383	268	5
383	321	5
383	319	2
934	204	4
383	316	5
934	451	4
934	177	3
383	660	4
383	427	5
383	517	5
383	180	5
383	134	5
383	663	5
383	641	4
383	9	5
383	435	4
383	14	5
383	237	4
383	238	5
383	182	5
934	419	4
934	855	4
934	1018	4
934	663	5
934	794	4
383	166	4
383	657	5
383	531	3
383	197	5
383	496	5
383	1063	5
383	19	4
934	963	5
934	65	4
934	965	4
383	484	4
383	124	4
383	736	5
383	514	5
383	188	5
934	173	3
383	479	4
383	185	5
383	483	5
383	464	4
383	137	5
934	1203	5
934	393	2
934	69	5
383	100	4
383	654	5
383	513	5
383	604	5
383	478	5
383	135	5
383	505	4
383	193	4
383	1005	3
383	474	5
383	81	4
934	550	4
383	132	5
383	504	4
934	202	5
934	792	3
383	475	2
383	357	5
383	223	3
383	213	5
383	89	3
383	200	5
383	639	4
383	425	4
934	66	4
383	86	5
383	285	5
383	205	4
383	58	4
383	603	5
383	488	4
383	480	5
383	528	4
383	203	5
934	161	4
934	624	4
934	163	4
934	506	4
934	664	4
934	67	4
934	510	5
934	228	4
934	674	4
934	581	2
934	961	4
934	732	5
934	786	1
934	82	4
934	805	4
934	152	4
934	99	3
934	554	4
934	157	2
934	229	4
934	502	4
484	250	4
934	211	4
484	879	4
484	431	4
484	153	5
484	69	5
484	210	5
484	71	2
484	136	5
934	212	4
934	239	4
484	135	4
484	655	5
934	660	5
484	22	5
484	732	5
934	529	5
934	88	4
484	468	5
934	449	4
484	51	4
484	651	5
484	318	5
484	392	4
484	97	5
484	692	5
484	173	5
484	239	4
484	70	5
484	211	4
484	168	4
484	204	5
484	56	5
934	602	3
484	216	4
484	451	4
484	4	4
484	202	5
484	88	4
484	746	4
484	73	4
484	186	4
934	25	4
484	778	5
484	393	1
484	150	4
934	605	4
484	172	5
484	176	4
484	89	4
484	174	5
484	144	4
484	79	5
484	183	4
484	96	5
484	228	5
484	195	5
484	226	4
484	684	5
484	241	3
484	550	4
484	2	4
484	385	4
484	566	4
484	230	5
484	568	3
934	1411	4
934	703	4
484	578	3
484	161	4
484	233	5
484	82	4
484	229	5
484	679	2
484	265	5
484	231	2
934	428	4
934	650	4
484	823	4
484	849	3
484	227	5
484	29	3
484	38	4
484	720	4
934	403	4
484	554	4
484	399	4
484	472	4
484	562	3
934	384	4
484	449	4
484	665	4
934	495	4
484	53	1
484	829	2
484	234	4
484	98	4
934	4	5
934	1311	1
934	70	4
484	143	4
484	87	5
484	427	5
484	423	5
484	95	4
484	588	5
484	699	4
934	389	3
484	419	4
484	625	4
484	422	3
484	755	4
484	94	4
484	415	3
484	141	4
484	951	1
484	560	4
484	197	4
484	275	3
934	72	3
934	1135	3
934	94	4
934	709	3
934	584	4
934	501	4
934	1285	3
934	712	4
934	755	4
934	436	3
934	145	3
934	771	3
934	1037	1
934	225	2
660	315	4
660	313	4
660	272	4
660	307	3
934	573	2
660	898	4
660	271	3
660	362	2
660	347	3
660	328	3
660	266	2
660	301	3
934	388	3
934	949	3
660	294	3
660	316	4
660	349	3
660	748	3
660	243	2
660	259	4
660	358	2
934	1425	1
660	117	3
660	257	4
660	121	2
660	50	4
660	181	4
660	100	3
660	222	2
660	249	2
660	123	2
660	250	4
660	846	2
660	7	3
660	24	3
660	742	2
660	151	5
660	845	3
660	235	3
660	125	3
660	472	2
660	298	2
660	1615	2
660	252	2
660	405	2
660	118	2
660	290	4
660	825	2
660	546	2
660	281	3
660	21	3
660	826	3
660	930	2
660	122	1
660	890	1
660	456	1
660	473	2
660	120	1
660	172	4
660	64	3
660	510	3
660	215	3
660	496	3
660	211	4
660	432	4
660	87	2
660	318	3
660	134	4
445	752	1
660	568	3
660	603	4
660	176	3
445	302	1
660	208	4
660	265	2
660	22	4
445	330	2
660	210	4
660	462	2
660	174	4
445	324	1
445	310	1
445	908	1
445	879	2
660	98	4
660	79	2
660	419	2
660	491	4
445	1591	4
660	175	3
445	343	1
660	68	4
660	515	2
445	689	1
445	748	1
445	271	1
660	168	5
660	746	4
660	183	2
445	881	1
445	289	1
445	1601	1
445	325	1
660	173	5
660	675	3
660	83	3
660	196	4
660	657	2
660	207	4
445	1378	2
445	9	2
445	246	1
445	1097	1
445	994	1
660	202	2
660	132	3
445	50	2
660	430	4
445	1534	1
445	1	3
445	1252	1
445	408	3
445	248	1
660	186	3
660	8	2
660	483	4
660	216	2
445	117	1
660	429	4
660	663	2
660	1020	4
660	135	4
445	1012	1
445	295	1
660	230	3
660	144	3
445	273	2
445	276	3
660	385	3
660	470	2
660	435	4
445	298	2
445	237	2
660	423	3
660	710	3
445	257	2
445	93	1
445	293	3
445	181	2
660	197	3
660	89	3
445	147	2
660	163	2
445	1129	4
660	357	2
660	177	2
445	591	2
660	474	2
660	392	2
660	527	3
660	179	4
445	742	1
445	508	2
445	7	1
445	628	1
445	1187	3
445	123	1
445	844	2
445	274	2
445	410	1
445	1016	1
660	658	1
660	228	3
660	33	2
660	91	4
445	221	1
660	182	2
445	291	2
445	121	1
445	919	1
445	763	2
445	979	2
445	458	2
445	744	2
445	235	1
660	164	2
445	840	1
445	1011	1
445	597	1
445	1008	1
445	845	2
445	1009	2
660	238	3
445	762	1
445	1528	2
660	652	4
660	204	3
660	153	4
445	933	1
445	1067	1
445	1245	1
445	1051	1
660	97	3
445	281	1
445	546	2
445	544	2
660	434	3
660	71	2
660	96	3
445	1081	1
445	831	1
445	1199	1
445	249	2
660	47	2
660	485	3
660	82	2
660	95	2
445	118	2
445	1014	1
445	1010	1
660	201	3
660	625	3
660	154	4
660	523	3
445	1598	1
445	871	2
660	1181	1
660	428	4
660	774	3
660	404	2
445	460	2
445	823	1
445	829	1
445	595	2
660	747	4
445	1047	1
445	818	1
660	431	4
660	1050	4
660	636	2
660	99	2
445	1277	2
660	184	3
660	159	1
660	217	2
445	209	4
445	959	5
445	405	4
445	151	4
445	56	5
445	174	4
445	346	5
445	475	5
445	902	4
445	1143	4
660	386	2
660	239	2
660	755	2
660	1183	1
660	1065	2
660	559	2
660	679	2
660	1035	2
660	2	2
660	227	2
660	161	1
660	640	1
660	101	3
660	62	2
660	1411	2
660	90	2
660	402	3
660	1074	1
660	1133	2
660	72	3
660	569	2
660	1078	2
660	393	2
660	550	2
660	167	2
660	809	2
660	380	2
660	926	2
660	1240	3
660	40	2
660	1135	2
660	800	2
660	946	2
660	797	2
660	449	3
660	80	1
660	84	2
660	63	2
660	391	2
660	1110	2
660	38	2
660	67	1
660	542	2
660	94	2
660	739	2
660	444	2
660	1139	2
660	771	2
660	145	2
660	1419	1
660	139	2
840	272	4
840	750	4
840	303	5
840	884	5
840	100	5
840	285	4
840	14	5
840	515	5
840	137	5
840	221	4
840	297	5
840	50	4
840	127	4
840	473	5
840	7	4
840	936	4
840	845	5
840	405	4
840	756	4
840	252	4
840	257	3
840	121	2
840	181	3
840	118	3
840	300	3
840	520	5
840	531	5
840	496	5
840	474	5
840	511	4
840	174	4
840	707	5
840	357	5
840	435	4
840	79	4
840	134	3
840	152	4
840	98	5
840	191	4
840	654	4
829	313	4
840	169	5
840	83	5
840	492	5
840	638	3
840	56	5
840	165	5
840	238	5
840	498	5
840	194	3
840	582	5
840	22	3
829	286	4
829	705	4
829	237	3
829	427	4
840	513	5
840	163	4
840	208	4
840	484	5
840	632	3
840	517	4
840	202	5
840	663	4
840	185	5
840	173	5
840	519	5
840	135	5
840	615	5
840	198	3
840	132	4
840	489	3
840	506	5
840	479	4
840	209	4
840	430	5
840	48	3
840	89	5
840	661	5
840	664	3
840	945	3
840	99	5
840	197	5
840	611	4
840	414	4
840	69	4
840	525	5
840	1266	5
840	603	5
840	509	3
840	154	3
840	639	4
840	96	2
840	210	3
840	644	4
840	153	3
840	172	3
840	609	4
840	203	5
840	607	4
840	478	3
840	64	4
840	642	4
840	183	5
840	705	4
840	170	4
840	505	5
840	645	3
840	176	3
840	465	4
840	166	5
840	182	4
840	659	5
840	429	3
840	186	4
840	23	5
840	195	5
840	168	5
840	529	4
840	671	3
840	11	3
840	732	3
840	81	4
840	234	5
840	526	4
840	606	4
840	175	4
840	631	4
840	647	5
840	97	3
840	656	4
840	521	5
840	179	5
840	196	4
840	675	4
840	514	5
840	855	4
840	1451	5
840	216	4
840	180	5
840	637	3
840	213	4
840	187	3
840	45	4
840	204	4
840	655	5
840	516	5
840	657	5
840	462	3
840	463	5
840	367	4
840	737	4
840	52	3
840	588	4
840	512	5
61	258	4
61	269	3
61	331	2
61	310	4
61	333	3
61	751	3
61	1127	4
61	328	5
61	300	5
61	327	2
61	690	2
61	301	1
61	323	3
480	302	4
480	272	4
480	319	3
480	347	3
480	298	2
480	1388	4
480	1007	4
480	127	3
480	100	4
752	900	4
752	310	1
752	315	2
752	313	3
752	750	2
752	333	3
480	237	2
752	904	4
752	347	4
752	896	3
752	882	4
752	887	1
480	258	3
752	345	1
752	1294	3
752	272	4
752	258	3
752	351	3
752	1243	4
752	905	2
752	286	1
752	305	4
752	1024	3
480	50	4
480	249	1
752	1105	3
752	346	4
752	311	3
752	331	4
752	909	3
752	355	2
752	268	2
480	257	4
480	294	1
752	270	4
752	301	4
752	1527	1
752	340	4
752	1265	3
752	325	2
752	300	3
752	1176	2
752	690	4
752	1127	3
752	332	4
480	166	5
480	615	4
480	485	4
752	321	3
752	344	4
752	751	4
752	752	3
752	348	4
480	197	3
480	479	4
480	603	4
480	98	4
752	294	3
752	260	3
752	323	1
752	322	1
752	1463	4
752	354	2
752	995	4
480	190	5
480	191	4
480	483	3
480	64	3
752	289	1
752	326	1
752	683	4
752	678	3
480	169	5
480	661	4
480	527	4
752	338	3
752	316	3
480	174	5
480	863	4
480	175	3
752	350	4
752	539	4
480	265	3
480	152	4
480	165	5
752	748	4
480	12	5
752	259	5
752	302	5
752	307	5
752	269	5
752	306	5
752	327	5
752	358	4
752	288	5
752	271	5
752	902	5
480	510	4
480	517	4
752	589	4
752	621	1
752	1279	3
480	56	4
480	213	5
480	172	3
480	705	4
480	462	4
480	203	4
480	114	4
480	8	5
480	209	4
480	511	4
480	96	4
840	504	3
840	480	5
480	208	2
480	89	4
480	183	4
840	507	4
480	1121	4
840	483	5
480	185	2
480	654	4
480	79	4
480	443	4
480	234	4
480	504	4
480	642	4
279	1498	4
279	1489	3
840	419	5
279	1027	4
279	238	4
840	70	3
279	809	3
840	8	5
840	493	5
840	91	5
840	157	4
279	101	3
279	594	1
840	708	4
279	364	4
279	1288	4
279	153	5
279	948	3
279	7	5
279	1170	1
840	144	3
279	235	3
840	501	4
840	212	4
840	82	3
840	199	4
279	1230	3
279	1120	3
279	1087	2
840	499	4
840	88	4
840	640	3
840	528	5
840	1065	5
840	566	5
840	215	4
840	628	4
840	503	4
840	495	3
279	436	4
279	1059	4
279	778	4
840	432	5
840	616	5
840	650	4
840	653	5
840	117	3
840	971	4
840	423	5
840	747	4
840	443	5
840	143	4
840	66	3
840	428	4
840	497	4
840	71	3
840	190	5
840	1639	4
840	949	4
840	1018	3
840	1674	4
840	1214	1
840	580	3
870	1451	3
332	350	4
332	249	3
354	270	5
354	321	2
354	882	4
354	149	5
354	20	5
354	473	3
354	50	4
354	515	3
354	285	5
354	275	4
354	1007	4
354	19	5
354	1511	4
354	14	4
354	137	3
354	7	4
354	936	4
354	246	4
354	508	3
354	9	3
354	283	4
354	124	5
354	744	4
354	181	4
354	100	5
354	251	5
354	109	3
354	10	5
354	740	4
354	116	5
354	847	3
354	257	3
354	276	3
354	297	4
354	255	2
354	221	4
354	676	5
354	93	4
354	533	5
354	13	3
354	922	4
354	287	3
354	222	3
354	25	2
354	1241	4
354	1017	3
354	929	4
354	281	1
354	248	4
354	191	4
354	558	4
354	603	5
354	496	3
354	865	3
354	47	4
354	199	4
354	8	5
354	213	5
354	60	5
354	497	4
354	494	4
354	652	4
354	170	4
354	190	4
354	659	4
354	433	3
354	479	4
354	1039	4
354	189	3
354	81	3
354	79	2
354	180	3
354	962	4
354	487	3
354	134	4
354	483	4
354	428	4
354	694	5
354	511	4
354	792	4
354	518	3
354	710	4
354	318	3
354	478	5
354	527	4
354	208	4
354	173	3
354	238	4
354	610	4
354	1194	4
354	631	4
354	714	4
354	87	3
354	971	3
354	753	5
354	169	3
354	464	4
354	197	4
354	1065	3
354	42	2
354	638	4
354	52	5
354	705	4
354	89	4
354	143	4
354	133	3
354	1466	5
354	463	4
354	423	4
354	655	3
354	57	5
354	97	3
354	529	4
354	498	4
354	606	5
354	707	4
354	629	3
354	485	4
354	162	3
354	733	3
354	651	3
354	650	3
354	664	5
354	602	3
354	210	3
354	136	5
354	165	4
354	419	4
354	604	4
354	584	5
354	193	3
354	513	5
354	216	3
354	520	3
354	131	3
354	186	4
842	272	4
842	269	5
842	302	5
842	315	3
842	344	1
842	258	3
354	381	5
354	83	4
354	516	5
354	489	4
842	313	4
842	362	3
354	480	4
354	382	5
354	531	4
354	582	4
354	154	4
354	709	5
354	32	3
842	306	4
354	889	5
842	303	5
354	1101	3
354	175	5
354	435	4
354	45	5
354	65	4
842	268	5
842	749	4
842	1395	4
842	324	4
842	874	5
354	174	4
354	185	3
354	61	5
354	811	5
842	333	4
354	462	3
354	528	5
354	660	3
354	209	3
842	751	4
842	328	2
842	340	5
842	288	3
354	607	3
354	70	3
354	59	5
354	953	3
354	1063	3
354	135	3
354	509	5
842	270	5
842	754	1
354	605	3
354	958	4
354	956	4
354	657	4
354	735	3
354	86	5
354	98	3
842	752	4
842	1105	2
354	151	3
354	58	3
354	166	4
354	432	3
354	153	3
354	429	3
354	196	3
842	349	3
842	886	4
842	902	5
354	699	3
354	414	4
354	168	5
354	736	5
354	1137	4
354	1085	3
354	1197	3
163	879	2
163	316	5
163	347	4
163	258	4
163	300	3
163	269	3
163	301	3
163	286	3
163	326	3
163	272	4
163	305	2
163	97	4
163	28	3
163	56	4
163	357	4
163	234	3
163	433	1
163	202	3
163	64	4
163	318	4
163	216	3
163	98	4
163	288	3
866	300	1
61	294	2
61	304	4
866	302	2
866	313	1
866	896	2
866	889	2
866	305	2
866	272	2
866	242	3
866	882	2
866	306	4
866	340	2
866	887	3
866	269	3
866	303	4
866	344	2
866	347	4
866	900	4
866	315	4
866	319	4
866	321	3
616	315	4
616	286	5
616	307	2
616	333	2
616	292	4
616	302	5
616	272	5
616	269	4
616	362	3
616	327	3
616	346	3
616	303	4
616	313	5
616	750	5
616	328	3
616	326	3
616	895	3
616	300	4
616	288	4
616	258	4
616	347	4
616	331	4
616	678	2
616	339	3
616	689	4
616	329	3
616	301	3
616	349	4
616	873	3
616	245	3
616	299	3
616	323	4
616	348	3
616	1313	4
616	289	4
616	316	4
616	322	4
616	748	3
616	879	4
616	343	4
616	260	3
616	355	4
616	937	4
934	972	3
934	153	5
934	1	2
613	303	4
613	272	5
613	576	3
613	127	4
613	632	3
613	64	5
613	1157	2
613	607	4
613	514	4
613	509	4
613	89	5
613	176	5
613	478	5
613	28	3
613	530	5
613	603	5
613	318	5
613	12	5
613	194	5
613	435	5
613	126	5
613	297	5
613	1315	4
613	50	5
613	258	5
613	1	4
613	471	3
613	279	4
234	874	1
234	124	4
234	1	3
234	9	3
234	847	4
234	14	3
234	1011	3
234	137	3
234	16	2
234	285	4
234	93	3
234	7	2
234	221	2
234	283	3
234	546	1
234	619	2
234	980	2
234	10	3
234	20	4
234	596	2
234	472	2
234	929	1
234	287	3
234	276	3
234	148	3
778	56	3
778	197	4
778	582	1
778	132	2
778	157	3
778	94	2
778	249	3
778	451	1
778	496	1
778	35	1
778	8	1
639	750	2
639	242	4
639	313	1
639	306	4
639	269	3
639	311	3
639	286	4
639	305	1
639	990	1
639	300	3
639	323	1
639	12	3
639	1065	1
639	423	2
639	513	4
639	1465	2
639	427	4
639	191	3
639	285	1
639	661	4
639	199	3
639	357	3
639	526	4
639	1101	3
639	193	3
639	647	3
639	87	3
639	28	4
639	528	4
639	135	4
639	511	4
639	660	2
639	509	3
639	215	1
639	1194	5
639	137	3
639	48	4
639	237	1
639	58	3
639	527	4
639	740	4
639	179	1
639	664	2
639	1163	1
639	471	2
639	651	4
639	356	2
639	387	3
639	519	4
639	162	3
639	86	4
639	655	3
639	673	4
639	953	2
639	549	2
639	865	1
639	196	3
639	648	3
639	197	3
639	275	4
639	517	2
639	694	5
639	173	1
639	707	5
639	747	3
639	213	5
639	216	3
639	451	4
639	212	4
639	692	3
639	381	2
639	580	2
639	709	3
639	662	2
639	724	3
639	202	2
639	731	2
639	51	2
639	111	2
639	778	5
639	727	2
639	155	3
639	88	3
639	59	3
639	165	3
639	923	4
639	863	4
639	1193	4
639	116	3
639	582	3
639	512	2
639	60	3
639	61	3
639	584	2
639	83	4
639	638	4
639	170	4
639	19	4
639	14	5
639	1005	2
639	52	3
639	1195	2
639	462	5
639	166	3
639	70	3
639	510	3
639	57	3
639	198	2
639	1121	2
639	714	2
639	971	4
639	382	2
639	283	4
639	659	3
639	1020	4
639	210	3
639	174	4
639	488	4
639	615	5
639	194	4
639	100	1
639	371	1
639	274	1
639	97	1
639	604	4
639	483	5
639	835	4
639	178	5
639	487	5
639	514	4
639	98	4
639	516	4
639	168	1
639	414	3
639	204	3
639	792	2
639	153	3
639	796	1
639	716	1
639	553	3
639	280	3
639	66	3
639	739	3
639	702	2
639	949	3
639	786	3
639	958	4
639	962	1
932	890	1
932	14	4
932	475	4
932	509	3
932	652	3
932	1266	4
932	1449	5
932	170	4
932	165	4
932	1558	5
932	213	3
932	462	4
932	1512	5
932	45	5
932	863	4
932	855	5
932	212	4
932	198	4
932	1021	4
932	510	4
932	86	4
932	639	5
932	70	4
932	30	4
932	1573	4
932	179	5
932	640	2
932	1121	5
932	736	3
932	515	4
932	135	5
932	199	5
932	675	4
932	98	5
932	119	5
932	484	5
932	89	5
932	100	5
932	191	4
932	612	5
932	615	5
932	1020	5
932	607	4
932	491	5
932	197	5
932	169	5
932	9	5
932	632	4
932	133	4
932	429	5
932	524	5
932	507	5
932	1451	5
932	427	4
932	519	4
932	489	4
932	211	5
932	527	4
932	144	3
932	506	4
932	502	4
932	136	5
932	493	5
932	1149	4
932	657	5
932	479	5
932	208	5
932	520	4
932	178	5
932	1204	5
932	435	4
932	430	4
932	183	4
932	516	5
932	481	4
932	654	5
932	603	5
932	114	5
932	530	4
932	648	5
932	514	5
932	1	4
932	497	5
932	503	4
932	478	4
932	483	5
932	528	5
932	154	5
932	55	3
932	521	5
932	705	4
932	174	4
932	443	4
932	64	2
932	234	3
932	494	4
932	96	4
932	523	4
932	661	5
932	7	4
932	432	4
932	47	4
932	188	3
932	193	3
932	836	5
932	606	4
932	496	4
932	134	4
932	1184	3
932	205	5
932	482	5
932	805	4
932	99	4
932	504	4
932	209	5
932	511	5
932	488	5
932	513	5
932	841	2
932	173	3
932	141	4
932	498	5
932	613	4
932	285	4
932	185	4
932	811	4
932	525	5
932	474	5
932	611	5
932	189	5
932	175	4
932	176	5
932	194	5
932	172	5
932	650	5
932	380	4
932	646	4
932	416	3
932	131	4
932	487	3
932	745	5
932	203	4
932	56	4
932	589	5
932	177	4
932	238	3
932	1205	5
932	517	5
932	195	4
932	157	4
932	204	4
932	274	5
932	162	4
932	168	5
932	526	5
932	480	5
932	235	2
932	659	5
932	1397	4
932	210	4
932	968	4
932	1126	5
932	490	4
932	1456	4
932	218	3
932	671	3
932	1116	4
932	447	3
932	431	3
932	459	4
932	647	5
932	180	4
932	1050	4
932	434	5
932	196	4
932	54	4
932	229	4
932	636	3
932	153	4
932	495	5
932	428	4
932	529	4
932	230	4
932	616	5
932	405	4
932	486	5
932	570	4
932	649	4
932	101	3
932	151	3
932	436	3
932	82	3
932	163	4
932	778	4
932	226	3
932	389	3
932	967	4
932	385	2
932	550	2
932	470	3
932	709	4
932	541	1
932	228	4
932	566	4
932	222	4
932	663	4
932	161	3
932	679	2
932	1065	5
932	1139	2
932	617	4
932	448	2
932	562	2
932	67	2
932	167	4
932	708	4
932	1411	4
932	121	3
932	38	2
932	676	4
932	399	4
932	379	2
932	755	2
932	77	2
932	1035	4
932	155	3
932	109	2
932	414	4
932	225	2
932	1454	4
932	665	2
932	148	2
932	560	2
932	576	2
932	1305	2
932	105	2
932	1030	2
932	600	2
932	441	2
669	174	3
669	474	4
669	96	2
669	64	4
669	79	2
669	23	4
669	56	2
669	132	4
669	192	5
669	195	2
669	183	3
669	117	1
669	127	5
669	647	5
669	357	4
669	523	4
669	603	5
669	654	5
669	649	4
669	614	4
669	511	5
669	133	4
669	479	5
625	258	4
625	678	3
625	286	4
625	300	3
625	748	3
720	262	4
720	347	3
720	887	5
720	315	4
720	313	3
720	302	5
720	269	3
720	242	4
625	202	3
625	181	4
625	209	3
720	286	5
720	306	4
720	311	5
720	896	5
720	333	4
720	268	4
720	304	4
720	906	4
625	514	3
625	197	5
625	70	3
625	945	3
625	188	4
720	272	4
720	995	4
720	258	4
720	321	4
720	310	4
720	345	2
720	872	3
625	484	4
625	357	3
720	1062	5
720	1176	5
720	749	3
720	898	4
625	168	3
625	654	3
625	216	4
625	22	3
625	652	4
625	195	4
625	705	3
625	483	5
625	479	4
533	125	5
625	602	3
625	91	4
625	588	4
625	172	4
625	97	4
720	319	3
720	316	4
720	902	4
625	480	4
625	515	4
625	174	4
625	380	3
625	198	4
625	739	3
625	134	4
625	169	5
625	393	4
625	498	4
625	519	2
625	423	4
625	647	4
625	176	4
625	732	3
625	23	4
107	313	2
107	286	2
107	269	5
107	333	3
107	302	4
107	305	4
107	340	5
107	268	4
107	288	3
107	271	2
107	321	2
107	300	1
107	258	4
107	1243	3
107	327	3
107	902	5
107	312	4
107	322	1
107	323	1
107	264	3
107	259	2
107	325	3
660	1178	1
660	56	1
660	41	1
660	786	1
660	722	1
660	996	1
660	17	1
660	810	3
169	331	5
169	300	5
169	258	5
169	301	4
169	538	4
169	879	5
169	308	3
169	321	3
169	243	3
169	683	3
358	268	3
358	258	4
358	896	4
358	221	5
358	324	4
169	260	1
358	127	1
358	8	5
358	1524	5
358	529	3
358	855	3
358	45	3
358	1021	5
358	512	5
358	558	4
358	1529	3
358	639	4
358	638	3
358	59	4
358	1159	5
358	179	4
358	863	5
358	1005	4
358	582	5
358	1396	4
358	213	5
358	1006	5
358	584	4
358	382	2
358	1266	4
358	666	3
358	1149	3
358	643	3
358	65	4
358	357	4
358	482	2
358	208	2
358	174	1
358	132	5
358	114	5
358	511	2
358	469	4
358	318	5
79	902	3
79	333	2
79	313	2
79	340	4
79	937	2
79	262	5
79	303	4
79	900	4
79	319	4
79	311	4
79	301	3
79	258	5
79	690	4
79	251	5
79	246	5
79	50	4
79	257	3
79	283	4
79	275	4
79	100	5
79	150	3
79	285	5
79	508	3
79	116	5
79	93	2
79	13	3
79	1017	3
79	1161	2
79	236	5
79	763	5
79	290	3
79	268	5
79	813	5
79	515	5
79	286	5
79	906	5
79	269	5
79	306	5
79	19	5
79	325	5
79	1022	5
79	582	5
79	124	5
79	740	4
79	1	4
79	137	4
79	6	4
79	10	5
79	676	3
79	276	3
79	222	4
79	1008	4
79	288	3
79	7	5
79	370	2
384	302	5
384	347	4
384	272	5
384	333	4
625	50	5
625	222	4
625	257	4
384	286	4
384	313	5
384	258	4
625	121	3
625	1016	2
384	343	3
625	250	4
384	329	3
384	327	4
625	597	2
384	300	4
625	405	3
384	879	4
625	546	2
625	254	3
384	989	4
384	748	4
384	355	4
384	316	5
384	328	4
384	751	4
384	689	4
384	878	4
132	286	3
132	100	4
132	50	3
132	151	3
132	175	3
132	484	4
574	315	3
574	347	3
574	302	4
574	272	4
574	900	4
574	345	2
574	242	5
132	12	4
132	1019	3
132	1154	3
132	806	3
132	275	3
574	1313	4
574	258	5
574	286	3
574	1022	2
132	127	4
574	346	4
574	303	3
574	344	5
574	750	3
132	285	4
132	124	4
132	137	4
132	154	4
132	664	5
132	251	4
132	922	5
132	56	5
132	521	4
132	523	4
574	300	4
574	305	3
574	310	4
574	331	1
574	896	2
574	270	3
574	754	4
574	262	5
574	327	3
574	1062	5
574	269	5
574	328	3
574	340	1
574	690	3
574	288	4
574	268	5
574	887	4
574	319	5
574	321	1
574	289	4
574	333	3
574	245	5
574	910	1
574	332	3
574	311	4
574	312	4
574	316	4
574	883	4
574	358	2
574	100	5
574	213	4
722	333	5
722	310	4
722	300	3
722	286	4
932	357	5
932	614	4
722	748	4
722	294	2
722	307	4
722	328	5
722	322	3
722	678	3
722	7	4
722	845	5
722	124	4
722	546	3
722	100	4
722	628	4
722	405	3
722	458	4
722	237	4
722	151	5
722	471	4
722	508	4
722	111	3
722	25	4
722	866	4
722	117	4
722	147	3
722	121	5
722	928	3
722	291	4
722	118	4
722	756	3
585	286	4
585	313	3
722	823	3
722	696	4
722	476	4
585	340	2
722	122	3
722	412	2
722	130	4
722	597	3
722	148	3
722	871	2
722	13	2
942	315	4
942	750	4
942	347	5
942	313	3
942	269	2
942	310	4
942	362	3
942	272	5
942	258	4
942	304	5
942	303	4
942	328	3
418	333	5
418	344	1
418	315	2
418	331	3
942	322	3
942	879	4
418	302	2
418	258	5
547	269	3
547	345	5
547	315	4
547	333	4
942	300	5
585	170	5
585	1344	3
585	1158	4
547	302	5
418	895	4
418	346	2
547	258	4
547	751	4
547	313	5
942	316	4
418	750	2
547	354	4
942	323	3
942	892	3
942	689	3
418	300	3
942	539	3
942	259	4
942	261	4
942	678	3
547	347	4
418	313	3
547	301	3
547	332	3
547	311	2
942	878	4
418	899	5
547	303	3
547	321	4
418	304	4
418	301	2
418	328	1
547	328	4
547	340	4
547	294	1
418	269	5
418	362	1
547	289	3
942	1221	4
547	316	5
585	45	5
585	923	5
585	14	4
585	713	4
585	60	4
585	190	4
585	19	3
585	83	3
418	1313	2
942	500	5
942	50	5
942	282	5
942	117	4
942	969	4
547	312	4
418	327	1
418	288	5
942	71	5
942	200	4
942	528	5
942	414	4
942	99	5
942	265	5
585	1558	5
585	707	5
585	582	3
585	971	3
585	212	5
585	1193	5
942	79	5
942	318	5
547	319	4
942	435	5
942	607	5
942	498	5
942	511	4
942	172	5
942	520	5
942	216	4
942	484	5
547	338	2
942	487	4
942	480	5
585	509	4
585	1512	5
585	863	5
942	427	5
942	135	3
942	615	3
942	478	5
942	193	5
942	1050	5
942	496	5
942	197	5
942	124	4
942	514	4
942	131	5
942	705	4
942	423	5
942	215	5
942	479	4
585	1485	3
585	59	4
585	462	3
585	1524	3
585	283	4
585	529	3
585	18	2
585	275	4
942	604	4
942	661	4
942	659	5
942	234	4
942	210	4
942	183	3
942	1028	4
942	174	5
942	1204	4
942	945	5
942	97	5
942	584	4
942	357	4
585	61	4
585	166	4
585	1449	5
585	1005	4
585	1121	4
384	289	5
384	271	4
942	95	5
942	31	5
942	662	4
585	1021	3
585	224	2
585	1475	3
585	113	3
585	919	2
585	1149	4
585	1488	4
585	1623	4
585	198	5
585	639	4
585	510	5
585	86	5
585	638	4
585	207	5
585	165	4
585	736	4
585	52	3
585	855	3
585	1501	4
585	213	5
585	30	4
585	116	3
585	543	3
585	1323	3
585	740	4
585	640	2
585	1535	4
585	463	5
585	970	3
585	730	3
585	634	4
585	171	3
585	1009	5
585	1347	2
585	652	4
585	20	4
585	557	4
585	1155	5
585	1319	2
585	1266	3
585	1018	2
585	10	3
585	584	3
585	70	5
119	451	5
119	995	4
119	1265	3
532	269	4
85	269	3
516	50	5
516	286	5
516	250	4
516	310	4
516	902	5
516	181	4
516	515	4
516	194	4
516	660	5
516	582	5
516	474	5
516	199	3
516	628	4
516	431	3
516	204	4
516	214	3
516	212	4
516	523	3
516	357	3
516	191	4
516	169	5
488	292	3
488	288	2
273	307	2
273	286	3
273	340	3
488	751	3
273	272	4
273	315	4
273	319	4
488	286	1
273	896	4
273	313	3
273	900	3
488	245	3
273	305	4
273	268	5
273	311	4
273	304	3
273	690	4
273	347	4
273	902	5
488	322	3
273	328	3
273	321	4
273	303	4
488	358	3
488	259	1
488	299	3
273	345	3
488	873	3
488	321	3
273	316	4
488	1025	2
488	289	1
488	323	1
273	338	3
488	260	2
488	678	2
488	243	3
488	890	1
488	304	4
488	269	3
488	258	4
488	748	4
488	300	4
488	328	4
488	754	4
488	294	4
488	333	4
488	880	3
488	483	3
488	520	4
488	98	4
488	183	4
488	523	3
488	357	4
488	515	4
488	318	4
488	176	4
488	182	3
488	659	3
488	746	4
488	28	4
810	269	5
810	286	4
488	97	4
488	414	2
488	187	3
488	172	3
488	168	4
488	100	2
488	193	3
488	234	4
488	199	4
488	164	3
43	354	4
488	153	2
488	191	3
488	50	4
488	144	3
488	154	3
488	196	3
488	385	4
488	651	5
488	96	3
488	405	3
810	339	5
43	124	4
488	9	4
488	514	2
488	22	4
488	186	4
488	132	3
488	11	1
488	136	4
488	211	4
488	223	4
488	178	4
488	491	4
488	69	4
488	511	4
488	612	4
488	496	4
488	655	3
488	493	3
488	87	5
488	208	4
488	485	3
488	776	4
488	633	5
488	79	4
488	509	2
488	589	3
488	474	2
488	31	4
488	180	2
488	265	4
488	197	2
488	705	4
488	173	4
488	527	3
488	64	5
488	526	4
488	83	4
488	418	3
488	478	3
488	1050	4
488	15	4
488	500	4
488	200	2
488	133	4
488	71	3
488	127	4
488	732	4
488	1039	4
488	134	2
488	707	2
488	568	3
488	498	3
488	692	4
488	215	5
488	56	4
488	216	2
488	605	3
488	434	4
488	135	4
488	111	4
488	174	4
488	845	3
488	89	4
488	510	4
488	70	3
488	228	4
488	1	3
488	662	4
488	210	4
278	347	4
278	315	4
278	313	5
488	521	3
488	82	4
488	207	3
278	269	5
278	302	3
488	33	2
488	419	3
488	239	4
278	301	2
278	882	3
488	486	4
488	742	4
488	203	4
488	468	5
278	306	5
278	286	5
488	8	3
278	258	3
278	311	4
278	538	4
278	752	5
278	288	5
278	245	3
278	294	4
278	603	5
278	923	5
278	525	5
278	515	5
278	98	4
278	173	5
278	22	5
377	288	5
377	268	3
377	271	4
377	272	5
377	313	5
377	354	4
377	751	3
377	1105	3
377	895	3
377	258	4
377	294	5
377	682	3
263	269	4
263	333	2
263	315	4
263	272	5
377	748	4
263	258	3
377	323	2
377	316	4
377	358	3
377	678	2
263	690	5
377	689	3
263	271	1
377	338	3
263	300	3
263	294	2
263	328	4
263	316	5
263	879	2
263	245	4
263	886	2
263	323	1
263	322	3
263	260	2
263	892	3
263	678	2
263	180	4
263	177	4
263	648	5
263	98	4
263	521	3
263	498	5
263	79	4
263	484	4
263	523	5
263	22	5
263	194	5
263	520	3
263	196	4
263	496	5
263	28	3
263	588	3
263	215	4
263	483	5
263	96	4
263	1020	3
263	136	4
263	1126	5
263	132	5
263	510	4
377	56	4
377	168	5
263	100	5
263	480	3
263	318	5
263	64	5
377	194	5
377	508	4
377	173	5
377	100	3
263	515	5
263	143	5
263	602	4
377	154	5
263	23	3
263	183	4
263	153	3
263	543	5
263	921	3
263	661	5
263	614	3
263	205	5
263	144	4
263	234	4
263	210	3
263	204	4
263	526	5
263	528	4
263	443	5
263	69	5
263	199	5
263	435	4
263	482	4
263	99	3
263	133	5
263	495	5
263	87	4
377	98	5
377	164	4
377	200	5
377	7	4
263	188	5
263	202	4
377	234	5
377	219	3
377	443	4
263	486	4
263	527	5
263	699	4
263	1	5
263	58	4
263	732	5
263	662	4
263	95	5
263	511	5
263	117	3
263	568	4
263	31	4
263	514	3
263	97	4
263	181	4
263	432	2
263	419	5
263	127	4
263	434	4
263	222	4
263	125	4
263	357	5
263	86	4
263	378	5
263	423	5
263	162	5
263	163	5
263	174	5
263	416	5
263	134	5
263	82	4
263	465	4
263	197	4
263	176	5
112	315	5
112	306	5
263	186	4
263	265	4
263	646	5
263	141	5
263	135	5
263	1473	5
263	1444	3
263	1451	4
263	622	4
263	168	5
263	195	5
263	50	5
263	237	2
263	250	2
112	347	1
365	288	5
365	269	4
365	272	4
365	315	4
365	271	4
365	1420	2
365	268	5
365	895	4
365	258	4
365	321	5
365	340	5
365	309	1
365	301	5
365	342	2
365	294	1
365	326	2
365	908	3
365	316	4
365	289	3
365	319	4
365	995	4
365	352	1
365	894	1
365	948	1
365	100	5
365	591	4
365	813	5
365	276	2
365	150	5
365	25	4
365	222	4
365	13	3
365	1137	5
365	137	3
365	285	4
365	1	4
365	108	2
365	275	4
112	354	3
365	742	3
365	124	4
365	741	2
365	277	4
365	473	4
365	151	4
365	109	2
365	15	3
365	1048	3
365	846	3
365	815	3
365	125	3
365	1011	3
365	1017	4
365	7	2
365	476	4
365	237	3
365	235	2
365	762	4
365	287	4
354	855	4
354	421	2
766	272	4
354	171	4
354	507	3
354	512	3
354	863	3
618	313	4
354	661	4
354	211	2
354	152	3
618	23	5
618	64	4
618	684	3
766	294	2
618	93	3
618	497	2
618	132	4
354	747	2
354	241	3
618	776	2
618	187	5
618	204	3
618	172	5
354	1119	4
354	702	3
354	451	3
354	692	2
354	724	2
354	202	3
354	716	3
354	732	2
618	191	4
618	56	4
618	50	5
354	955	3
354	387	4
354	66	2
354	88	2
354	155	2
354	737	4
618	135	4
618	588	4
618	52	3
618	713	4
618	186	4
618	651	5
618	181	5
618	11	4
618	12	4
618	182	4
618	265	4
618	282	3
618	288	3
618	237	4
618	131	4
618	192	5
618	200	5
618	173	3
618	190	4
618	176	4
618	79	5
618	215	4
618	117	5
618	183	4
618	98	5
618	70	3
618	174	5
618	693	3
618	462	2
618	955	2
618	382	2
618	31	4
618	275	3
618	127	5
618	496	4
618	485	3
618	234	4
618	202	2
618	96	3
618	133	4
618	521	2
618	962	1
618	197	3
618	318	5
618	705	3
618	8	3
618	196	4
618	969	3
618	87	3
618	136	3
618	966	4
618	676	2
112	346	5
618	99	3
618	628	2
618	55	2
618	1	4
618	123	2
618	100	4
618	697	3
618	218	3
618	526	5
618	9	3
618	150	2
618	69	4
618	214	2
618	203	3
618	483	5
618	25	2
618	185	5
618	418	3
618	550	3
618	566	3
618	506	4
618	168	5
618	549	2
618	22	4
618	15	3
618	238	1
618	427	5
618	195	3
618	193	4
618	1063	3
618	4	2
618	143	4
618	24	2
618	778	3
618	1071	1
618	124	1
618	735	3
618	633	3
618	679	1
618	421	3
618	470	3
618	109	2
618	154	3
618	709	2
618	443	4
618	1468	3
618	468	3
618	210	3
618	125	3
618	82	4
618	216	3
618	477	2
618	939	2
618	44	4
618	925	2
618	501	4
618	121	4
618	97	5
766	675	3
766	180	4
766	514	4
766	176	2
618	729	3
618	111	3
618	161	4
618	746	2
766	178	4
766	481	4
766	174	3
766	519	4
766	134	5
618	392	3
618	432	5
618	1048	3
618	371	3
618	118	3
766	474	5
766	1021	2
766	523	3
766	127	5
766	197	3
766	606	3
618	924	4
618	660	3
618	71	4
618	471	3
618	597	4
618	164	3
766	172	3
766	187	4
766	182	4
766	209	3
766	435	3
766	50	4
766	135	4
766	646	4
618	596	4
766	607	1
766	89	4
766	487	3
766	168	5
766	654	4
618	692	4
618	724	3
618	2	2
618	1058	3
766	482	3
766	194	3
766	175	3
618	673	3
766	520	4
618	420	3
618	385	4
766	52	4
766	23	4
766	181	4
766	494	3
618	1032	2
618	404	5
618	625	4
618	582	4
618	283	3
618	507	4
766	483	3
766	215	3
766	432	3
766	521	4
766	173	4
766	493	4
766	22	3
618	944	2
618	1163	2
618	276	3
618	239	3
618	720	3
618	942	2
618	273	4
618	367	3
618	95	3
618	54	3
618	763	2
766	604	4
766	503	3
766	8	5
618	33	2
618	785	3
618	90	1
766	265	3
618	559	3
618	781	3
618	1225	2
766	484	4
766	433	3
766	192	4
618	568	4
618	699	3
618	1212	2
618	433	2
766	1203	3
766	95	3
618	88	4
618	73	3
618	609	4
766	238	4
618	790	3
618	233	3
618	1185	2
766	179	4
766	588	3
766	183	4
766	504	3
766	188	4
618	151	3
618	723	3
618	731	2
618	49	3
618	378	4
766	186	3
766	132	4
766	98	3
766	447	3
766	318	5
618	815	4
766	234	4
766	82	3
766	527	5
766	357	4
766	526	2
618	458	3
766	616	3
766	664	2
618	576	4
618	403	4
618	356	2
618	68	3
766	428	5
766	639	3
618	1221	2
618	762	3
766	214	2
766	28	5
766	705	4
766	1050	3
766	193	3
766	69	4
618	159	3
618	755	2
618	148	3
618	62	2
618	66	4
766	131	3
766	196	3
766	530	4
618	416	4
618	77	3
618	65	3
766	659	3
766	497	3
766	1298	3
618	959	4
618	770	2
618	91	4
618	1066	3
766	609	3
766	496	5
766	1126	4
766	99	3
766	65	4
766	208	5
766	228	3
766	443	3
766	177	3
766	423	3
766	584	3
766	133	3
766	507	3
766	367	2
766	837	3
766	518	3
618	423	5
618	487	4
618	531	4
618	1039	4
618	241	4
618	7	4
618	144	4
618	655	4
618	419	4
618	28	4
766	419	3
766	498	4
766	71	3
766	648	3
766	485	3
618	895	3
766	633	4
766	434	5
766	205	5
766	211	4
766	136	3
766	613	3
766	436	4
766	185	4
766	602	4
766	216	3
766	510	3
766	191	4
766	663	5
766	431	3
766	429	4
766	499	3
766	212	5
766	91	5
766	226	3
766	414	4
766	747	5
766	550	3
766	229	3
766	198	4
766	219	3
766	739	2
766	968	4
766	385	3
766	53	4
766	662	3
766	465	3
766	202	3
766	382	3
766	90	1
766	568	2
766	77	2
766	679	3
766	393	3
766	161	3
766	729	3
766	403	3
766	712	3
766	230	3
766	380	2
766	62	3
766	1444	2
766	378	4
766	951	3
766	965	3
766	402	3
766	810	2
766	386	3
766	217	4
766	605	3
766	72	2
766	674	3
766	630	3
766	451	2
766	559	4
766	672	3
766	231	2
766	40	3
766	366	3
766	972	3
766	375	2
766	396	2
766	577	3
766	448	3
642	628	3
642	245	4
642	993	4
642	845	5
659	121	4
659	319	3
659	13	4
659	693	4
659	476	3
659	7	3
659	607	5
659	127	5
659	1021	5
659	603	5
659	187	5
659	56	5
659	258	4
659	313	5
659	269	4
659	385	5
659	136	5
659	317	4
659	604	4
659	419	5
659	661	5
659	606	5
659	357	4
659	520	3
659	648	3
659	659	3
659	23	5
659	610	3
659	182	4
659	1172	4
659	646	4
659	524	4
659	492	3
659	134	4
659	185	4
659	526	5
659	178	5
659	191	5
26	286	3
26	315	3
26	292	3
26	751	4
26	288	4
26	269	4
26	750	4
26	300	4
26	321	3
26	258	3
26	304	4
26	328	2
26	271	3
26	333	3
26	294	3
26	748	1
26	678	2
26	316	3
26	322	3
26	323	2
26	343	3
938	313	5
7	269	3
938	300	3
7	678	3
26	683	3
7	682	2
7	259	3
26	129	4
7	681	1
26	1	3
7	288	4
7	307	5
7	268	3
7	680	4
7	300	4
7	286	4
7	266	4
7	683	4
7	264	4
7	309	3
26	150	3
7	64	5
7	603	4
7	515	3
7	174	5
7	187	4
7	180	5
7	176	3
7	86	4
7	367	5
26	7	3
26	475	3
26	250	3
7	228	4
7	435	5
7	265	5
7	523	4
7	419	3
7	186	4
7	216	4
7	530	5
7	447	5
7	618	4
7	643	4
7	32	4
7	178	4
7	651	5
7	172	4
7	182	4
7	650	3
7	101	5
7	173	5
7	429	5
7	616	4
7	474	5
7	98	4
7	488	4
7	234	5
7	526	5
7	93	5
7	50	5
7	100	5
7	197	4
7	89	5
7	496	5
7	482	3
7	612	5
7	204	5
7	22	5
7	514	2
7	659	5
7	653	4
7	611	3
7	484	5
7	144	5
7	191	5
7	97	5
7	403	4
7	657	4
7	132	5
7	171	3
7	181	3
7	634	5
7	8	5
7	495	5
7	223	5
7	646	5
7	96	5
7	23	3
7	636	4
7	655	5
7	196	5
7	491	5
7	56	5
7	9	5
7	436	5
7	82	3
7	201	2
7	499	4
7	656	3
7	168	5
7	423	5
7	633	5
7	604	3
7	68	4
7	135	5
7	431	4
7	273	3
7	166	3
7	205	5
7	615	4
7	385	5
26	591	3
26	117	3
26	246	4
26	237	3
7	215	4
7	661	5
7	511	5
7	183	4
7	156	5
7	608	4
7	648	5
7	644	5
7	198	3
7	213	3
7	596	5
7	44	5
7	356	4
7	190	5
7	69	5
7	127	5
7	671	5
7	4	5
7	237	5
7	543	3
7	513	4
7	527	5
7	164	5
7	285	5
7	136	5
7	238	5
7	498	5
7	483	4
7	485	5
7	152	4
7	194	5
7	593	5
7	192	4
7	492	5
7	318	5
7	613	4
7	479	4
7	92	5
7	393	4
7	157	5
7	584	4
7	382	4
7	480	4
7	510	5
7	421	3
7	497	4
26	1015	3
26	936	4
7	203	5
7	430	3
7	487	3
7	591	3
7	427	5
7	663	5
7	208	5
7	7	5
7	153	5
7	588	4
7	632	5
7	502	5
7	568	5
7	79	4
7	179	5
7	461	4
7	28	5
7	630	5
7	481	5
7	505	3
7	131	5
7	507	5
7	214	5
7	229	3
7	504	5
7	434	4
7	658	3
7	11	3
7	589	5
7	25	3
7	470	3
7	614	5
7	647	5
7	550	4
7	161	3
26	742	3
7	629	3
7	207	4
7	99	5
7	70	1
7	211	5
7	627	3
7	602	3
7	195	5
7	529	2
7	81	5
7	556	3
7	652	3
7	528	5
7	674	2
7	548	5
7	27	4
7	47	5
7	71	5
7	609	3
7	151	4
7	537	3
7	188	5
7	668	4
7	509	5
7	217	4
7	628	3
7	519	4
7	275	4
7	432	4
7	607	3
7	619	3
7	635	3
7	471	4
7	10	4
7	606	3
7	121	5
7	402	5
7	210	4
7	177	4
26	515	4
26	116	2
26	508	3
26	458	3
7	404	5
7	675	5
7	202	3
7	51	2
7	622	4
7	631	4
7	90	3
7	378	5
7	212	1
7	660	5
7	416	5
7	549	4
7	455	4
7	610	5
7	140	5
7	679	5
7	154	5
7	521	5
7	465	4
7	125	4
7	133	5
7	463	4
938	258	5
7	420	5
7	443	5
7	126	3
7	544	3
7	670	5
7	649	5
7	405	3
7	605	4
7	379	4
7	77	5
7	230	3
7	472	2
7	118	2
7	501	5
7	566	4
7	163	4
7	141	5
7	546	4
7	162	5
7	581	5
7	489	3
7	200	5
7	637	4
7	645	4
7	640	3
7	506	5
7	226	5
7	39	5
7	592	5
7	639	5
7	547	3
7	384	3
7	281	3
7	365	4
7	601	5
7	597	3
7	673	3
7	232	3
7	52	4
7	595	2
7	598	3
7	29	3
7	448	3
7	573	5
7	452	5
7	91	3
7	599	1
7	620	4
7	451	5
7	624	4
7	106	4
831	315	3
831	333	4
831	272	5
831	327	2
7	587	4
7	503	4
7	571	3
7	664	3
7	72	5
831	331	4
831	340	4
831	270	4
831	328	3
831	313	5
831	258	2
831	905	4
831	294	4
831	288	1
7	380	4
7	562	5
7	241	4
831	354	4
831	307	2
831	690	4
7	142	3
7	389	4
7	600	4
7	578	3
7	594	3
7	78	3
831	300	3
831	347	3
938	288	5
7	623	3
831	750	4
831	749	2
831	271	2
831	245	2
7	441	2
7	401	4
831	323	2
831	326	4
831	301	2
7	396	4
7	444	5
831	748	2
7	572	3
831	316	3
831	266	3
7	399	4
831	260	2
831	358	2
7	80	4
831	877	2
831	688	1
831	687	2
7	415	2
7	564	3
7	665	4
7	676	3
7	62	3
7	677	3
7	145	1
7	552	4
831	174	5
831	64	5
831	603	5
831	100	4
831	22	5
831	1	4
7	617	5
7	561	4
831	208	2
831	31	4
831	210	5
7	586	3
7	570	3
7	554	3
831	204	5
7	541	2
831	96	5
831	1063	4
831	12	5
7	53	5
831	741	2
831	479	4
7	139	3
7	590	2
831	156	4
831	197	4
831	56	5
831	1119	3
831	273	3
7	449	3
831	173	3
831	317	4
831	150	3
831	144	5
831	28	3
831	83	4
831	742	3
831	181	5
831	129	2
7	559	5
7	545	2
831	50	5
831	250	5
831	508	3
831	7	5
831	1012	4
831	117	3
831	713	5
831	284	3
831	237	4
831	591	4
831	298	5
938	358	4
938	260	4
938	343	4
938	243	4
938	873	3
938	333	4
938	328	2
938	286	3
938	323	3
938	678	3
938	748	2
938	245	3
938	289	1
938	259	2
938	988	3
938	1	4
938	50	5
938	255	1
938	117	3
938	275	4
938	100	5
938	257	5
938	508	4
938	248	1
938	181	5
938	471	3
938	993	5
938	9	3
938	676	3
938	127	5
938	591	3
938	222	5
938	1012	5
938	148	3
938	293	3
938	273	5
938	25	4
938	815	3
938	596	5
938	250	3
938	546	3
938	871	2
938	237	2
938	276	3
938	298	4
938	291	4
938	281	2
938	15	2
938	1014	4
938	472	4
938	126	4
938	763	4
938	928	5
938	151	4
938	7	4
938	597	3
938	1028	5
938	290	3
938	477	1
938	742	3
938	111	5
938	125	3
938	845	1
938	410	1
938	458	4
938	762	4
420	286	4
420	270	3
420	302	4
420	750	4
938	1016	3
938	118	5
938	864	4
938	284	2
938	240	2
938	405	3
420	493	3
420	179	5
420	484	5
420	753	5
420	603	4
420	190	5
420	173	3
420	513	5
420	478	3
420	285	5
420	124	5
938	685	3
938	121	5
420	1347	3
420	14	5
420	19	3
420	408	4
938	929	2
938	866	5
938	823	4
938	1254	1
938	756	3
938	106	5
420	855	5
420	86	5
938	411	3
938	1013	2
938	595	2
938	252	4
938	717	2
938	406	3
420	251	5
420	275	5
938	829	1
938	1061	4
938	220	4
420	127	5
420	100	5
420	137	4
420	547	4
938	1152	3
938	473	3
938	1047	3
938	926	3
938	235	1
938	370	5
938	1033	2
938	476	4
938	105	1
938	456	1
938	225	4
420	116	4
420	508	3
420	475	4
420	283	5
420	301	3
420	319	4
938	840	2
938	1283	3
938	841	3
938	122	1
420	690	5
420	331	3
420	288	3
660	29	2
660	231	2
660	254	1
660	403	3
169	480	4
169	606	5
169	498	3
169	482	3
169	133	4
169	603	5
169	483	3
169	211	5
169	50	5
169	429	3
169	134	5
169	525	3
169	181	5
169	495	3
169	204	3
169	604	4
169	172	5
169	199	4
169	213	5
169	499	3
169	705	5
169	684	5
169	127	4
169	234	4
169	443	4
169	174	4
489	333	4
489	313	4
489	269	3
489	326	4
489	751	5
489	304	3
489	359	5
780	313	5
489	346	5
489	360	5
489	984	5
780	300	3
780	286	4
780	887	4
780	339	4
489	307	4
780	294	3
780	97	5
780	216	4
780	423	5
780	28	5
780	186	4
780	204	5
780	491	4
780	50	5
780	705	5
780	275	4
780	357	5
780	474	3
780	199	5
780	172	5
780	657	3
780	498	5
780	662	5
780	659	4
780	202	4
780	174	5
780	485	4
780	508	3
780	433	1
780	419	4
780	79	4
780	183	2
780	427	3
780	520	4
780	510	4
780	467	3
780	187	5
780	604	3
780	660	3
780	4	3
780	70	2
780	22	4
780	164	4
780	98	1
780	511	5
780	210	5
780	496	4
780	497	2
780	603	2
780	133	5
780	318	5
780	515	3
780	385	4
780	526	5
780	208	3
393	344	3
393	302	4
393	303	4
393	539	3
489	258	5
489	322	5
489	749	4
489	286	4
489	300	5
489	682	4
489	331	5
489	898	3
489	1025	5
489	879	5
489	288	4
489	678	4
489	260	3
489	292	4
489	312	2
489	294	3
489	289	2
489	328	4
489	301	3
489	681	3
489	245	3
489	748	4
650	269	4
650	315	3
650	898	3
650	270	4
650	258	3
650	751	2
650	286	3
650	309	3
650	271	3
650	294	3
650	355	2
650	316	3
650	243	2
650	323	3
650	195	4
650	172	4
650	404	3
650	96	4
650	174	4
650	1031	3
650	127	2
650	511	5
650	199	4
650	173	5
650	134	5
650	608	4
650	493	4
650	526	4
650	214	3
650	498	4
650	735	3
650	194	4
650	431	3
650	1126	4
650	1050	3
650	7	4
650	143	5
650	230	4
650	612	4
650	223	3
650	515	4
650	496	4
650	22	3
650	204	4
650	520	4
650	1	3
650	56	3
650	659	3
650	164	4
650	176	4
650	98	4
