391	774	2	877399541
391	527	3	877399541
391	209	5	877399541
391	652	4	877399588
391	715	2	877399588
391	462	4	877399588
391	50	4	877399588
391	76	3	877399618
391	195	2	877399618
391	69	4	877399618
391	188	3	877399658
391	204	3	877399658
391	186	5	877399658
391	490	4	877399658
391	238	5	877399659
391	31	2	877399659
391	182	4	877399696
391	334	5	877399745
391	26	5	877399745
391	12	5	877399745
391	59	5	877399745
391	301	4	877399745
391	56	5	877399745
391	60	5	877399746
391	963	5	877399746
391	61	5	877399746
391	64	5	877399746
391	276	3	877399780
391	9	5	877399780
391	100	4	877399805
391	15	4	877399805
391	628	4	877399864
391	237	4	877399864
391	222	2	877399864
391	458	4	877399864
391	1163	2	877399864
391	471	2	877399864
391	125	3	877399894
391	591	4	877399894
391	282	4	877399894
391	508	2	877400037
391	546	3	877400037
391	148	3	877400062
391	291	3	877400062
391	460	4	877400091
391	544	4	877400092
391	924	2	877400116
391	696	4	877400117
148	151	4	877400124
148	1012	4	877400154
148	993	4	877400154
180	1131	5	877441985
180	79	3	877442037
180	684	5	877442058
180	356	3	877442079
180	431	4	877442098
180	53	5	877442125
180	1046	2	877442125
82	112	1	877452357
82	125	3	877452380
543	982	3	877452676
543	410	3	877453103
779	252	3	877453656
779	225	4	877454525
1	269	5	877482427
371	50	4	877486953
371	69	5	877486953
371	194	3	877486953
371	181	3	877486953
371	64	4	877487052
371	127	4	877487052
371	117	3	877487052
371	496	4	877487052
371	237	5	877487052
371	22	5	877487134
371	176	4	877487135
371	177	4	877487135
371	98	5	877487213
371	66	4	877487213
371	175	1	877487266
371	527	5	877487309
371	55	4	877487364
371	179	3	877487364
371	197	4	877487364
371	1	4	877487440
371	97	5	877487440
371	24	4	877487500
371	180	4	877487656
371	627	4	877487656
371	234	5	877487691
371	435	3	877487751
371	174	4	877487751
371	357	5	877487751
218	288	2	877487931
218	269	4	877487931
218	648	4	877488233
218	168	4	877488316
218	173	3	877488316
218	430	3	877488316
218	514	4	877488316
218	208	3	877488366
218	659	4	877488366
218	186	3	877488366
218	47	4	877488492
218	175	3	877488492
218	663	3	877488492
218	154	4	877488546
218	42	4	877488546
218	4	3	877488546
218	209	5	877488546
218	194	3	877488546
218	517	3	877488634
218	204	3	877488692
218	516	5	877488692
218	153	4	877488692
218	100	4	877488692
218	712	3	877488902
218	762	4	877489091
286	258	4	877530390
286	127	4	877530570
286	742	5	877530860
286	413	3	877531226
286	818	2	877531281
286	153	5	877531406
286	95	5	877531407
286	527	4	877531407
286	191	4	877531407
286	173	4	877531407
286	144	3	877531434
286	56	2	877531469
286	642	3	877531498
286	433	5	877531537
286	462	5	877531537
286	17	4	877531537
286	357	4	877531537
286	174	4	877531537
286	367	5	877531574
286	55	4	877531574
286	483	5	877531661
286	629	5	877531661
286	209	4	877531691
286	1039	5	877531730
286	133	4	877531730
286	168	4	877531760
286	171	4	877531791
286	132	5	877531791
286	212	1	877531830
286	640	5	877531830
286	382	5	877531830
286	183	4	877531864
286	732	5	877531899
286	652	4	877531899
286	4	5	877531899
286	204	3	877531941
286	704	2	877531941
286	208	4	877531942
286	83	5	877531975
286	11	5	877531975
286	707	5	877531975
286	70	5	877531975
286	724	3	877532013
286	425	2	877532013
286	216	4	877532013
286	234	3	877532093
286	1053	4	877532093
286	1035	3	877532094
286	231	3	877532094
286	588	5	877532131
286	44	3	877532173
286	202	4	877532204
286	101	5	877532204
286	792	3	877532230
286	428	5	877532303
286	721	3	877532329
286	1075	5	877532385
286	423	4	877532385
286	96	4	877532385
286	737	4	877532419
286	47	4	877532419
286	91	4	877532470
286	175	5	877532470
286	739	3	877532683
286	372	4	877532683
286	1286	5	877532683
286	1101	5	877532715
286	709	4	877532748
286	781	4	877532777
286	22	4	877532889
286	461	2	877532930
286	73	5	877532965
286	381	5	877532965
286	77	3	877533001
286	746	4	877533058
286	169	3	877533101
286	97	4	877533101
286	512	2	877533101
286	636	3	877533185
286	90	4	877533224
286	85	5	877533224
286	189	3	877533296
286	89	4	877533381
286	154	4	877533381
286	57	5	877533419
286	167	5	877533419
286	161	2	877533419
772	258	5	877533440
286	217	3	877533447
286	158	3	877533472
286	53	2	877533506
286	403	5	877533543
286	196	4	877533543
286	658	5	877533543
772	245	5	877533546
772	322	4	877533546
772	678	4	877533546
286	164	3	877533586
286	66	4	877533586
286	29	2	877533586
286	1140	3	877533586
772	302	5	877533625
772	748	3	877533625
772	321	5	877533625
772	326	4	877533625
772	294	4	877533625
286	155	4	877533640
286	761	4	877533640
286	1194	4	877533640
286	88	4	877533640
286	42	4	877533698
286	856	2	877533698
286	766	3	877533724
772	879	4	877533731
772	332	4	877533731
772	300	4	877533731
286	379	5	877533771
286	747	4	877533796
772	1025	3	877533820
772	327	4	877533873
286	198	4	877533887
286	955	5	877533914
772	259	2	877533957
286	451	5	877533993
286	417	3	877533993
286	778	5	877534025
286	72	4	877534025
286	1119	3	877534054
286	559	4	877534081
286	1113	3	877534107
286	1503	3	877534107
286	1133	4	877534137
286	574	4	877534137
286	402	3	877534216
286	569	4	877534313
286	396	4	877534414
286	393	4	877534481
286	184	3	877534506
286	800	5	877534528
286	821	4	877534550
286	195	4	877534618
286	734	2	877534618
286	34	5	877534701
286	232	4	877534701
286	394	5	877534771
286	142	4	877534793
286	40	4	877534824
286	1091	4	877534859
286	949	4	877534859
286	738	5	877534903
286	1504	4	877534903
286	186	5	877534903
286	386	3	877534975
286	554	4	877535014
286	552	3	877535072
286	771	2	877535119
286	1230	1	877535157
286	210	5	877535208
286	790	1	877535208
286	1182	2	877535288
286	41	2	877535323
286	1239	3	877535344
286	1411	2	877535425
286	401	1	877535446
286	1502	2	877535499
286	577	2	877535500
506	1136	3	877539905
506	148	3	877539905
506	402	4	877539905
543	1199	2	877542776
543	147	4	877543316
180	462	5	877544218
180	631	5	877544373
180	961	5	877544384
180	98	5	877544444
543	22	3	877545230
543	231	3	877545230
543	177	4	877545356
543	265	4	877545356
543	79	4	877545356
543	161	4	877545356
543	947	4	877545605
543	566	4	877545605
543	82	4	877545605
543	89	4	877545605
543	233	4	877545716
543	188	4	877545717
543	38	3	877545717
543	385	3	877545717
543	578	3	877546305
543	576	4	877546306
543	29	2	877546306
543	720	2	877546306
543	2	3	877546306
543	651	3	877546306
543	562	2	877547004
543	810	3	877547004
543	550	2	877547005
543	397	3	877547005
543	568	3	877547005
543	53	3	877547190
543	391	3	877547190
543	586	3	877547190
543	83	4	877547441
543	211	4	877547441
543	381	4	877547580
543	692	4	877547580
543	85	2	877547580
543	47	3	877547672
543	732	3	877547863
543	944	3	877547863
543	702	2	877550399
543	778	4	877550399
543	715	3	877550534
543	792	4	877550535
543	88	4	877550535
543	239	2	877550660
543	186	3	877550660
543	796	3	877550790
543	94	3	877550791
453	268	4	877552481
453	475	5	877552514
453	117	4	877552540
453	456	3	877552540
453	276	5	877552564
453	246	5	877552590
453	257	3	877552590
453	100	5	877552612
453	508	4	877552612
453	181	5	877552612
453	298	4	877552641
453	237	4	877552657
453	273	4	877552678
453	3	4	877552717
453	25	4	877552872
453	410	4	877552951
453	591	3	877552969
453	151	3	877552970
453	1016	4	877552991
453	369	2	877553051
453	24	4	877553108
453	763	4	877553221
453	412	2	877553302
453	826	1	877553430
453	122	3	877553532
453	120	1	877553678
453	168	4	877553708
453	318	4	877553761
453	48	4	877553761
453	12	5	877553813
453	509	4	877553850
453	22	5	877553870
453	214	3	877553928
453	17	4	877553928
453	655	3	877553999
453	202	4	877553999
453	196	4	877554174
453	427	3	877554174
453	357	5	877554174
453	11	5	877554174
453	55	4	877554301
453	42	5	877554301
453	238	4	877554396
453	98	4	877554396
453	215	3	877554419
453	652	3	877554443
453	144	4	877554443
453	188	4	877554466
453	186	4	877554466
453	4	4	877554490
453	174	4	877554564
453	210	4	877554587
453	172	5	877554587
453	154	3	877554587
453	69	4	877554647
453	204	4	877554704
453	97	3	877554743
453	651	4	877554743
453	164	3	877554771
453	56	5	877554771
453	423	4	877554819
453	184	4	877554846
453	132	3	877554871
453	156	5	877554908
453	239	3	877554927
173	258	4	877556625
173	268	4	877556626
173	269	4	877556626
173	302	5	877556626
173	305	5	877556626
173	242	5	877556626
173	286	5	877556626
173	306	5	877556626
173	294	5	877556864
173	321	4	877556864
173	324	5	877556864
173	303	5	877556864
173	262	4	877556864
173	334	4	877556926
173	319	4	877556926
173	299	4	877556926
173	874	4	877556926
173	323	5	877556926
173	245	4	877556927
173	289	4	877556988
173	300	4	877556988
173	326	5	877556988
173	984	4	877556988
173	995	5	877556988
173	678	3	877556988
173	332	4	877557028
173	322	4	877557028
173	328	5	877557028
173	331	4	877557028
173	690	5	877557076
173	879	5	877557076
173	938	3	877557076
173	301	5	877557076
173	937	4	877557077
173	687	1	877557132
173	881	3	877557168
173	327	5	877557168
173	880	4	877557168
173	1265	3	877557239
173	259	3	877557239
173	329	4	877557345
173	260	4	877557345
173	292	5	877557369
292	288	3	877560833
292	331	5	877560833
292	328	3	877560833
453	49	3	877561172
453	157	4	877561172
453	693	5	877561172
453	226	3	877561214
453	697	4	877561235
453	1273	2	877561258
453	85	3	877561301
453	125	3	877561349
453	282	4	877561382
453	68	4	877561411
453	234	3	877561411
453	33	4	877561522
453	780	3	877561522
453	566	3	877561593
453	941	2	877561613
453	959	4	877561676
453	82	3	877561694
453	732	3	877561695
453	552	2	877561713
453	790	4	877561800
453	451	2	877561836
453	53	3	877561894
453	1032	1	877561911
453	90	3	877561942
453	94	4	877561956
453	288	4	877562071
453	7	5	877562135
453	1170	3	877562135
453	254	2	877562293
453	231	2	877562293
453	403	4	877562293
453	50	5	877562313
222	268	4	877562748
222	258	5	877562748
222	302	3	877562748
222	328	5	877562772
222	300	5	877562795
222	294	3	877562795
222	333	5	877562819
222	326	4	877562819
222	323	3	877562839
222	358	2	877562839
222	678	3	877562973
222	100	5	877563052
222	7	5	877563168
222	181	4	877563168
222	50	4	877563194
222	9	5	877563227
222	282	4	877563227
222	1	4	877563227
222	117	5	877563227
222	475	4	877563252
222	298	4	877563253
222	508	3	877563326
222	410	2	877563326
222	819	2	877563353
222	257	4	877563353
222	225	1	877563353
222	293	3	877563353
222	455	3	877563437
222	25	3	877563437
222	15	3	877563437
222	237	4	877563437
222	284	3	877563462
222	546	3	877563462
222	222	4	877563462
222	628	5	877563485
222	248	4	877563506
222	762	3	877563530
222	1016	3	877563530
222	845	3	877563530
222	276	5	877563550
222	405	3	877563570
222	246	4	877563597
222	742	5	877563597
222	473	1	877563622
222	24	3	877563622
222	1089	1	877563659
222	147	4	877563694
222	815	2	877563716
222	240	2	877563716
222	717	1	877563716
222	476	3	877563739
222	596	3	877563739
222	934	2	877563758
222	250	2	877563801
222	125	5	877563802
222	118	4	877563802
222	111	3	877563820
222	363	2	877563852
222	620	3	877563873
222	833	2	877563913
222	278	2	877563913
222	252	2	877563934
222	829	3	877563934
222	619	4	877563953
222	1336	2	877563998
222	472	2	877563998
222	1291	2	877564031
222	756	4	877564031
222	121	3	877564031
222	412	1	877564050
222	597	1	877564076
276	268	4	877584085
276	302	5	877584085
276	301	4	877584219
276	879	3	877584219
276	333	4	877584220
299	286	4	877618524
299	288	3	877618584
299	303	3	877618584
299	294	2	877618584
299	300	4	877618619
299	749	1	877618647
812	286	2	877625109
812	302	3	877625109
812	682	4	877625224
812	1393	3	877625224
812	333	5	877625294
812	678	4	877625294
812	326	4	877625294
812	288	4	877625294
812	245	2	877625367
812	294	5	877625367
812	332	4	877625368
812	748	5	877625368
812	328	4	877625368
812	261	1	877625461
812	300	5	877625461
812	289	1	877625461
812	358	3	877625461
812	873	4	877625537
812	881	4	877625537
812	292	3	877625610
292	264	3	877628138
292	300	4	877628139
532	708	4	877634392
162	294	3	877634955
162	358	3	877635375
532	781	5	877635505
162	25	4	877635573
162	508	5	877635662
162	50	5	877635662
162	298	4	877635690
162	742	4	877635758
162	222	4	877635758
162	181	4	877635798
162	1	4	877635819
162	7	3	877635869
162	117	4	877635869
162	1047	5	877635896
162	628	4	877635897
162	685	3	877635917
162	1012	4	877635965
162	826	3	877635965
162	237	4	877635980
162	121	4	877636000
162	147	4	877636147
162	544	4	877636167
162	151	3	877636191
162	122	2	877636300
162	597	4	877636370
162	1011	4	877636370
162	105	2	877636458
162	254	3	877636476
162	1019	4	877636556
162	474	3	877636556
162	943	4	877636604
162	42	3	877636675
162	79	4	877636713
162	55	3	877636713
162	403	3	877636713
162	144	3	877636746
162	28	4	877636746
162	208	3	877636746
162	174	4	877636772
162	11	4	877636772
162	179	3	877636794
162	230	2	877636860
162	710	4	877636860
606	288	4	877641931
606	678	3	877642127
606	323	4	877642209
386	455	3	877654961
386	50	4	877654961
386	127	5	877654961
386	181	3	877654961
386	222	4	877654961
386	515	5	877654961
386	1016	4	877654961
386	7	3	877655028
386	24	4	877655028
386	117	5	877655028
386	273	3	877655028
386	685	4	877655085
386	118	3	877655085
386	323	4	877655085
386	840	5	877655145
386	405	4	877655145
386	597	3	877655145
386	281	3	877655145
386	121	3	877655145
386	825	4	877655146
386	982	3	877655195
386	833	3	877655195
386	546	2	877655195
233	293	4	877660832
233	100	4	877661294
233	647	5	877661364
233	133	5	877661364
233	127	5	877661364
233	180	5	877661364
233	495	4	877661364
233	482	4	877661437
233	614	4	877661437
233	478	5	877661437
233	177	4	877661496
233	95	5	877661496
233	357	5	877661553
233	174	5	877661553
233	588	5	877661553
233	660	5	877661634
233	98	5	877661724
233	56	5	877661776
233	135	4	877661881
233	47	5	877661881
233	97	5	877661882
233	521	5	877663071
233	504	5	877663128
233	48	5	877663184
233	633	5	877663185
233	168	5	877663302
233	197	5	877663303
233	506	5	877663337
233	4	3	877663337
233	501	3	877663383
233	432	3	877663383
233	99	3	877663383
233	143	4	877663383
233	378	4	877663429
233	498	5	877663465
233	205	4	877663548
233	584	4	877663548
233	82	4	877663612
233	8	3	877663612
233	509	4	877663646
233	193	4	877663646
233	194	4	877663913
233	523	4	877663913
233	418	4	877664010
233	234	4	877664010
233	923	4	877664010
233	499	3	877664010
233	381	4	877665125
233	654	4	877665191
233	191	4	877665191
233	423	4	877665239
233	304	5	877665323
233	212	5	877665324
233	276	5	877665324
233	527	5	877665324
233	215	5	877665324
233	23	5	877665324
233	528	5	877665324
233	318	5	877665324
233	69	5	877665324
233	435	5	877665324
233	216	5	877665357
16	302	5	877716993
16	286	2	877716993
16	288	3	877717078
16	300	5	877717078
16	321	3	877717116
16	294	4	877717116
16	948	3	877717397
16	89	2	877717833
16	1	5	877717833
16	939	4	877717833
16	96	5	877717833
16	31	5	877717956
16	55	5	877717956
16	318	5	877718107
16	98	5	877718107
16	410	5	877718107
16	504	5	877718168
16	12	5	877718168
16	11	5	877718755
16	282	5	877718755
292	748	3	877718776
16	482	5	877718872
16	642	5	877719075
16	66	4	877719075
16	155	3	877719157
16	945	4	877719158
16	134	4	877719158
16	692	4	877719158
16	603	5	877719206
16	943	3	877719206
16	127	5	877719206
16	498	5	877719333
16	109	4	877719333
16	178	5	877719333
16	602	5	877719333
16	947	4	877719454
16	191	5	877719454
16	174	5	877719504
16	237	5	877719504
16	199	5	877719645
16	284	1	877719863
16	156	4	877719863
16	182	5	877719863
16	942	4	877719863
16	56	5	877719863
16	684	5	877719863
16	76	5	877719863
16	70	4	877720118
16	509	2	877720118
16	58	4	877720118
16	39	5	877720118
16	234	5	877720185
16	583	4	877720186
16	735	3	877720186
16	64	5	877720297
16	357	5	877720297
16	480	5	877720297
16	654	5	877720298
16	195	5	877720298
16	479	5	877720436
16	941	1	877720437
16	100	5	877720437
16	629	4	877720437
16	476	3	877720437
16	467	5	877720733
16	99	5	877720733
16	194	5	877720733
16	183	5	877720733
16	228	5	877720733
16	230	5	877720813
16	469	3	877720916
16	135	4	877720916
16	87	4	877720916
16	22	5	877721071
16	71	5	877721071
16	606	4	877721071
16	168	4	877721142
16	144	5	877721142
16	423	5	877721142
16	940	2	877721236
16	496	5	877721905
16	693	4	877721905
16	151	5	877721905
16	92	4	877721905
16	33	2	877722001
16	427	5	877722001
16	160	4	877722001
16	15	5	877722001
16	209	5	877722736
16	273	5	877722736
16	200	5	877722736
16	9	5	877722736
16	8	5	877722736
16	705	5	877722736
16	448	5	877722736
16	531	5	877722736
16	216	5	877722736
16	204	5	877722736
16	502	4	877723670
16	657	5	877723882
16	812	2	877723882
16	7	5	877724066
16	447	5	877724066
16	655	5	877724066
16	164	5	877724438
16	240	4	877724603
16	202	5	877724726
16	172	5	877724726
16	418	5	877724727
16	946	5	877724727
16	471	3	877724845
16	69	5	877724846
16	770	3	877724979
16	197	5	877726146
16	161	5	877726390
16	27	2	877726390
16	51	4	877726390
16	367	3	877726390
16	4	5	877726390
16	661	4	877726789
16	180	5	877726790
16	564	1	877726790
16	125	3	877726944
16	546	4	877726944
16	591	4	877726944
16	732	5	877726944
16	233	5	877727054
16	208	5	877727054
16	443	5	877727055
16	944	1	877727122
16	79	5	877727122
16	28	5	877727122
16	761	2	877727192
16	385	5	877727192
16	143	5	877727192
16	227	5	877727193
16	510	4	877727280
16	158	4	877727280
593	619	3	877727927
593	1012	3	877727961
593	293	1	877727988
16	152	4	877728417
16	95	5	877728417
16	404	5	877728417
593	301	4	877728878
593	288	4	877728878
593	747	4	877728878
593	97	4	877728878
593	179	5	877728878
593	237	4	877728878
593	173	5	877728878
593	238	4	877728878
593	4	4	877728878
593	591	4	877728878
207	763	3	877743609
207	284	3	877746137
207	748	3	877750478
207	535	3	877750595
207	153	5	877750617
207	411	3	877750701
207	692	3	877750738
207	864	3	877750738
207	174	4	877750843
207	129	3	877751037
207	826	2	877751143
207	696	3	877751310
336	1011	2	877754536
336	15	4	877754621
336	1054	1	877754876
336	105	4	877755098
336	66	3	877756126
336	72	3	877756127
336	33	3	877756242
336	451	2	877756242
336	1249	3	877756356
336	732	3	877756356
336	393	3	877756618
336	158	3	877756618
279	976	3	877756631
279	242	3	877756647
336	368	1	877756695
279	659	5	877756699
279	1088	4	877756804
336	94	3	877756890
336	1059	3	877756890
336	1437	2	877756890
336	763	3	877756890
336	762	5	877756890
336	824	3	877756890
336	13	3	877756890
336	25	3	877756934
336	475	4	877756934
336	780	3	877756934
336	290	3	877756934
336	100	3	877756934
336	585	3	877756966
336	67	4	877756966
279	30	2	877756984
336	571	1	877756999
336	111	3	877756999
336	232	3	877757023
336	998	1	877757062
336	90	5	877757062
336	1094	1	877757062
336	1017	5	877757063
336	399	3	877757063
336	1047	4	877757063
336	395	2	877757094
336	1051	2	877757094
336	1079	1	877757094
336	401	1	877757133
336	1048	4	877757134
336	722	3	877757134
336	122	5	877757134
336	1496	1	877757268
336	63	2	877757268
336	108	3	877757320
336	738	1	877757343
336	1057	4	877757373
336	579	3	877757373
336	781	3	877757373
336	407	1	877757373
336	575	3	877757373
336	577	1	877757396
336	1188	3	877757418
336	388	1	877757418
336	41	3	877757477
336	1230	2	877757516
336	765	4	877757516
336	1074	5	877757516
336	999	2	877757516
336	734	1	877757516
336	1037	1	877757550
336	871	2	877757550
336	56	4	877757601
336	204	5	877757601
336	173	5	877757637
336	154	5	877757637
336	692	3	877757637
336	153	5	877757669
336	42	5	877757669
336	710	4	877757700
336	168	5	877757700
336	210	5	877757700
336	238	3	877757700
336	186	4	877757730
336	655	3	877757752
336	1446	1	877757790
336	4	4	877757790
336	1218	3	877757790
336	1098	3	877757790
336	1041	2	877757837
336	864	1	877757837
336	216	5	877757858
336	26	5	877757877
336	202	1	877757909
336	70	5	877757910
336	88	2	877757910
336	367	3	877757910
336	208	2	877757930
336	949	4	877757952
336	1183	1	877757972
336	49	4	877758001
336	410	3	877758001
336	239	3	877758001
336	716	2	877758001
336	845	1	877758035
336	796	3	877758035
336	1118	4	877758055
336	85	3	877758078
336	859	2	877758103
336	746	3	877758103
336	959	3	877758138
336	790	2	877758187
336	785	1	877758935
336	926	1	877758935
336	3	1	877758935
336	383	1	877758935
336	294	4	877759103
336	50	4	877759224
336	1	3	877759342
336	151	1	877759473
336	237	5	877759598
336	591	5	877759598
336	257	4	877759730
336	275	4	877759730
336	619	3	877759833
336	284	4	877759833
336	742	3	877759928
336	273	5	877760032
336	125	3	877760032
336	282	3	877760032
336	1012	5	877760082
336	124	1	877760244
336	546	3	877760310
336	276	4	877760310
336	405	3	877760374
336	628	3	877760374
336	121	4	877760441
336	288	3	877760521
336	117	3	877760603
534	331	4	877807429
534	748	4	877807429
534	288	4	877807429
534	243	3	877807461
534	322	4	877807461
534	325	4	877807461
534	294	5	877807461
534	300	4	877807486
534	687	5	877807486
534	333	5	877807486
534	286	3	877807602
534	619	4	877807653
534	685	3	877807653
534	742	5	877807653
534	1059	4	877807692
534	151	4	877807692
534	93	1	877807692
534	1	5	877807718
534	129	4	877807718
534	595	4	877807747
534	628	5	877807747
534	273	5	877807747
534	475	4	877807747
534	7	4	877807780
534	1199	5	877807780
534	24	5	877807780
534	477	3	877807780
534	926	4	877807780
534	985	4	877807815
534	919	5	877807816
534	1028	5	877807816
534	410	5	877807816
534	455	5	877807816
534	125	3	877807816
534	25	5	877807845
534	290	4	877807845
534	591	5	877807845
534	274	3	877807846
534	276	5	877807873
534	15	4	877807873
534	240	5	877807873
534	150	3	877807873
534	21	4	877807905
534	471	5	877807935
534	405	3	877807935
534	118	4	877807935
534	235	4	877807973
534	508	4	877807973
534	823	4	877807973
534	117	5	877807973
534	1054	5	877807973
534	121	4	877808002
534	930	4	877808002
534	237	4	877808002
534	147	5	877808031
534	3	4	877808031
534	291	4	877808031
534	109	4	877808053
534	760	2	877808098
534	546	4	877808120
534	1034	3	877808120
534	1215	3	877808120
534	282	5	877808174
534	756	4	877808175
534	978	4	877808175
534	597	5	877808175
534	148	4	877808198
534	105	4	877808198
534	717	5	877808198
534	149	2	877808237
534	370	4	877808260
534	824	4	877808260
534	825	4	877808281
534	1327	2	877808281
534	1052	4	877808300
534	456	5	877808300
534	986	5	877808319
534	820	3	877808340
534	763	4	877808361
534	1047	4	877808361
594	269	4	877816219
594	199	4	877816302
23	156	3	877817091
23	191	3	877817113
23	188	3	877817151
23	269	5	877817151
294	258	3	877818457
294	269	5	877818457
294	286	5	877818457
294	331	4	877818580
294	879	4	877818580
294	872	4	877818580
294	323	3	877818729
294	324	4	877818729
294	288	5	877818729
294	294	4	877818860
294	358	2	877818861
294	678	2	877818861
294	333	4	877818861
294	748	3	877818861
294	300	4	877818861
294	325	3	877818861
294	334	4	877818861
294	332	3	877818915
294	301	4	877818915
294	749	3	877818915
294	299	3	877818982
294	327	3	877818982
294	328	4	877818982
294	245	3	877818982
294	264	2	877819090
294	260	4	877819126
294	100	4	877819265
294	298	5	877819265
294	127	5	877819265
294	1245	3	877819265
294	475	5	877819310
294	50	5	877819353
294	222	4	877819353
294	1067	4	877819421
294	276	4	877819421
294	273	3	877819421
294	248	5	877819421
294	250	5	877819459
294	10	3	877819490
294	455	3	877819490
294	235	3	877819532
294	508	4	877819532
294	181	5	877819532
294	7	4	877819563
294	257	3	877819599
294	109	4	877819599
294	123	4	877819634
294	1	5	877819634
294	117	4	877819634
294	742	4	877819634
294	1161	3	877819673
294	544	4	877819673
294	93	4	877819713
294	926	3	877819713
294	121	5	877819714
294	405	4	877819761
294	546	4	877819761
294	151	5	877819761
294	24	4	877819761
294	1007	4	877819761
294	1134	3	877819761
294	476	3	877819792
294	1012	4	877819792
294	147	4	877819845
294	979	3	877819897
294	1028	3	877819897
294	410	4	877819897
294	21	3	877819897
294	293	4	877819897
294	249	5	877819941
294	406	2	877819941
294	118	3	877819941
294	547	3	877819972
294	111	4	877819999
294	1089	2	877820132
294	295	4	877820132
294	148	3	877820155
294	471	4	877820189
294	1016	4	877820189
294	823	3	877820190
294	252	4	877820240
294	1047	3	877820240
294	535	4	877820240
294	825	3	877820272
294	125	3	877820272
294	240	3	877820294
294	619	3	877820328
294	676	3	877821514
207	1435	2	877821612
207	137	3	877821612
294	282	3	877821796
207	28	4	877822162
207	179	4	877822224
207	192	3	877822350
207	135	2	877822350
207	849	3	877822704
207	2	3	877822770
207	554	2	877822854
207	576	3	877822904
851	331	3	877830970
851	304	3	877831020
851	261	3	877831111
900	294	4	877832113
900	288	2	877832113
900	325	1	877832320
900	508	3	877832764
900	237	4	877832803
900	121	2	877832803
900	137	3	877832803
900	124	4	877832837
900	9	2	877832868
900	100	4	877832904
900	864	2	877833000
900	117	2	877833029
900	129	4	877833080
900	696	2	877833195
900	744	2	877833195
900	471	2	877833259
900	284	2	877833287
900	458	2	877833326
900	410	2	877833326
900	405	3	877833364
900	1132	1	877833364
900	280	2	877833364
900	1028	2	877833393
900	871	1	877833443
900	130	1	877833512
900	834	1	877833536
900	493	2	877833603
900	480	4	877833603
900	589	5	877833631
900	200	2	877833632
900	318	4	877833672
900	205	4	877833712
900	136	2	877833712
900	429	2	877833747
900	661	4	877833747
900	474	4	877833781
900	183	3	877833781
900	1298	2	877833923
900	478	2	877833923
900	654	2	877833924
900	483	4	877833924
900	186	2	877833957
900	618	4	877833957
900	31	2	877833995
900	602	1	877834025
195	431	3	877835063
195	1052	1	877835102
195	1413	2	877835268
195	797	3	877835268
195	407	2	877835302
195	982	2	877835350
195	1030	2	877835451
195	809	3	877835548
207	428	4	877838826
207	410	3	877838946
207	393	4	877838977
431	286	4	877844062
431	269	3	877844062
431	302	3	877844062
431	303	4	877844183
431	690	3	877844183
431	300	4	877844248
431	748	4	877844377
431	332	3	877844377
431	294	5	877844377
431	328	4	877844377
431	358	2	877844489
431	245	4	877844489
431	879	3	877844489
431	323	3	877844559
431	327	3	877844559
431	322	4	877844559
431	988	2	877844657
207	269	4	877845577
207	462	3	877845656
207	255	3	877845763
207	60	3	877845845
207	175	1	877845982
207	3	2	877846284
207	59	4	877846793
207	64	5	877846793
207	265	3	877846793
207	1028	3	877847025
207	96	3	877847025
207	712	4	877847025
207	660	4	877847100
207	150	3	877847150
207	631	2	877847187
506	294	4	877861414
506	762	3	877861473
299	264	2	877877290
299	289	3	877877323
299	259	3	877877323
299	127	5	877877434
299	19	1	877877434
299	251	5	877877434
299	181	3	877877479
299	1	3	877877535
299	137	4	877877535
299	275	4	877877535
299	150	5	877877535
299	1068	3	877877600
299	100	3	877877600
299	475	4	877877600
299	847	4	877877649
299	237	2	877877649
299	297	3	877877691
299	276	4	877877691
299	515	4	877877691
299	24	3	877877732
299	257	2	877877732
299	129	4	877877733
299	50	4	877877775
299	14	4	877877775
299	93	2	877877775
299	408	4	877877847
299	7	3	877877847
299	285	5	877877847
299	248	5	877877933
299	13	4	877877965
299	1322	3	877878001
299	244	2	877878001
299	255	2	877878036
299	1379	3	877878080
299	950	2	877878148
299	222	2	877878148
299	111	3	877878184
299	235	1	877878184
299	151	4	877878227
299	298	4	877878227
299	25	3	877878227
299	274	3	877878339
299	742	4	877878339
207	69	4	877878342
207	531	4	877878342
207	237	4	877878342
207	655	4	877878342
207	746	4	877878342
207	514	4	877878343
299	1300	2	877878382
207	986	3	877878384
207	248	3	877878409
299	240	2	877878414
299	249	3	877878414
207	832	3	877878424
299	1258	2	877878451
299	508	4	877878451
299	473	3	877878561
299	10	5	877878601
299	1226	2	877878602
207	187	5	877878688
207	216	5	877878688
207	125	4	877878688
207	735	4	877878688
207	42	4	877878688
207	509	4	877878688
207	1378	3	877878714
207	18	2	877878739
207	1350	2	877878772
207	181	3	877878828
207	1049	3	877878860
207	978	3	877878883
207	756	2	877878923
207	173	3	877878923
207	1098	4	877879172
207	258	4	877879172
207	527	4	877879172
207	186	4	877879173
207	609	4	877879173
207	993	3	877879206
207	508	4	877879259
299	546	3	877879980
299	278	3	877879980
299	1047	2	877880041
299	20	3	877880111
299	118	2	877880111
299	597	3	877880111
299	1132	1	877880196
299	56	4	877880350
299	970	4	877880350
299	12	5	877880350
299	531	3	877880350
299	207	3	877880394
299	59	5	877880394
299	152	4	877880474
299	474	5	877880474
299	28	4	877880474
299	115	3	877880474
299	603	3	877880474
299	522	3	877880522
299	652	3	877880522
299	1141	4	877880522
299	481	3	877880566
299	509	4	877880566
299	432	3	877880612
299	143	3	877880612
299	48	4	877880612
299	478	4	877880612
299	61	4	877880648
299	318	4	877880649
299	811	4	877880794
299	753	5	877880852
299	634	2	877880852
299	529	4	877880852
299	588	4	877880852
299	238	4	877880852
299	692	4	877880915
299	211	4	877880961
299	483	5	877880961
299	174	4	877880961
299	171	4	877880961
299	52	4	877880962
299	55	2	877881061
299	435	3	877881061
299	32	3	877881169
299	484	4	877881169
299	1507	3	877881170
299	513	4	877881228
299	607	4	877881229
299	514	5	877881229
299	98	4	877881229
299	194	3	877881229
299	642	4	877881276
299	645	4	877881276
299	144	4	877881320
299	153	3	877881320
299	70	3	877881320
299	485	4	877881320
299	190	5	877881356
299	488	4	877881508
299	47	4	877881508
299	482	4	877881508
299	710	4	877881508
314	268	5	877885836
314	682	5	877885836
314	328	4	877885887
314	294	5	877885887
314	288	5	877885887
314	322	4	877886029
314	948	3	877886029
314	332	5	877886029
314	327	4	877886099
314	873	4	877886099
314	938	3	877886099
10	269	4	877886162
10	302	4	877886162
10	286	4	877886162
314	24	1	877886221
314	1048	4	877886221
314	93	1	877886221
314	255	5	877886221
314	237	5	877886221
314	742	4	877886221
314	121	4	877886221
10	319	3	877886223
10	289	4	877886223
314	1047	4	877886279
314	220	4	877886279
314	993	5	877886279
10	245	4	877886281
10	334	4	877886281
314	1014	3	877886317
314	1	5	877886317
10	333	4	877886359
314	815	5	877886375
314	477	3	877886375
314	246	5	877886375
314	9	4	877886375
314	7	4	877886375
314	595	3	877886375
314	125	5	877886412
314	276	1	877886413
314	257	5	877886413
314	743	1	877886443
314	762	4	877886443
314	15	5	877886483
314	1016	4	877886483
314	845	5	877886483
314	283	4	877886483
314	117	4	877886484
314	151	4	877886522
314	405	4	877886522
314	150	4	877886522
314	147	4	877886584
314	1012	4	877886584
314	106	2	877886584
10	527	4	877886597
10	654	5	877886597
10	430	3	877886597
10	663	3	877886598
10	64	4	877886598
10	513	4	877886598
10	56	5	877886598
314	628	5	877886606
314	111	4	877886641
314	756	3	877886641
10	127	5	877886661
10	32	4	877886661
10	493	4	877886661
10	174	4	877886661
10	194	4	877886661
314	763	5	877886706
314	284	3	877886706
314	410	5	877886706
10	702	3	877886722
10	518	4	877886722
10	153	4	877886722
10	629	4	877886722
10	558	4	877886722
10	59	4	877886722
10	186	4	877886722
10	611	5	877886722
314	25	3	877886753
10	693	4	877886783
10	603	5	877886783
10	385	4	877886783
10	474	4	877886783
10	707	5	877886783
10	418	4	877886783
314	685	4	877886788
314	546	4	877886788
314	274	3	877886788
314	508	3	877886789
314	1028	3	877886816
314	764	3	877886816
10	656	5	877886846
10	486	4	877886846
10	156	4	877886846
10	505	4	877886846
10	588	4	877886846
314	282	5	877886862
314	278	5	877886888
10	531	5	877886911
10	12	5	877886911
10	664	4	877886911
10	686	4	877886911
10	404	4	877886911
10	23	5	877886911
10	371	4	877886912
10	82	4	877886912
314	924	5	877886921
314	476	5	877886921
314	1054	1	877886944
314	126	2	877886971
314	819	4	877886971
314	846	3	877886971
314	535	4	877887002
314	591	5	877887002
314	1150	4	877887002
314	280	3	877887034
314	1057	2	877887035
314	597	4	877887065
314	1094	1	877887065
314	122	1	877887065
314	120	3	877887094
314	934	4	877887155
314	833	4	877887155
314	1276	4	877887179
314	620	3	877887212
314	827	4	877887292
314	105	4	877887292
314	932	4	877887316
314	1095	3	877887356
314	1089	1	877887356
314	929	3	877887356
314	406	3	877887388
314	1289	2	877887388
314	1152	4	877887469
314	1218	4	877887525
314	1063	5	877887568
314	56	1	877887568
314	655	4	877887605
314	433	3	877887642
314	66	5	877887763
314	578	4	877887763
314	806	4	877887802
314	41	5	877887802
314	11	5	877887837
314	88	5	877888007
314	588	5	877888007
314	8	4	877888059
314	423	4	877888060
314	496	4	877888060
314	939	4	877888060
314	1267	3	877888117
314	724	2	877888117
314	95	5	877888168
314	161	5	877888168
314	378	5	877888168
314	69	5	877888212
314	772	1	877888212
314	196	3	877888212
314	64	5	877888346
314	942	3	877888346
314	28	5	877888346
314	418	5	877888346
314	568	5	877888391
314	99	4	877888391
314	692	5	877888445
314	1041	4	877888445
314	1139	5	877888480
314	71	5	877888527
314	699	5	877888527
314	946	5	877888527
10	223	5	877888545
10	475	4	877888545
10	124	5	877888545
10	50	5	877888545
314	501	4	877888610
314	202	5	877888610
314	42	5	877888610
10	191	5	877888613
10	488	5	877888613
10	709	4	877888613
10	273	4	877888613
10	610	4	877888613
314	204	5	877888644
314	775	3	877888645
10	11	4	877888677
10	275	4	877888677
10	697	3	877888677
10	178	5	877888677
10	175	3	877888677
10	221	4	877888677
10	706	4	877888677
314	215	4	877888722
314	216	3	877888722
314	672	5	877888723
314	402	4	877888758
314	12	4	877888758
314	90	2	877888758
314	710	3	877888796
314	318	5	877888796
10	168	4	877888812
10	651	4	877888812
10	711	4	877888812
10	205	5	877888812
10	701	4	877888812
10	22	5	877888812
314	735	5	877888855
314	783	3	877888855
314	65	4	877888855
314	417	4	877888855
10	606	5	877888876
10	185	5	877888876
10	182	5	877888876
10	511	4	877888877
10	16	4	877888877
10	698	4	877888877
10	1	4	877888877
10	234	4	877888877
314	959	3	877888892
314	54	4	877888892
10	480	5	877888943
10	160	4	877888944
10	461	3	877888944
10	116	4	877888944
10	197	5	877888944
314	794	4	877888952
314	72	2	877888996
314	627	4	877888996
314	697	3	877888996
10	135	5	877889004
10	157	5	877889004
10	478	5	877889004
10	179	5	877889004
10	496	5	877889005
10	509	4	877889005
10	198	3	877889005
10	9	4	877889005
314	419	4	877889039
10	602	5	877889057
10	48	4	877889058
314	761	4	877889073
314	1469	4	877889103
314	36	2	877889103
10	99	5	877889130
10	176	4	877889130
10	211	5	877889130
10	652	3	877889130
10	195	4	877889130
10	4	4	877889130
10	69	4	877889131
10	134	5	877889131
314	393	4	877889133
314	812	4	877889163
10	463	4	877889186
10	285	5	877889186
10	155	4	877889186
10	357	5	877889186
10	137	4	877889186
314	218	4	877889204
314	73	4	877889205
314	29	5	877889234
10	200	5	877889261
10	497	4	877889261
10	435	5	877889261
10	692	4	877889261
10	218	4	877889261
10	502	4	877889261
10	98	4	877889261
10	482	4	877889262
314	144	3	877889275
314	609	4	877889311
10	164	4	877889333
10	170	4	877889333
10	274	4	877889333
10	216	4	877889333
10	180	5	877889333
10	498	5	877889333
10	483	5	877889333
314	399	3	877889359
314	173	1	877889359
314	791	4	877889398
314	765	3	877889480
314	409	4	877889480
314	790	4	877889698
314	747	1	877889698
314	5	4	877889724
314	22	4	877889724
314	367	4	877889770
314	470	3	877889770
314	395	2	877889770
314	795	4	877889834
314	739	5	877889861
314	1210	4	877889861
314	1221	3	877889927
314	787	2	877889927
314	941	3	877889971
314	1311	5	877889994
314	38	5	877889994
314	143	5	877890234
314	768	5	877890261
314	542	4	877890300
314	585	2	877890381
314	540	3	877890407
314	949	4	877890428
314	1136	5	877890463
314	78	4	877890463
314	379	3	877890463
314	70	1	877890531
314	1263	2	877890611
314	132	4	877890644
314	780	4	877890675
314	1297	4	877890734
314	717	3	877890769
314	401	3	877890769
314	1074	3	877890857
314	1503	3	877890891
314	623	5	877890927
314	562	4	877890960
314	785	3	877890960
314	138	5	877890960
314	377	3	877890982
314	1473	4	877891089
314	722	1	877891089
314	366	4	877891354
314	996	4	877891354
314	94	4	877891386
314	67	4	877891386
314	53	1	877891426
314	1518	4	877891426
314	365	3	877891465
314	721	5	877891465
314	1053	5	877891490
314	796	2	877891518
314	693	3	877891575
314	155	5	877891575
314	1225	3	877891575
314	1032	4	877891603
314	1029	2	877891603
314	68	4	877891637
314	1217	2	877891638
314	869	4	877891681
314	1229	2	877891681
10	447	4	877891747
10	70	4	877891747
10	462	3	877891747
10	100	5	877891747
10	470	4	877891747
10	655	5	877891904
10	133	5	877891904
10	467	4	877891904
10	276	4	877891904
10	484	5	877891904
10	589	5	877891905
314	1517	4	877891937
314	781	3	877891937
10	479	5	877891966
10	192	4	877891966
10	414	4	877891966
10	129	4	877891966
10	203	4	877891967
314	1085	1	877892017
314	1253	4	877892017
314	801	3	877892017
10	161	4	877892050
10	519	5	877892050
10	13	3	877892050
10	199	4	877892050
10	705	4	877892050
10	695	3	877892050
10	704	3	877892050
314	1520	3	877892052
314	412	3	877892052
314	808	4	877892052
314	158	3	877892099
314	731	4	877892099
10	703	5	877892110
10	657	4	877892110
10	144	4	877892110
10	604	4	877892110
10	504	5	877892110
10	60	3	877892110
10	521	4	877892110
10	495	4	877892160
10	432	4	877892160
10	93	4	877892160
10	710	4	877892160
10	617	5	877892160
314	1519	4	877892181
10	510	5	877892209
10	7	4	877892210
10	525	5	877892210
10	230	4	877892210
10	530	4	877892210
10	489	4	877892210
10	162	4	877892210
314	997	1	877892214
314	468	4	877892214
314	1178	2	877892244
10	615	4	877892276
10	696	4	877892276
10	238	4	877892276
10	582	4	877892276
10	283	4	877892276
10	700	4	877892277
314	1220	5	877892293
314	1471	4	877892430
10	367	4	877892437
10	694	5	877892437
10	712	4	877892438
10	420	4	877892438
10	529	3	877892438
10	40	4	877892438
10	85	4	877892438
10	708	4	877892438
314	411	4	877892461
314	820	5	877892461
314	866	4	877892461
314	983	4	877892488
314	1145	4	877892488
314	1291	1	877892519
314	1165	2	877892566
10	183	5	877893020
10	699	4	877893020
10	132	5	877893020
10	33	4	877893020
10	499	4	877893021
532	682	4	877898976
416	682	3	877902163
568	286	3	877906547
568	269	4	877906547
568	242	4	877906547
568	303	4	877906697
568	319	2	877906697
568	301	1	877906737
568	988	1	877906737
568	179	2	877906935
568	509	4	877906935
568	199	3	877906935
568	165	4	877906935
568	162	2	877906935
568	855	1	877906935
568	923	3	877906995
568	59	1	877906995
568	479	5	877906995
568	772	1	877906995
568	659	3	877907050
568	127	4	877907050
568	1137	4	877907092
568	134	5	877907092
568	234	3	877907092
568	497	2	877907092
568	491	2	877907126
568	661	4	877907126
568	191	4	877907126
568	604	4	877907156
568	835	4	877907157
568	603	5	877907157
568	519	3	877907157
568	6	3	877907235
568	615	5	877907235
568	478	4	877907235
568	462	4	877907236
568	224	4	877907236
568	132	2	877907236
568	1203	5	877907281
568	423	4	877907281
568	656	3	877907281
568	1125	4	877907281
568	100	4	877907281
568	483	5	877907281
568	493	3	877907281
568	524	2	877907281
568	1286	4	877907327
568	520	2	877907327
568	178	4	877907327
568	735	2	877907327
568	631	5	877907367
568	641	5	877907596
568	187	3	877907596
568	504	3	877907596
568	512	1	877907596
568	194	3	877907671
568	954	2	877907671
568	606	5	877907720
568	486	4	877907720
568	612	3	877907720
568	56	4	877907720
568	525	3	877907720
568	427	4	877907720
568	435	2	877907721
568	482	4	877907781
568	488	5	877907782
568	530	3	877907782
568	135	4	877907782
568	475	4	877907782
568	79	4	877907782
568	611	3	877907782
568	185	4	877907834
568	430	3	877907834
568	474	5	877907834
568	494	4	877907835
568	213	4	877907835
568	1050	4	877907835
568	638	3	877907877
568	30	4	877907877
568	529	4	877907877
568	653	4	877907877
568	1005	1	877907877
568	523	3	877907877
792	9	3	877909631
792	742	3	877909709
792	129	4	877909753
792	405	3	877909753
792	151	3	877909753
792	926	3	877909798
792	1047	3	877909798
792	15	4	877909865
792	591	2	877909865
792	124	4	877909865
792	25	2	877909892
792	282	3	877909931
792	24	3	877910091
792	111	3	877910126
792	1132	3	877910160
792	762	4	877910206
792	476	1	877910206
792	696	3	877910241
792	596	3	877910241
792	595	3	877910305
792	276	3	877910305
792	546	3	877910353
792	1335	4	877910353
792	121	4	877910412
792	237	3	877910444
792	21	3	877910444
792	363	3	877910478
792	597	3	877910478
792	508	2	877910478
792	118	2	877910538
792	840	2	877910539
792	125	3	877910539
792	291	2	877910629
792	1164	3	877910629
792	1054	1	877910666
792	831	2	877910666
792	1011	3	877910730
792	147	4	877910822
792	1015	5	877910822
792	7	4	877910822
792	100	4	877910822
792	1197	4	877910822
792	471	4	877910822
792	844	4	877910822
792	1	4	877910822
792	13	4	877910822
792	544	4	877910822
102	248	3	877915935
719	285	4	877917156
719	237	2	877917981
259	269	3	877923906
259	179	4	877924028
259	180	5	877925033
259	475	5	877925049
259	1135	5	877926006
130	262	3	877926419
276	682	3	877933862
276	332	4	877933879
276	941	3	877934065
276	84	2	877934232
276	34	2	877934264
276	1044	3	877934374
276	1170	4	877934392
276	1074	3	877934446
276	1481	2	877934446
116	690	3	877934548
276	797	3	877934643
276	844	4	877934677
276	413	3	877934705
276	774	2	877934722
276	383	2	877934828
276	78	4	877934828
276	1083	3	877934891
276	203	4	877934910
276	1471	2	877934947
276	1210	2	877934988
276	238	5	877935060
276	1095	1	877935135
276	734	1	877935262
276	1000	2	877935262
276	386	3	877935306
276	1180	2	877935306
276	801	3	877935306
276	790	3	877935306
276	765	3	877935335
276	719	3	877935336
276	577	2	877935336
276	364	3	877935377
276	395	2	877935377
276	725	2	877935392
276	245	3	877935446
276	770	4	877935446
276	334	4	877935456
92	245	4	877966971
670	245	4	877974070
670	603	5	877974465
670	949	2	877974465
670	135	3	877974549
670	199	4	877974549
670	168	3	877974549
670	519	5	877974604
670	615	3	877974605
634	302	5	877974667
634	325	1	877974690
670	659	5	877974699
670	515	2	877974699
670	195	4	877974787
670	657	5	877974857
670	222	4	877974857
670	1299	4	877974905
670	705	5	877974905
670	419	4	877974945
670	485	5	877974945
670	480	5	877975017
670	1099	3	877975018
670	83	3	877975018
670	651	4	877975070
670	969	2	877975070
670	474	3	877975070
670	96	5	877975070
670	611	5	877975129
670	417	4	877975129
670	483	5	877975200
670	650	2	877975200
670	15	4	877975200
670	945	4	877975285
670	482	5	877975285
670	511	4	877975285
670	144	4	877975285
670	228	5	877975344
670	521	4	877975344
670	174	4	877975344
670	484	5	877975391
670	606	4	877975391
670	161	2	877975392
670	175	2	877975448
670	232	3	877975448
670	186	4	877975594
670	479	5	877975594
670	8	4	877975594
670	98	2	877975731
670	191	4	877975731
634	919	2	877979309
634	547	4	877979407
506	324	1	877984213
506	930	1	877984514
130	307	4	877984546
130	1280	4	877984734
130	270	5	877984734
130	1151	3	877984840
207	245	3	877994095
207	1333	3	877995615
207	1331	3	877995673
207	241	3	877995673
276	307	4	878015917
195	1315	4	878019299
195	433	3	878019342
195	273	4	878019342
195	109	3	878019342
506	494	5	878044851
506	1019	5	878044851
506	404	5	878044851
506	705	5	878044851
506	662	5	878044851
506	742	5	878044851
506	215	5	878044852
506	520	5	878044852
506	482	5	878044852
506	50	5	878044852
299	270	4	878052375
422	270	3	878058917
422	867	3	878059137
484	294	4	878060860
307	527	5	878066938
307	1	5	878066938
833	264	2	878077967
833	336	2	878078056
160	302	5	878078074
160	328	3	878078096
160	325	3	878078115
833	488	5	878078229
833	435	2	878078229
833	1274	1	878078280
833	410	3	878078390
833	427	3	878078390
833	52	3	878078390
279	172	2	878082751
279	204	3	878082751
279	571	4	878082781
279	189	5	878082781
279	301	4	878082781
279	83	5	878082781
279	1224	3	878082804
207	154	2	878088217
250	258	4	878088969
250	288	4	878088970
250	294	1	878089033
250	331	3	878089033
250	324	2	878089033
250	748	2	878089033
250	321	5	878089099
250	323	2	878089100
250	260	4	878089144
250	948	3	878089182
250	988	4	878089182
250	322	3	878089182
250	264	3	878089182
250	688	2	878089182
250	678	2	878089182
250	991	2	878089202
250	984	3	878089229
250	181	4	878089393
250	50	5	878089393
250	475	4	878089436
250	276	4	878089436
250	1199	3	878089467
250	933	3	878089467
250	222	4	878089547
250	676	5	878089547
250	9	2	878089547
250	813	5	878089581
250	117	3	878089628
250	151	4	878089677
250	129	4	878089677
250	7	4	878089716
250	477	3	878089716
250	237	2	878089753
250	742	3	878089786
250	235	2	878089786
250	244	4	878089786
250	100	5	878089786
250	123	3	878089837
250	127	4	878089881
250	993	5	878089881
250	293	4	878089921
250	596	5	878089921
250	116	4	878089921
250	238	4	878089963
250	474	5	878089964
664	494	5	878089975
250	175	5	878090004
250	56	4	878090004
664	196	4	878090054
664	210	4	878090054
664	172	5	878090054
250	153	2	878090066
250	1137	5	878090066
664	1	4	878090087
664	479	5	878090087
250	582	4	878090114
250	628	4	878090114
250	1073	5	878090114
250	154	4	878090114
664	529	4	878090125
664	627	1	878090125
664	95	4	878090125
664	71	4	878090125
250	64	5	878090153
250	28	4	878090153
664	482	5	878090180
664	212	4	878090180
250	501	5	878090199
250	44	4	878090199
250	418	5	878090199
250	202	4	878090253
250	96	2	878090254
250	71	5	878090294
250	223	4	878090294
250	367	4	878090330
250	98	5	878090365
664	845	2	878090381
664	496	5	878090381
664	805	5	878090381
250	480	5	878090414
250	844	4	878090414
250	2	4	878090414
664	478	5	878090415
664	45	4	878090415
664	50	5	878090415
664	414	5	878090415
250	23	4	878090499
250	496	4	878090499
250	95	5	878090499
250	12	5	878090499
664	611	5	878090705
664	168	4	878090705
664	484	5	878090705
664	73	2	878090764
664	14	4	878090764
664	480	5	878091393
664	7	3	878091393
664	483	4	878091463
664	152	3	878091463
664	458	3	878091463
250	204	2	878091682
250	184	1	878091683
250	527	4	878091735
250	195	2	878091736
250	588	5	878091736
250	234	3	878091736
250	1426	5	878091771
250	469	4	878091772
250	196	4	878091818
250	92	5	878091818
250	191	5	878091869
250	943	4	878091870
250	183	4	878091870
664	481	5	878091912
664	462	4	878091912
664	151	4	878091912
250	111	4	878091915
250	135	5	878091915
250	357	4	878091915
250	55	5	878091915
250	629	4	878091965
250	558	4	878091965
250	91	5	878091965
250	969	5	878092002
250	144	4	878092059
250	69	5	878092059
250	140	3	878092059
250	378	4	878092059
250	485	4	878092104
250	174	3	878092104
250	458	5	878092104
250	81	4	878092143
250	159	4	878092144
250	404	4	878092144
250	89	4	878092144
250	240	4	878092171
664	169	5	878092569
664	588	3	878092569
664	132	4	878092569
664	89	5	878092649
664	57	4	878092649
664	497	3	878092649
664	70	3	878092758
664	764	4	878092758
664	134	5	878092758
664	705	4	878092802
664	174	5	878092802
664	735	4	878092802
664	408	5	878094973
664	96	3	878094973
664	202	4	878094973
664	317	3	878095280
76	1154	5	878100710
76	325	2	878101114
76	129	3	878101114
76	358	2	878101114
76	288	2	878101114
207	8	3	878103820
207	1118	3	878104017
207	461	3	878104017
207	12	3	878104200
207	11	3	878104245
207	131	3	878104377
207	156	2	878104438
207	293	2	878104486
207	524	4	878104569
207	433	3	878104569
207	45	3	878104569
207	273	4	878104569
207	65	3	878104594
207	88	2	878104627
207	290	2	878104627
286	99	4	878141681
286	432	3	878141681
286	805	3	878141931
286	969	5	878142001
286	176	4	878142001
606	50	5	878142864
606	129	3	878142865
606	713	4	878142865
606	93	4	878142865
606	250	4	878143047
606	181	5	878143047
606	124	3	878143246
606	1199	3	878143246
606	150	4	878143246
606	477	4	878143247
606	127	4	878143509
606	273	4	878143509
606	7	4	878143509
606	24	5	878143509
606	123	3	878143605
606	293	5	878143605
606	117	4	878143605
606	628	4	878143729
606	15	5	878143729
606	475	4	878143785
606	118	4	878143785
575	294	1	878146447
575	321	3	878146540
575	322	3	878146541
575	304	2	878146638
575	98	4	878146853
606	111	4	878146986
606	756	3	878146986
606	471	4	878146986
606	100	5	878146986
606	508	4	878147350
606	282	4	878147641
606	717	3	878147770
606	845	4	878147770
606	222	3	878147770
575	603	5	878148012
575	318	5	878148087
575	176	4	878148087
575	194	4	878148087
575	506	2	878148087
575	507	2	878148137
575	127	2	878148137
575	483	3	878148137
575	963	1	878148199
575	96	5	878148199
575	79	5	878148199
575	531	1	878148199
575	215	3	878148229
575	173	5	878148258
575	50	2	878148258
575	182	3	878148295
575	181	2	878148295
575	427	4	878148329
575	111	1	878148329
575	168	5	878148358
606	1	5	878148365
606	237	4	878148365
575	357	5	878148388
606	284	4	878148425
606	121	4	878148425
606	405	4	878148493
606	151	5	878148493
606	125	4	878148493
606	1277	3	878148493
606	844	4	878149278
606	1010	3	878149278
606	546	4	878149278
606	596	4	878149415
606	473	4	878149415
606	25	5	878149689
606	825	5	878149689
606	148	3	878150506
606	236	3	878150506
664	692	3	878152048
473	242	3	878156824
473	302	4	878156824
473	319	3	878156824
473	327	3	878156857
473	268	5	878156932
473	303	4	878156932
473	321	2	878156950
473	14	4	878157242
473	1143	4	878157242
473	475	5	878157299
473	1142	5	878157299
473	127	5	878157299
473	1007	4	878157329
473	150	5	878157329
473	273	5	878157329
473	129	4	878157329
473	7	2	878157329
473	137	4	878157357
473	124	4	878157357
473	9	5	878157357
473	285	4	878157404
473	246	5	878157404
473	276	4	878157404
473	813	3	878157427
473	25	4	878157427
473	257	4	878157456
473	508	2	878157456
473	293	4	878157507
473	1129	4	878157507
473	10	3	878157527
473	275	5	878157527
473	116	5	878157544
473	20	3	878157568
473	547	3	878157600
473	256	4	878157648
55	1016	1	878176005
55	50	4	878176005
55	117	3	878176047
55	7	3	878176047
55	273	5	878176047
55	121	3	878176084
55	257	3	878176084
55	597	2	878176134
55	405	1	878176134
55	685	1	878176134
55	118	5	878176134
55	1089	1	878176134
55	678	3	878176206
55	254	2	878176206
55	181	4	878176237
55	22	5	878176397
55	56	4	878176397
55	174	4	878176397
55	144	5	878176398
55	79	5	878176398
55	89	5	878176398
864	294	4	878179381
864	288	5	878179381
864	993	4	878179411
864	276	5	878179411
864	742	4	878179445
864	275	4	878179445
864	137	4	878179514
864	283	5	878179514
864	237	4	878179514
864	273	5	878179555
864	225	3	878179608
864	717	3	878179608
864	591	4	878179608
864	7	5	878179608
222	270	2	878181181
222	245	3	878181198
222	261	1	878181251
222	457	1	878181287
222	426	1	878181351
222	12	5	878181387
222	234	2	878181387
222	98	4	878181387
222	642	3	878181421
222	209	4	878181457
222	159	3	878181457
222	11	5	878181534
222	806	4	878181534
222	223	4	878181535
222	183	4	878181535
222	367	2	878181563
222	135	5	878181563
222	770	3	878181592
222	48	5	878181592
222	168	4	878181616
222	90	2	878181647
222	200	3	878181647
222	238	5	878181673
222	241	3	878181696
222	175	3	878181739
222	97	4	878181739
222	89	5	878181739
222	96	5	878181739
222	164	4	878181768
222	180	3	878181804
222	145	2	878181804
222	176	4	878181804
222	70	3	878181804
222	132	2	878181829
222	228	5	878181869
222	150	3	878181869
222	591	4	878181869
222	470	3	878181869
222	191	2	878181906
222	772	2	878181906
222	202	4	878181906
222	79	5	878181906
222	174	5	878181934
222	318	5	878181934
222	747	2	878181976
222	724	3	878181976
222	73	4	878181976
222	157	4	878181976
222	193	4	878182005
222	231	2	878182005
222	56	5	878182058
222	230	4	878182058
222	99	3	878182059
222	151	3	878182109
222	195	4	878182132
222	160	1	878182154
222	655	4	878182210
222	939	3	878182211
222	946	2	878182237
222	419	2	878182279
222	161	4	878182279
222	265	3	878182279
222	8	1	878182307
222	869	3	878182337
222	133	1	878182338
222	69	5	878182338
222	204	5	878182370
222	218	5	878182370
222	692	4	878182370
222	28	5	878182370
222	153	4	878182416
222	144	5	878182416
222	95	4	878182453
222	82	4	878182453
222	31	5	878182453
222	214	4	878182453
222	58	3	878182479
222	87	3	878182589
222	92	3	878182632
222	216	4	878182632
222	399	4	878182686
222	662	3	878182813
222	375	1	878182880
222	738	3	878182959
222	418	2	878182959
222	26	3	878183043
222	173	5	878183043
222	102	2	878183043
222	172	5	878183079
222	17	2	878183079
222	196	5	878183110
222	527	4	878183110
222	54	4	878183111
222	64	5	878183136
222	746	5	878183137
222	1267	3	878183173
222	627	3	878183173
222	71	4	878183173
222	949	3	878183173
222	1218	1	878183218
222	506	2	878183264
222	22	5	878183285
222	72	4	878183311
222	88	4	878183336
222	396	1	878183381
222	366	4	878183381
222	732	4	878183425
222	1078	2	878183449
222	755	4	878183481
222	403	3	878183481
222	215	4	878183481
222	568	5	878183481
222	716	2	878183481
222	49	3	878183512
222	101	4	878183539
222	81	1	878183565
222	448	3	878183565
222	167	3	878183588
222	67	4	878183616
222	77	4	878183616
222	62	4	878183616
222	422	2	878183657
222	423	4	878183657
222	670	3	878183657
222	796	4	878183684
222	63	3	878183713
222	637	2	878183713
222	154	3	878183747
222	91	2	878183777
222	156	4	878183777
222	672	1	878183777
222	542	2	878183837
222	2	3	878183837
222	66	4	878183837
222	465	2	878183898
222	715	2	878183924
222	4	3	878183924
222	385	4	878183924
222	1439	3	878183951
222	1079	1	878183984
222	142	2	878183984
222	623	2	878183985
222	232	4	878183985
222	35	1	878184007
222	393	4	878184028
222	636	4	878184055
222	549	4	878184055
222	1060	2	878184055
222	540	3	878184087
222	162	2	878184087
222	735	5	878184087
222	654	3	878184087
222	155	4	878184113
222	53	5	878184113
222	109	3	878184136
222	227	3	878184171
222	158	3	878184171
222	186	5	878184195
222	379	1	878184290
222	651	4	878184290
222	1220	4	878184290
222	559	3	878184291
222	729	4	878184315
222	229	3	878184315
222	210	4	878184338
222	436	4	878184358
222	1178	2	878184392
222	239	5	878184392
222	840	3	878184392
222	188	3	878184393
222	1284	4	878184422
222	401	2	878184422
222	810	2	878184446
222	452	1	878184514
222	1042	4	878184514
222	693	4	878184514
222	380	4	878184545
222	280	3	878184545
222	356	4	878184571
222	29	3	878184571
222	281	3	878184596
222	552	2	878184596
222	550	3	878184623
222	219	4	878184675
222	825	3	878184675
222	1440	3	878184697
222	665	1	878184719
222	388	2	878184765
222	365	4	878184765
222	723	3	878184812
222	722	3	878184833
222	521	5	878184866
222	569	2	878184866
222	94	3	878184866
222	449	4	878184899
222	1206	2	878184899
222	783	2	878184899
222	78	1	878184899
222	739	4	878184924
222	395	1	878184924
222	1419	1	878184947
222	541	2	878184973
222	451	3	878185014
222	768	2	878185014
222	402	4	878185044
222	226	3	878185044
222	566	4	878185044
222	790	1	878185068
222	1087	1	878185102
222	38	2	878185102
222	411	3	878185137
222	364	1	878185137
222	577	1	878185137
222	1139	3	878185137
222	1145	3	878185137
207	1436	3	878191574
207	210	3	878191574
207	160	2	878191632
207	515	5	878191679
207	521	4	878191679
207	211	5	878191679
207	357	5	878191679
207	208	4	878191679
207	143	4	878191679
207	529	4	878191679
207	722	3	878191750
299	1039	4	878191779
299	1223	3	878191779
207	158	3	878191798
299	228	3	878191823
299	135	4	878191889
299	212	4	878191889
299	154	4	878191943
299	114	4	878191943
299	179	4	878191943
299	208	4	878191995
299	480	4	878191995
299	602	3	878191995
299	168	4	878192039
299	191	4	878192039
299	185	3	878192039
299	182	3	878192039
299	197	3	878192039
299	136	4	878192078
299	496	3	878192154
299	23	4	878192154
299	813	4	878192192
299	498	4	878192237
299	1020	4	878192237
299	71	3	878192238
299	45	3	878192238
299	423	3	878192238
299	511	4	878192311
299	134	4	878192311
299	83	5	878192344
299	727	4	878192379
299	662	4	878192429
299	229	3	878192429
299	462	5	878192463
299	367	4	878192497
299	615	4	878192555
299	169	4	878192555
299	213	5	878192555
299	479	4	878192556
299	1227	1	878192556
299	239	3	878192601
299	26	4	878192601
299	503	4	878192601
299	58	3	878192601
299	461	3	878192601
299	77	3	878192638
299	378	3	878192680
299	97	4	878192680
299	60	5	878192680
299	1506	4	878192680
299	1050	4	878192721
299	1021	3	878192721
299	89	5	878192756
299	502	4	878192756
299	647	4	878192804
299	1006	4	878192804
299	1005	5	878192833
422	287	3	878199757
684	218	1	878232961
684	924	2	878232961
684	763	2	878232961
684	147	2	878232961
279	210	4	878261893
279	124	3	878261977
279	625	3	878261977
279	1361	3	878261977
279	779	3	878262194
279	470	3	878262194
279	1485	4	878262195
44	258	4	878340824
44	328	4	878340848
44	245	4	878340887
44	678	3	878340887
44	260	4	878340905
44	307	4	878340940
44	100	5	878341196
44	9	5	878341196
44	118	3	878341197
44	50	5	878341246
44	7	5	878341246
44	181	4	878341290
44	591	4	878341315
44	1	4	878341315
44	15	4	878341343
44	147	4	878341343
44	151	4	878341370
44	109	3	878346431
44	25	2	878346431
44	717	3	878346470
44	405	3	878346512
44	123	4	878346532
44	24	3	878346575
44	249	4	878346630
44	257	4	878346689
44	250	5	878346709
44	237	3	878346748
44	252	2	878346748
44	21	2	878346789
44	756	3	878346904
44	148	4	878346946
44	121	4	878346946
44	120	4	878346977
44	240	4	878346997
44	106	2	878347076
44	191	4	878347234
44	153	4	878347234
44	135	5	878347259
44	480	4	878347315
44	202	4	878347315
44	132	4	878347315
44	209	5	878347315
44	89	5	878347315
44	318	5	878347340
44	1058	4	878347392
44	143	4	878347392
44	201	2	878347392
44	507	3	878347392
44	197	4	878347420
44	98	2	878347420
44	603	4	878347420
44	208	4	878347420
44	55	4	878347455
44	655	3	878347455
44	194	5	878347504
44	168	5	878347504
44	474	4	878347532
44	692	3	878347532
44	144	4	878347532
44	357	4	878347569
44	133	4	878347569
44	95	4	878347569
44	185	4	878347569
44	432	5	878347569
44	5	4	878347598
44	447	4	878347598
44	238	4	878347598
44	211	4	878347598
44	96	4	878347633
44	71	3	878347633
44	633	3	878347633
44	159	3	878347633
44	317	4	878347633
44	200	4	878347633
44	161	4	878347634
44	174	5	878347662
44	69	4	878347711
44	157	4	878347711
44	87	5	878347742
44	588	4	878347742
44	755	3	878347742
44	429	4	878347791
44	644	3	878347818
44	946	3	878347847
44	553	3	878347847
44	195	5	878347874
44	520	5	878347874
44	231	2	878347915
44	660	5	878347915
44	11	3	878347915
44	64	5	878347915
44	22	4	878347942
44	175	4	878347972
44	97	2	878348000
44	190	5	878348000
44	164	4	878348035
44	274	4	878348036
44	542	3	878348036
44	214	5	878348036
44	423	4	878348111
44	67	3	878348111
44	443	5	878348289
44	378	3	878348290
44	81	4	878348499
44	470	3	878348499
44	102	2	878348499
44	172	4	878348521
44	193	3	878348521
44	427	3	878348547
44	448	2	878348547
44	91	2	878348573
44	56	2	878348601
44	163	4	878348627
44	625	3	878348691
44	173	5	878348725
44	530	5	878348725
44	204	4	878348725
44	385	3	878348725
44	433	4	878348752
44	90	2	878348784
44	523	4	878348784
44	419	4	878348784
44	99	4	878348812
44	496	4	878348885
44	82	4	878348885
44	434	4	878348885
44	196	4	878348885
44	88	2	878348885
44	198	4	878348947
44	155	3	878348947
44	636	4	878348969
44	31	4	878348998
464	286	3	878354626
464	258	5	878354626
464	289	4	878354626
464	288	4	878354626
464	302	5	878354626
464	269	5	878354626
464	300	4	878354626
464	321	4	878354680
464	358	3	878354680
464	322	3	878354680
464	984	2	878354681
464	748	4	878354681
464	294	4	878354721
464	678	3	878354722
464	328	3	878354722
464	292	5	878354722
464	326	4	878354761
464	333	4	878354761
464	332	4	878354761
464	270	4	878354762
464	299	4	878354791
464	879	4	878354791
464	1025	2	878354829
464	301	4	878354829
464	307	5	878354859
464	259	4	878354859
464	260	2	878354859
464	264	4	878354886
464	515	5	878354965
464	50	4	878354966
464	127	5	878354966
464	248	5	878354998
464	181	3	878354998
464	293	5	878355033
464	1226	4	878355033
464	295	5	878355033
464	298	4	878355061
464	255	4	878355061
464	257	4	878355088
464	1598	3	878355088
464	249	2	878355119
464	510	4	878355167
464	520	5	878355167
464	12	5	878355167
464	479	4	878355167
464	116	4	878355167
464	16	4	878355211
464	176	4	878355211
464	705	5	878355258
464	709	5	878355258
464	482	5	878355258
464	603	5	878355259
464	194	5	878355259
532	305	3	878372701
929	515	5	878402162
929	100	4	878402162
929	50	4	878402162
929	284	2	878402162
929	1	3	878402162
929	127	5	878402162
823	286	5	878437499
823	172	5	878437589
823	659	4	878437589
823	174	5	878437589
823	408	5	878437589
823	197	5	878437623
823	191	5	878437623
823	164	3	878437658
823	100	5	878437658
823	517	5	878437658
823	168	5	878437658
823	426	4	878437658
823	195	4	878437703
823	654	5	878437703
823	152	5	878437703
823	64	5	878437753
823	1118	3	878437836
823	1135	3	878437836
823	81	4	878437836
823	531	4	878437890
823	474	5	878437890
823	98	5	878437890
823	273	3	878437890
823	124	4	878437925
823	12	4	878437925
823	8	5	878437925
823	215	4	878437925
823	83	3	878438024
823	143	4	878438024
823	514	5	878438024
823	238	5	878438057
823	792	3	878438057
823	28	3	878438058
823	22	5	878438058
823	150	4	878438058
823	69	5	878438095
823	709	3	878438095
823	56	5	878438119
823	240	3	878438119
823	187	5	878438148
823	173	5	878438148
823	222	3	878438179
823	651	5	878438179
823	318	5	878438179
823	866	2	878438179
823	96	4	878438179
823	588	3	878438179
823	919	4	878438206
823	136	5	878438206
823	111	4	878438206
823	1	4	878438206
823	134	5	878438232
823	160	4	878438232
823	218	4	878438232
823	182	4	878438260
823	181	4	878438260
823	475	5	878438297
823	7	5	878438298
823	425	5	878438298
823	140	3	878438332
823	1107	3	878438332
823	1070	4	878438332
823	33	3	878438332
823	92	5	878438357
823	42	4	878438357
823	170	4	878438357
823	127	5	878438357
823	459	4	878438379
823	433	4	878438379
823	135	4	878438379
823	209	4	878438379
823	156	5	878438403
823	183	4	878438403
823	228	3	878438435
823	660	5	878438435
823	157	5	878438435
823	50	5	878438435
823	1217	1	878438435
823	710	4	878438457
823	175	4	878438457
823	404	4	878438484
823	141	4	878438484
823	159	3	878438484
823	55	4	878438484
823	428	5	878438511
823	1067	4	878438511
823	742	4	878438535
823	144	5	878438535
823	410	4	878438535
823	161	3	878438535
823	90	4	878438552
823	216	5	878438584
823	211	5	878438585
823	125	4	878438585
823	747	4	878438585
823	4	5	878438607
823	154	5	878438607
823	471	3	878438608
823	234	4	878438608
823	13	5	878438642
823	48	5	878438642
823	25	3	878438642
823	188	5	878438672
823	202	4	878438672
823	418	4	878438672
823	186	4	878438672
823	721	4	878438695
823	151	4	878438732
823	374	1	878438733
823	128	2	878438733
823	735	4	878438754
823	770	4	878438754
823	1267	4	878438780
823	89	5	878438780
823	88	5	878438780
823	423	5	878438780
823	419	4	878438780
823	102	4	878438807
823	101	3	878438807
823	176	4	878438807
823	625	4	878438807
823	606	4	878438856
823	153	4	878438856
823	87	5	878438887
823	68	3	878438930
823	708	4	878438930
823	204	4	878438930
823	26	5	878438930
823	58	5	878438930
823	77	4	878438958
823	239	4	878438959
823	180	4	878439008
823	502	5	878439008
823	71	3	878439008
823	237	4	878439037
823	427	4	878439038
823	219	2	878439038
823	31	5	878439038
823	274	4	878439038
823	79	4	878439038
823	715	5	878439065
823	198	4	878439065
823	473	3	878439065
823	206	4	878439089
823	642	4	878439089
823	478	4	878439113
823	193	5	878439113
823	97	5	878439113
823	194	5	878439136
823	732	5	878439183
823	196	5	878439211
823	155	3	878439211
823	229	3	878439211
823	53	5	878439229
823	686	4	878439257
823	95	4	878439257
823	568	3	878439293
823	631	4	878439293
823	640	1	878439315
823	503	5	878439315
823	231	3	878439337
823	655	5	878439364
823	282	3	878439364
823	91	3	878439365
823	401	4	878439365
823	233	4	878439365
823	684	4	878439391
823	66	4	878439391
823	450	1	878439412
823	692	4	878439438
823	356	3	878439467
823	1046	3	878439467
823	227	1	878439497
823	94	2	878439497
823	210	4	878439498
823	230	3	878439557
823	762	4	878439557
823	739	4	878439582
823	52	3	878439605
823	566	4	878439605
823	184	3	878439629
823	17	4	878439655
823	217	3	878439655
823	333	3	878439845
823	294	3	878439981
760	682	3	878530117
130	276	4	878537447
130	398	3	878537516
130	449	4	878537516
130	29	3	878537558
130	566	4	878537558
130	779	4	878537558
130	550	5	878537602
130	450	2	878537602
130	808	5	878537631
130	798	1	878537631
130	771	2	878537631
130	373	4	878537681
130	1228	3	878537681
130	578	5	878537681
130	743	2	878537778
130	1231	4	878537778
130	572	3	878537853
130	1274	2	878537853
130	239	4	878538071
1	254	1	878541392
1	115	5	878541637
1	173	5	878541803
1	211	3	878541970
1	229	4	878542075
1	155	2	878542201
1	203	4	878542231
1	62	3	878542282
1	90	4	878542300
1	219	1	878542327
1	167	2	878542383
1	162	4	878542420
1	61	4	878542420
1	35	1	878542420
1	230	4	878542420
1	112	1	878542441
1	265	4	878542441
1	57	5	878542459
1	49	3	878542478
1	30	3	878542515
1	131	1	878542552
1	233	2	878542552
1	82	5	878542589
1	152	5	878542589
1	141	3	878542608
1	72	4	878542678
1	158	3	878542699
1	33	4	878542699
1	198	5	878542717
1	113	5	878542738
1	225	2	878542738
1	21	1	878542772
1	149	2	878542791
1	88	4	878542791
1	101	2	878542845
1	239	4	878542845
1	110	1	878542845
1	103	1	878542845
1	34	2	878542869
1	29	1	878542869
1	43	4	878542869
1	132	4	878542889
1	210	4	878542909
1	205	3	878542909
1	3	4	878542960
1	12	5	878542960
1	58	4	878542960
1	208	5	878542960
1	201	3	878542960
1	125	3	878542960
1	116	3	878542960
1	138	1	878543006
1	66	4	878543030
1	37	2	878543030
1	38	3	878543075
1	241	4	878543133
1	140	1	878543133
1	226	3	878543176
1	78	1	878543176
1	76	4	878543176
1	232	3	878543196
1	63	2	878543196
1	139	3	878543216
1	75	4	878543238
1	142	2	878543238
1	51	4	878543275
1	54	3	878543308
1	86	5	878543541
1	169	5	878543541
1	44	5	878543541
1	87	5	878543541
1	154	5	878543541
1	16	5	878543541
1	100	5	878543541
1	178	5	878543541
1	228	5	878543541
1	9	5	878543541
860	305	4	878567538
851	307	4	878574215
684	248	3	878576473
684	692	4	878576614
684	371	2	878576866
684	483	5	878576905
455	300	4	878585250
455	286	5	878585250
455	269	4	878585250
455	258	5	878585250
455	323	3	878585277
455	270	4	878585321
455	678	3	878585344
455	245	3	878585344
455	304	3	878585409
455	9	4	878585685
455	121	4	878585685
455	1	4	878585685
455	515	4	878585775
455	222	3	878585775
455	100	4	878585826
455	275	4	878585826
455	181	4	878585826
455	50	5	878585826
407	879	3	878597296
92	288	3	878679005
815	515	5	878691739
815	127	3	878691739
815	50	5	878691739
815	9	4	878691739
815	250	1	878691779
815	181	5	878691844
815	919	5	878691844
815	117	3	878691884
815	993	2	878691939
815	7	4	878691975
815	1	5	878691975
815	713	4	878692016
815	596	5	878692043
815	405	4	878692071
815	471	2	878692149
815	151	4	878692207
815	125	5	878692242
815	240	2	878692319
815	121	2	878692344
815	472	1	878692826
815	871	1	878693073
815	514	1	878693183
815	518	3	878693183
815	191	5	878693183
815	98	4	878693183
815	705	5	878693183
815	524	4	878693381
815	190	5	878693381
815	216	3	878693381
815	95	3	878693381
815	182	3	878693424
815	168	3	878693424
815	174	4	878693424
815	523	4	878693462
815	318	5	878693497
815	214	5	878693497
815	527	5	878693830
815	185	3	878693830
815	1039	5	878693870
815	204	4	878693871
815	200	5	878693871
815	96	5	878693871
815	188	3	878693906
815	588	5	878693906
815	357	5	878693906
815	484	4	878693989
815	86	5	878693989
815	144	4	878693989
815	496	5	878694027
815	102	3	878694028
815	501	3	878694028
815	199	4	878694055
815	647	5	878694055
815	732	5	878694106
815	69	4	878694106
815	479	4	878694106
815	28	4	878694199
815	87	5	878694199
815	179	2	878694228
815	435	4	878694269
815	602	3	878694269
815	835	3	878694269
815	159	3	878694306
815	969	5	878694306
815	71	5	878694341
815	202	4	878694341
815	521	4	878694381
815	183	5	878694381
815	233	3	878694381
815	154	5	878694453
815	135	2	878694493
815	79	4	878694493
815	196	4	878694526
815	655	3	878694563
815	239	5	878694563
815	172	5	878694613
815	133	5	878694613
815	134	4	878694613
815	141	4	878694613
815	423	5	878694613
815	603	3	878694664
815	417	5	878694664
815	65	5	878694664
815	99	4	878694665
815	143	5	878694665
815	176	4	878694705
815	625	4	878694705
815	228	5	878694735
815	542	4	878694820
815	485	4	878694820
815	215	5	878694820
815	529	5	878694854
815	57	5	878694854
815	659	5	878694952
815	432	5	878694952
815	175	3	878694952
815	465	5	878694952
815	837	5	878694983
815	613	5	878694983
815	97	5	878694983
815	114	5	878695019
815	153	4	878695020
815	443	3	878695055
815	686	5	878695092
815	89	4	878695092
815	404	4	878695147
815	227	2	878695147
815	88	4	878695176
815	433	3	878695199
815	436	3	878695241
815	173	5	878695241
815	132	5	878695278
815	195	4	878695278
815	83	4	878695311
815	582	1	878695311
815	136	5	878695311
815	735	5	878695438
815	402	5	878695438
815	419	3	878695490
815	31	4	878695490
815	629	4	878695527
815	229	3	878695527
815	158	2	878695645
815	671	4	878695679
815	380	3	878695744
815	418	4	878695744
815	77	4	878695798
815	163	4	878695841
815	559	3	878695877
815	1078	2	878695903
815	614	3	878695964
815	193	4	878696054
815	494	5	878696093
815	526	4	878696093
815	615	2	878696181
815	265	5	878696181
815	650	2	878696213
815	483	5	878696284
815	944	3	878696318
815	54	3	878696355
815	584	3	878696355
815	2	3	878696355
815	684	4	878696441
815	660	4	878696441
815	393	4	878696473
815	712	3	878696563
815	386	2	878696563
815	1204	5	878696619
815	434	3	878696619
815	203	4	878696650
815	639	2	878696681
815	217	3	878696681
815	91	3	878696840
815	451	3	878696965
815	1299	3	878697015
815	623	3	878697043
815	392	4	878697163
815	616	1	878697189
815	945	4	878697261
815	1133	3	878697466
815	403	4	878697532
815	94	3	878697705
815	167	2	878697705
815	391	2	878697734
815	230	5	878698098
815	444	2	878698407
815	131	2	878698449
815	665	2	878698525
815	210	2	878698553
815	449	2	878698661
815	226	3	878698704
815	675	2	878698831
736	748	2	878708465
736	50	3	878708579
736	181	2	878708646
736	257	3	878708721
736	246	4	878708929
736	324	3	878708991
736	294	3	878709025
736	255	1	878709025
736	533	3	878709108
736	1089	1	878709187
736	323	1	878709187
736	678	1	878709212
736	1278	1	878709262
736	254	1	878709262
736	993	4	878709365
736	532	4	878709365
736	248	4	878709365
736	1388	5	878709365
736	293	4	878709365
736	127	4	878709365
736	286	4	878709365
736	515	5	878709365
736	296	4	878709365
736	253	5	878709365
222	247	1	878714998
222	580	3	878715168
222	944	3	878715192
762	302	5	878718810
762	286	4	878718810
762	270	4	878718855
762	749	1	878718996
762	875	5	878718996
762	332	1	878718996
762	515	5	878719186
762	116	1	878719186
762	475	5	878719219
762	237	3	878719294
762	246	1	878719294
762	1662	1	878719324
762	111	2	878719371
762	274	4	878719371
762	815	1	878719406
762	934	1	878719406
762	256	3	878719448
762	173	5	878719533
762	955	5	878719551
762	709	3	878719594
762	421	4	878719594
425	258	2	878737511
425	286	1	878737511
425	302	5	878737511
425	319	1	878737511
425	288	5	878737512
425	294	2	878737512
425	300	2	878737512
425	678	1	878737593
425	879	2	878737593
425	289	1	878737635
425	324	3	878737657
425	325	3	878737684
425	323	2	878737684
870	302	4	878737704
870	466	4	878737789
425	12	5	878737791
425	178	3	878737841
425	318	2	878737841
425	1	2	878737873
425	156	5	878737873
425	429	4	878737908
425	669	3	878737908
870	841	2	878737915
425	56	5	878737945
425	475	5	878737945
425	590	3	878737945
425	124	2	878737945
425	55	4	878737945
870	223	4	878737979
425	357	5	878737981
425	11	3	878737981
425	522	3	878738077
425	180	4	878738077
425	201	3	878738104
425	157	2	878738149
425	174	3	878738149
425	98	4	878738186
425	191	3	878738186
425	161	3	878738187
425	64	4	878738245
425	195	4	878738245
425	70	3	878738245
425	1129	3	878738245
425	583	3	878738245
425	17	4	878738290
425	22	3	878738290
425	759	2	878738290
425	177	3	878738290
425	4	4	878738290
425	127	4	878738290
425	7	3	878738290
425	435	3	878738334
425	228	4	878738334
425	96	4	878738335
425	79	4	878738335
425	92	5	878738335
425	144	4	878738335
425	50	5	878738335
425	39	4	878738335
425	562	1	878738385
425	684	2	878738385
425	172	5	878738385
425	176	3	878738386
425	187	3	878738386
425	188	3	878738386
425	24	2	878738386
425	68	4	878738386
425	33	4	878738435
425	117	3	878738435
425	273	4	878738435
425	181	4	878738435
425	89	4	878738435
425	231	3	878738435
425	1110	1	878738486
425	222	5	878738486
425	281	2	878738486
425	540	2	878738486
425	183	3	878738486
425	546	3	878738548
425	232	3	878738548
425	62	4	878738548
425	241	2	878738548
425	229	3	878738548
425	403	4	878738548
425	679	3	878738548
425	53	4	878738596
425	184	4	878738596
425	118	1	878738596
425	636	4	878738596
425	1597	3	878738596
425	227	4	878738597
425	398	1	878738597
425	841	1	878738597
425	405	2	878738643
425	233	2	878738643
425	265	3	878738643
425	568	3	878738643
425	147	3	878738643
425	825	2	878738643
425	230	4	878738644
425	1416	3	878738695
425	27	3	878738695
425	566	2	878738695
425	1188	3	878738695
425	1596	2	878738695
425	1595	2	878738757
425	686	3	878738757
425	2	2	878738757
425	1222	2	878738757
425	823	3	878738757
425	1419	3	878738757
425	82	3	878738757
425	38	3	878738757
425	1314	3	878738813
425	576	3	878738813
425	550	4	878738813
425	385	2	878738813
425	121	4	878738813
323	258	4	878738826
323	286	3	878738826
323	288	3	878738827
323	319	2	878738827
323	300	2	878738827
323	294	3	878738827
425	234	3	878738853
425	853	4	878738853
425	185	2	878738853
425	100	4	878738853
425	200	4	878738854
425	854	4	878738854
425	447	3	878738854
323	268	4	878738865
323	332	3	878738865
323	334	3	878738865
323	333	4	878738865
425	218	3	878738887
425	448	2	878738887
425	379	2	878738887
425	672	2	878738887
425	445	3	878738887
425	5	1	878738887
323	327	4	878738910
323	322	2	878738910
323	289	2	878738910
323	678	2	878738910
425	573	3	878738914
425	670	3	878738914
425	217	1	878738914
323	873	3	878738949
323	876	2	878738949
425	424	2	878738956
425	219	2	878738956
425	145	3	878738956
425	452	2	878738956
425	443	2	878738956
425	298	4	878738992
425	293	4	878738992
425	976	1	878738992
425	257	3	878738992
425	455	2	878738992
323	292	4	878738997
323	243	1	878738997
323	886	3	878738997
425	244	1	878739015
323	328	3	878739029
323	875	3	878739029
425	250	4	878739054
425	1013	1	878739054
425	1016	3	878739054
425	252	2	878739054
425	743	4	878739054
323	245	2	878739084
425	597	1	878739095
425	363	1	878739095
425	827	1	878739095
425	1089	2	878739095
425	831	3	878739095
323	127	5	878739137
323	50	5	878739137
323	181	5	878739177
323	100	4	878739177
323	246	4	878739177
323	93	4	878739177
323	847	3	878739225
323	222	3	878739251
323	255	4	878739275
323	298	4	878739275
323	713	4	878739299
323	293	4	878739299
323	9	4	878739325
323	7	2	878739355
323	273	4	878739355
323	117	3	878739355
323	15	3	878739393
323	257	2	878739393
323	475	3	878739393
323	933	3	878739393
323	1017	3	878739394
323	764	3	878739415
323	744	5	878739436
323	544	4	878739459
323	763	4	878739459
323	993	4	878739488
323	762	4	878739488
323	249	3	878739488
323	248	3	878739519
323	295	3	878739519
323	546	2	878739519
323	619	3	878739519
323	282	3	878739543
323	741	3	878739543
323	151	4	878739568
323	150	4	878739568
323	1048	3	878739594
323	1012	4	878739594
323	121	3	878739618
323	535	3	878739643
323	508	4	878739643
323	223	4	878739699
323	98	4	878739699
323	156	5	878739720
323	22	5	878739743
323	56	5	878739771
323	204	3	878739771
323	479	4	878739801
323	79	4	878739829
323	651	5	878739829
323	1073	4	878739857
323	180	5	878739857
323	210	4	878739878
323	772	3	878739904
323	179	4	878739904
323	23	5	878739925
323	199	4	878739953
323	203	5	878739953
323	11	5	878739953
323	144	4	878739988
323	215	5	878739988
323	1050	5	878739988
323	172	5	878739988
323	186	4	878739988
323	64	5	878740017
323	467	5	878740017
323	238	4	878740017
150	319	4	878746174
150	288	4	878746174
150	324	4	878746225
150	268	5	878746257
150	1	4	878746441
150	147	4	878746442
150	124	2	878746442
150	100	2	878746636
150	181	5	878746685
150	50	5	878746719
150	246	5	878746719
150	458	4	878746720
150	475	5	878746764
150	291	4	878746764
150	273	4	878746764
150	235	4	878746792
150	151	4	878746824
150	150	3	878746824
150	123	4	878746852
150	14	4	878746889
150	127	5	878746889
150	93	4	878746889
150	13	4	878746889
150	278	2	878746889
150	129	4	878746946
150	293	4	878746946
150	276	5	878746982
150	221	4	878747017
150	628	4	878747018
150	410	4	878747090
150	121	2	878747322
150	325	1	878747322
684	386	3	878759184
684	402	3	878759310
497	242	1	878759351
497	258	4	878759351
497	288	2	878759351
497	294	4	878759351
497	300	3	878759351
497	358	4	878759378
684	202	4	878759384
497	268	4	878759399
497	748	4	878759432
684	265	4	878759435
684	210	3	878759474
497	325	2	878759505
497	260	4	878759529
684	238	3	878759545
684	477	5	878759560
684	38	3	878759635
497	109	4	878759659
497	645	3	878759659
497	56	4	878759659
497	153	4	878759659
497	173	5	878759659
497	194	3	878759705
497	475	4	878759705
497	508	3	878759705
497	382	4	878759745
497	716	4	878759745
497	175	4	878759745
684	15	5	878759758
497	210	4	878759777
497	1000	2	878759777
497	455	4	878759777
497	746	5	878759777
497	42	4	878759777
497	652	5	878759777
497	186	4	878759806
497	208	3	878759806
497	433	3	878759806
684	365	4	878759820
497	100	4	878759828
497	111	4	878759828
497	394	3	878759862
497	629	2	878759862
497	655	4	878759862
684	274	2	878759884
497	381	3	878759898
497	152	2	878759898
497	83	2	878759898
684	64	4	878759907
497	412	1	878759926
497	13	2	878759927
684	98	4	878759970
684	1301	3	878760019
497	202	4	878760023
497	168	5	878760023
684	625	3	878760041
684	161	3	878760137
684	111	4	878760164
684	178	4	878760250
684	118	4	878760274
684	553	4	878760305
684	158	3	878760372
684	409	3	878760614
684	173	3	878761120
684	8	5	878761120
684	168	4	878761120
684	208	3	878761120
684	83	5	878761676
684	732	4	878761717
684	435	3	878761717
684	216	3	878761717
684	716	2	878761751
684	393	4	878761751
684	70	4	878761788
684	88	4	878761788
684	381	2	878762033
684	66	4	878762033
684	186	4	878762087
684	63	4	878762087
684	73	4	878762087
684	239	4	878762118
684	67	3	878762144
684	781	3	878762183
684	94	3	878762183
684	49	4	878762243
684	395	2	878762243
684	728	2	878762243
684	585	2	878762273
684	376	3	878762273
684	722	2	878762302
684	401	3	878762302
684	734	3	878762302
82	294	4	878768327
82	25	2	878768435
82	118	3	878768510
82	13	2	878768615
82	103	2	878768665
82	756	1	878768741
82	3	2	878768765
82	476	3	878768765
82	473	2	878768765
82	1164	2	878768790
82	225	3	878768790
82	424	1	878768811
82	220	2	878768840
82	866	3	878768840
82	472	3	878768882
82	597	3	878768882
82	411	3	878768902
82	820	3	878768902
82	1001	1	878769138
82	657	4	878769261
82	822	2	878769262
82	481	5	878769262
82	8	4	878769292
82	640	3	878769292
82	79	3	878769334
82	513	4	878769334
82	185	3	878769334
82	480	4	878769373
82	238	3	878769373
82	523	5	878769373
82	432	4	878769373
82	435	5	878769409
82	56	3	878769410
82	133	4	878769410
82	582	4	878769410
82	212	4	878769410
82	134	4	878769442
82	169	4	878769442
82	514	4	878769442
82	671	1	878769478
82	174	5	878769478
82	527	3	878769479
82	603	5	878769479
82	484	4	878769597
82	474	3	878769597
82	175	4	878769598
82	87	3	878769598
82	705	3	878769598
82	135	3	878769629
82	318	4	878769629
82	228	3	878769629
82	178	4	878769629
82	495	3	878769668
82	140	3	878769668
82	482	4	878769668
82	479	4	878769703
82	520	3	878769703
82	661	4	878769703
82	430	5	878769703
82	170	4	878769703
82	518	4	878769747
82	1078	3	878769748
82	218	3	878769748
82	946	2	878769748
82	191	4	878769748
82	168	5	878769748
82	414	4	878769748
82	127	2	878769777
82	22	3	878769777
82	770	4	878769777
82	97	4	878769777
82	202	4	878769777
82	1063	3	878769815
82	231	2	878769815
82	208	3	878769815
82	230	2	878769815
82	211	4	878769815
82	28	3	878769815
82	197	4	878769847
82	183	3	878769848
82	367	4	878769848
82	660	5	878769848
82	418	4	878769848
82	199	4	878769888
82	357	4	878769888
82	70	4	878769888
82	483	5	878769888
82	73	4	878769888
82	504	4	878769917
82	588	5	878769917
82	511	3	878769948
82	69	4	878769948
82	216	4	878769949
82	99	4	878769949
82	496	4	878769992
82	462	4	878769992
82	11	4	878769992
82	241	3	878769992
82	194	4	878770027
82	519	4	878770028
82	529	4	878770028
82	81	3	878770059
82	71	4	878770169
82	64	5	878770169
82	1101	4	878770169
82	1126	4	878770169
82	265	4	878770169
297	307	4	878771124
297	243	1	878771163
626	286	5	878771242
626	302	4	878771242
626	288	3	878771243
626	294	3	878771243
626	258	4	878771243
626	333	1	878771281
626	748	2	878771281
626	324	4	878771281
626	292	1	878771281
626	988	1	878771281
626	948	1	878771281
626	289	1	878771281
626	270	2	878771355
626	332	3	878771355
626	268	4	878771355
626	879	1	878771418
626	327	4	878771419
626	330	3	878771447
626	682	3	878771447
626	264	1	878771476
626	680	1	878771476
626	266	1	878771476
626	336	1	878771477
626	681	1	878771477
626	328	1	878771505
626	323	1	878771505
626	358	1	878771505
626	243	1	878771505
626	678	1	878771505
847	288	4	878774722
847	258	5	878774722
847	261	1	878774763
847	948	1	878774764
847	262	5	878774788
847	301	5	878774832
847	243	1	878774856
847	289	5	878774856
847	742	3	878774969
847	125	3	878774969
847	50	4	878774969
847	1086	4	878775404
847	1137	5	878775404
847	1007	4	878775444
847	222	5	878775470
847	1	3	878775523
847	290	4	878775523
847	121	3	878775523
847	93	1	878775570
847	117	2	878775570
847	7	3	878775647
847	455	2	878775647
847	225	1	878775647
847	1012	1	878775729
847	25	3	878775796
847	181	4	878775821
847	257	3	878775863
847	763	1	878775914
847	151	4	878775914
847	476	4	878775961
847	118	3	878775982
847	756	1	878776020
847	235	1	878776020
279	687	4	878793072
554	328	4	878801354
5	243	1	878844164
5	259	1	878844208
5	452	1	878844397
5	438	1	878844423
5	439	1	878844423
5	437	1	878844423
5	440	1	878844423
5	169	5	878844495
5	189	5	878844495
5	408	5	878844495
5	426	3	878844510
5	101	5	878844510
5	377	1	878844615
5	63	1	878844629
5	400	1	878844630
5	94	3	878844651
5	409	2	878844651
5	194	4	878845197
749	294	2	878846265
749	258	4	878846265
749	326	4	878846365
749	300	4	878846365
749	748	3	878846384
749	292	4	878846384
749	358	3	878846422
749	322	4	878846422
749	328	4	878846422
749	678	2	878846423
749	245	4	878846423
749	879	4	878846449
749	117	4	878846654
749	1051	3	878846676
749	25	4	878846697
749	237	3	878846782
749	151	5	878846783
749	293	4	878846783
749	284	4	878846812
749	118	3	878846841
749	15	5	878846841
749	9	3	878846903
749	628	4	878846903
749	257	3	878846957
749	1016	5	878846958
749	50	5	878846978
749	250	3	878846978
749	181	5	878846998
749	252	3	878847057
749	1615	4	878847076
749	1244	3	878847101
749	199	5	878847171
749	64	4	878847171
749	531	5	878847171
749	215	4	878847172
749	174	5	878847209
749	31	5	878847209
749	501	4	878847209
749	172	5	878847239
749	523	4	878847285
749	134	4	878847286
749	183	5	878847286
749	511	4	878847286
749	22	5	878847327
749	478	5	878847328
749	821	3	878847328
749	480	5	878847328
749	527	4	878847364
749	157	3	878847364
749	510	4	878847404
749	98	5	878847404
749	56	2	878847404
749	161	3	878847461
749	202	5	878847461
749	429	4	878847461
749	160	3	878847461
749	418	5	878847498
749	96	5	878847498
749	178	4	878847540
749	483	4	878847540
749	194	5	878847541
749	204	4	878847576
749	175	3	878847576
749	69	5	878847576
749	71	4	878847576
749	661	5	878847576
749	659	5	878847611
749	705	4	878847612
749	495	4	878847612
749	378	5	878847612
749	121	3	878847645
749	423	4	878847645
749	448	2	878847645
749	404	5	878847673
749	140	3	878847673
749	496	5	878847673
749	222	3	878847716
749	465	4	878847716
749	740	3	878847716
749	735	5	878847716
749	185	4	878847740
749	173	5	878847740
749	521	4	878847765
749	168	5	878847765
749	419	5	878847765
749	205	4	878847804
749	99	5	878847804
749	526	5	878847804
749	356	4	878847804
749	1136	4	878847804
749	603	5	878847804
749	280	4	878847835
749	144	5	878847835
749	186	4	878847862
749	357	4	878847862
749	238	3	878847863
749	4	4	878847863
749	211	5	878847887
749	435	4	878847888
749	430	4	878847926
749	132	4	878847926
749	143	4	878847926
749	498	4	878847926
749	549	3	878847926
749	176	4	878847954
749	443	4	878847954
749	58	3	878847988
749	663	4	878847988
749	154	5	878847988
749	736	3	878847988
749	729	4	878848015
749	48	3	878848015
749	179	4	878848015
749	655	5	878848044
749	234	4	878848044
749	197	4	878848044
749	208	5	878848044
749	431	5	878848069
749	79	4	878848069
749	485	4	878848097
749	89	4	878848098
749	47	4	878848098
749	568	4	878848098
749	216	4	878848137
749	642	2	878848137
749	685	4	878848137
749	184	2	878848137
749	291	4	878848137
749	49	4	878848137
749	845	3	878848189
749	227	4	878848189
749	135	4	878848189
749	414	4	878848189
749	650	3	878848189
749	11	5	878848189
749	433	3	878848217
749	191	4	878848217
749	141	4	878848217
749	273	4	878848243
749	969	4	878848243
749	230	3	878848272
749	385	3	878848272
749	188	3	878848302
749	196	4	878848302
749	200	4	878848302
749	468	3	878848333
749	95	3	878848333
749	162	3	878848333
749	86	4	878848369
749	975	4	878848369
749	434	4	878848369
749	111	3	878848405
749	82	5	878848405
749	477	3	878848405
749	625	3	878848430
749	732	4	878848452
749	180	4	878848483
749	584	3	878848483
749	232	4	878848483
749	763	1	878848483
749	951	4	878848533
749	226	4	878848533
749	739	3	878848558
749	210	4	878848587
749	837	5	878848587
749	616	3	878848612
749	182	3	878848639
749	203	4	878848639
749	866	3	878848639
749	195	5	878848639
749	809	3	878848673
749	405	2	878848673
749	101	4	878848700
749	167	2	878848701
749	633	4	878848764
749	746	5	878848764
749	125	5	878848764
749	621	3	878848795
749	153	4	878848828
749	228	5	878848828
749	731	3	878848828
749	209	4	878848828
749	164	3	878848866
749	755	4	878848866
749	365	3	878848951
749	627	2	878848951
749	843	3	878848998
749	62	3	878849052
749	100	3	878849052
749	133	4	878849052
749	1028	4	878849149
749	391	3	878849149
749	472	4	878849149
749	23	3	878849176
749	214	3	878849177
749	470	5	878849259
749	85	4	878849259
749	233	5	878849286
749	239	4	878849286
749	742	4	878849375
749	1185	4	878849375
749	2	4	878849375
749	389	3	878849375
749	712	3	878849375
749	658	4	878849404
749	136	5	878849404
749	145	4	878849433
749	399	3	878849433
749	66	3	878849433
749	229	3	878849482
749	944	4	878849482
749	105	1	878849508
749	24	2	878849508
749	428	3	878849534
749	1440	3	878849534
749	77	3	878849534
749	88	4	878849534
749	87	4	878849558
749	930	3	878849558
749	73	4	878849586
749	812	3	878849586
749	380	3	878849586
749	68	4	878849612
749	554	3	878849612
749	231	4	878849660
749	780	1	878849682
749	420	4	878849682
749	1047	3	878849740
749	94	5	878849829
749	402	4	878849829
749	155	2	878849829
749	566	3	878849857
749	546	3	878849857
749	941	5	878849877
749	366	4	878849903
749	158	3	878849903
749	393	5	878849903
749	403	4	878849903
749	636	4	878849929
749	808	3	878849929
749	159	4	878849956
749	1041	4	878849979
749	781	4	878849979
749	401	1	878850015
749	398	3	878850038
749	826	3	878850038
749	823	3	878850060
749	139	4	878850084
749	1133	2	878850084
749	1139	3	878850084
749	986	3	878850107
749	595	4	878850107
749	968	3	878850186
749	550	4	878850212
749	148	3	878850212
749	1274	2	878850212
749	934	3	878850333
749	932	3	878850333
749	540	3	878850388
749	72	3	878850388
749	686	4	878850429
749	578	3	878850429
749	142	4	878850456
749	637	1	878850456
749	571	3	878850456
749	977	4	878850502
749	1263	2	878850533
749	80	1	878850533
749	576	3	878850533
749	833	2	878850565
749	67	1	878850588
749	449	3	878850610
749	1188	3	878850610
749	78	3	878850632
749	444	2	878850632
749	1034	2	878850656
749	240	1	878850656
749	586	4	878850657
749	622	3	878850675
749	110	2	878850703
749	1092	3	878850703
749	635	1	878850703
749	38	3	878850724
749	1228	4	878850748
749	841	3	878850768
749	802	3	878850789
749	541	3	878850825
653	294	2	878853618
653	333	5	878853678
653	748	5	878853734
653	127	5	878853780
653	187	4	878853780
653	746	5	878853936
653	83	5	878853936
653	56	5	878853975
447	258	5	878853977
447	300	4	878854011
653	182	3	878854051
653	172	3	878854051
653	55	3	878854051
653	174	5	878854051
653	79	4	878854051
653	455	3	878854051
447	748	1	878854056
447	678	3	878854056
447	879	3	878854056
653	183	3	878854100
653	89	5	878854100
653	511	4	878854100
653	50	5	878854100
653	195	5	878854100
447	260	2	878854120
653	96	4	878854145
653	188	5	878854145
653	181	4	878854145
653	176	3	878854145
653	11	2	878854145
653	566	5	878854190
653	385	4	878854190
653	228	4	878854190
447	508	3	878854195
447	298	4	878854195
447	9	2	878854195
447	237	4	878854234
653	686	2	878854247
653	161	4	878854247
653	684	5	878854247
447	1	3	878854273
653	22	5	878854284
653	531	5	878854284
653	69	4	878854284
653	523	4	878854284
447	952	4	878854315
653	87	4	878854332
653	197	3	878854332
653	175	2	878854332
447	222	3	878854340
447	471	4	878854340
653	97	3	878854383
447	7	5	878854383
653	15	3	878854383
653	357	4	878854383
447	248	5	878854383
653	318	4	878854383
447	926	3	878854438
447	150	4	878854438
653	521	4	878854441
653	509	4	878854441
653	160	3	878854441
447	123	3	878854459
447	293	4	878854459
653	239	5	878854475
447	1142	5	878854481
447	15	1	878854481
447	181	5	878854520
447	24	3	878854520
447	151	3	878854520
447	257	3	878854520
447	100	5	878854552
447	284	4	878854552
447	276	4	878854552
447	50	5	878854552
447	274	1	878854552
447	118	4	878854578
447	1048	2	878854579
653	180	5	878854593
447	235	2	878854605
447	117	4	878854630
447	13	5	878854630
447	410	2	878854630
447	25	4	878854630
653	234	3	878854633
653	164	3	878854633
653	98	2	878854633
653	156	4	878854633
447	742	3	878854658
447	815	3	878854658
653	100	4	878854666
653	431	4	878854666
447	147	4	878854678
447	845	3	878854678
447	405	2	878854704
447	546	2	878854704
447	148	4	878854729
653	840	4	878854737
653	121	4	878854769
653	1244	3	878854769
653	685	3	878854769
653	118	3	878854810
447	278	3	878854810
653	117	4	878854810
653	405	3	878854810
653	597	4	878854810
447	1315	4	878854838
447	1326	4	878854838
447	760	4	878854838
447	290	4	878854838
653	1012	4	878854852
447	281	3	878854857
447	1009	4	878854876
653	411	2	878854906
653	763	1	878854906
447	1016	3	878854918
447	1034	2	878854918
447	111	3	878854954
447	535	4	878854954
447	252	3	878854975
653	756	1	878854996
653	111	2	878854996
447	544	4	878854997
447	597	3	878855021
653	410	1	878855024
447	286	2	878855082
447	288	4	878855082
447	294	4	878855082
447	866	2	878855082
447	411	2	878855107
447	121	5	878855107
653	1023	3	878855109
447	1028	3	878855139
447	981	2	878855139
447	591	4	878855139
447	762	3	878855139
447	1132	3	878855164
447	823	3	878855165
653	476	2	878855211
653	291	4	878855275
653	237	2	878855365
653	1	4	878855383
653	157	5	878855483
653	527	2	878855510
447	228	4	878855682
447	201	2	878855723
447	89	5	878855723
447	211	4	878855724
447	582	4	878855724
447	447	3	878855724
447	435	4	878855756
447	153	4	878855756
447	56	5	878855782
447	234	4	878855782
447	483	5	878855818
447	68	5	878855819
447	642	4	878855819
447	96	5	878855847
447	175	3	878855847
447	98	4	878855873
447	12	5	878855907
447	629	3	878855907
447	737	4	878855907
447	132	4	878855963
447	963	5	878855963
447	200	3	878855963
447	180	5	878855989
447	135	5	878855989
447	474	3	878856022
447	174	5	878856052
447	133	4	878856052
447	218	4	878856052
447	144	5	878856078
447	202	3	878856078
447	28	4	878856110
447	79	3	878856110
447	17	3	878856110
447	176	4	878856148
447	209	4	878856148
447	559	3	878856172
447	11	4	878856208
447	470	4	878856208
447	206	4	878856209
447	69	4	878856209
447	367	3	878856232
447	227	2	878856233
447	158	3	878856262
447	157	4	878856290
447	282	4	878856290
447	498	4	878856321
447	265	4	878856394
447	223	5	878856394
447	469	4	878856394
447	183	5	878856394
447	231	2	878856394
447	22	4	878856422
447	5	3	878856422
447	65	3	878856422
447	484	5	878856457
447	204	4	878856458
447	83	5	878856458
447	70	3	878856483
447	85	4	878856526
447	31	4	878856526
447	233	4	878856526
447	91	4	878856549
447	716	2	878856573
447	55	4	878856573
447	27	3	878856601
447	770	3	878856601
447	1046	3	878856602
447	156	5	878856625
307	56	4	878856967
653	628	4	878866413
653	151	3	878866475
653	458	2	878866475
653	238	1	878866604
653	642	1	878866604
653	638	1	878866636
653	223	3	878866636
653	429	3	878866679
653	496	2	878866679
653	732	2	878866724
653	518	2	878866755
653	4	3	878866755
653	135	5	878866755
653	1101	2	878866755
653	28	4	878866814
653	216	3	878866900
653	193	4	878866951
653	7	2	878866951
653	152	2	878866951
653	200	4	878866952
653	125	2	878866973
653	502	2	878866995
653	265	4	878866995
653	204	4	878867093
653	154	3	878867137
653	153	2	878867228
653	367	3	878867228
653	448	4	878867249
653	64	4	878867272
653	226	3	878867346
653	144	3	878867346
653	407	1	878867398
213	294	3	878870226
213	258	4	878870226
213	288	4	878870226
213	678	4	878870275
213	690	3	878870275
213	252	3	878870456
213	50	5	878870456
213	7	4	878870518
213	515	4	878870518
213	181	4	878870552
213	286	3	878870598
213	628	5	878870648
213	475	4	878870648
213	458	4	878870679
213	1	2	878870719
213	1012	3	878870719
213	100	5	878870749
213	455	4	878870749
213	25	4	878870750
213	222	3	878870790
213	508	4	878870790
213	127	5	878870790
213	471	3	878870816
213	257	4	878870846
213	924	4	878870846
213	24	5	878870846
213	118	4	878870871
213	546	4	878870903
213	106	4	878870904
213	405	3	878870904
213	121	5	878870940
213	273	5	878870987
213	685	3	878870987
213	117	4	878870987
213	841	4	878871010
213	281	4	878871038
213	831	4	878871062
213	597	5	878871062
213	1215	1	878871089
1	222	4	878873388
1	258	5	878873389
416	305	3	878877919
279	291	3	878878420
279	249	3	878878420
635	301	3	878878587
635	302	4	878878587
635	269	5	878878587
635	294	3	878878588
635	268	5	878878654
635	307	4	878878654
635	262	5	878878654
635	331	4	878878654
635	682	2	878878685
635	333	5	878878685
635	874	3	878878714
635	323	3	878878714
635	328	3	878878752
635	327	5	878878752
635	873	3	878878752
416	846	3	878878779
416	930	3	878878814
635	688	2	878878838
635	748	2	878878838
635	875	2	878878838
635	358	1	878878838
635	879	3	878878866
635	1025	2	878878901
635	886	4	878878901
635	877	3	878878901
635	300	3	878879107
416	866	4	878879130
635	13	2	878879164
416	220	4	878879168
635	742	3	878879190
635	246	5	878879190
635	255	4	878879213
635	150	3	878879236
416	287	4	878879237
416	620	4	878879237
635	276	3	878879257
635	237	3	878879257
416	291	4	878879275
635	1	4	878879283
635	117	2	878879284
416	834	3	878879314
635	15	3	878879346
416	827	4	878879350
416	1336	1	878879350
416	254	2	878879391
416	928	3	878879391
416	975	2	878879391
416	399	4	878879497
416	134	4	878879619
416	95	3	878879688
416	36	2	878879809
416	432	2	878879861
416	568	4	878879861
416	693	3	878879976
416	470	4	878880154
416	770	4	878880154
416	1469	3	878880195
416	423	4	878880195
416	231	3	878880244
416	92	3	878880244
699	288	3	878881675
699	294	3	878881676
699	127	3	878881828
699	111	3	878881875
699	50	3	878881875
699	14	3	878881952
699	151	3	878882002
699	181	3	878882082
699	225	3	878882133
699	9	2	878882133
699	455	3	878882178
699	933	3	878882226
699	7	2	878882272
699	1	3	878882272
699	235	3	878882272
699	1129	3	878882319
699	244	3	878882319
699	277	3	878882319
699	121	3	878882366
699	532	3	878882410
699	477	3	878882411
699	762	3	878882455
699	15	1	878882511
699	717	1	878882511
699	1010	3	878882563
699	273	3	878882563
699	405	3	878882608
699	129	4	878882667
699	475	4	878882667
699	19	4	878882667
699	100	4	878882667
699	137	4	878882667
699	124	4	878882667
699	221	4	878882667
699	1009	4	878882668
699	1375	3	878882836
699	185	4	878883038
699	70	4	878883038
699	523	2	878883038
699	479	3	878883038
699	98	4	878883038
699	482	2	878883038
699	202	3	878883112
699	495	3	878883113
699	211	1	878883113
699	23	4	878883113
699	234	3	878883172
699	191	3	878883173
699	206	3	878883173
699	95	3	878883173
699	224	3	878883249
22	258	5	878886261
22	294	1	878886262
22	683	1	878886307
22	688	1	878886307
22	1000	3	878886333
22	186	5	878886368
22	173	5	878886368
22	153	5	878886423
22	154	4	878886423
22	238	5	878886423
22	201	4	878886449
22	433	3	878886479
22	210	3	878886479
22	455	5	878886479
22	692	4	878886480
22	202	5	878886480
22	168	5	878886517
22	211	3	878886518
22	209	4	878886518
22	4	5	878886571
22	367	1	878886571
22	998	1	878886571
22	204	5	878886607
22	290	5	878886607
22	194	5	878886607
22	208	5	878886607
22	430	4	878886607
22	792	4	878886647
22	1001	1	878886647
22	648	4	878886647
22	502	4	878886647
22	435	5	878886682
22	17	4	878886682
22	175	4	878886682
22	216	4	878886682
22	732	4	878886710
22	109	4	878886710
22	871	3	878886750
22	21	4	878886750
22	163	1	878886845
22	523	5	878886845
22	407	3	878886845
22	862	1	878886845
22	999	4	878886902
22	393	4	878886989
22	85	5	878886989
22	167	3	878887023
22	451	4	878887062
22	926	1	878887062
22	376	3	878887112
22	731	3	878887116
22	988	1	878887116
22	377	1	878887116
22	399	4	878887157
22	110	1	878887157
22	996	1	878887158
22	1002	1	878887186
22	712	4	878887186
22	791	1	878887227
22	80	4	878887227
22	411	1	878887277
22	932	1	878887277
22	94	3	878887277
22	1003	1	878887277
22	105	1	878887347
22	386	3	878887347
22	780	1	878887377
22	997	1	878887377
22	456	1	878887413
22	384	3	878887413
22	358	5	878887443
22	687	1	878887476
22	948	1	878887553
22	878	1	878887598
22	187	5	878887680
22	172	4	878887680
22	89	5	878887680
22	96	5	878887680
22	144	5	878887680
22	79	4	878887765
22	176	5	878887765
22	174	5	878887765
22	50	5	878887765
22	181	5	878887765
22	510	5	878887765
22	403	5	878887810
22	195	4	878887810
22	651	4	878887810
22	568	4	878887810
22	228	4	878887810
22	515	5	878887869
22	385	4	878887869
22	127	5	878887869
22	184	5	878887869
22	117	4	878887869
22	121	3	878887925
22	2	2	878887925
22	229	2	878887925
22	68	4	878887925
22	161	4	878887925
22	222	4	878887925
22	62	4	878887925
22	684	3	878887983
22	231	2	878887983
22	511	4	878887983
22	128	5	878887983
22	118	4	878887983
22	241	3	878888025
22	526	4	878888026
22	431	4	878888026
22	24	5	878888026
22	230	4	878888026
22	265	3	878888066
22	554	1	878888066
22	233	3	878888066
22	227	4	878888067
22	405	1	878888067
22	636	3	878888106
22	546	3	878888107
22	53	3	878888107
22	665	1	878888145
22	226	4	878888145
22	449	1	878888145
22	566	3	878888145
22	840	4	878888184
22	550	5	878888184
22	29	1	878888228
22	250	5	878888251
763	879	3	878914901
763	258	3	878914901
763	286	4	878914901
763	98	4	878914968
763	60	5	878914968
763	50	4	878914968
763	173	4	878914968
763	200	4	878915015
763	280	2	878915015
763	210	3	878915015
763	171	3	878915015
763	461	4	878915015
763	191	4	878915063
763	1	4	878915559
763	1065	5	878915559
763	510	4	878915559
763	238	4	878915559
763	498	4	878915600
763	658	3	878915600
763	283	4	878915600
763	69	4	878915600
763	483	4	878915628
763	515	4	878915628
763	61	5	878915628
763	47	3	878915692
763	153	4	878915692
763	527	3	878915692
763	144	3	878915722
763	475	4	878915722
763	1180	2	878915765
763	28	3	878915765
763	59	5	878915765
763	99	4	878915765
763	819	2	878915766
763	960	4	878915958
763	692	2	878915958
763	469	4	878915958
763	275	5	878915958
763	198	5	878915958
763	941	3	878915958
763	100	5	878915958
634	13	4	878916178
763	55	4	878917384
763	190	4	878917384
763	955	2	878917433
763	157	4	878917467
763	70	5	878917468
763	213	4	878917468
763	159	3	878917818
763	607	4	878917850
763	164	4	878917850
763	4	5	878917877
763	83	3	878917877
763	702	3	878917877
763	96	2	878918213
763	209	4	878918213
763	588	4	878918213
763	16	5	878918332
763	135	5	878918332
763	137	4	878918332
763	143	3	878918332
763	972	3	878918333
763	11	4	878918333
763	39	4	878918360
763	195	4	878918360
763	197	4	878918360
763	194	5	878918406
763	222	5	878918406
763	88	4	878918486
763	12	5	878918486
763	1101	3	878918486
763	609	4	878918712
763	845	4	878918712
763	367	3	878918871
763	111	2	878918871
763	629	5	878918871
763	1129	4	878918908
763	1268	5	878918933
763	507	4	878918933
763	464	3	878918960
763	85	4	878918960
763	87	2	878919019
763	174	4	878919019
763	168	5	878919055
763	392	4	878919055
763	26	4	878919055
763	737	2	878919055
763	79	5	878919083
763	1098	3	878919083
763	961	5	878919083
763	176	4	878919116
763	56	5	878919116
763	13	3	878919116
763	1006	2	878919116
763	357	4	878919116
763	224	5	878919153
763	97	3	878919153
763	237	3	878919153
763	73	3	878919180
763	518	4	878919180
763	317	3	878919180
763	732	3	878919206
763	505	4	878919206
763	196	4	878919206
763	127	4	878920656
763	132	3	878920656
763	212	4	878920656
763	509	5	878920895
763	5	4	878920895
763	462	5	878921529
763	418	4	878921530
763	742	4	878921584
763	22	4	878921853
763	466	4	878922422
763	382	5	878922829
763	432	5	878922982
763	738	2	878922982
763	25	4	878922982
763	234	3	878923288
763	230	3	878923288
763	125	3	878923322
763	703	5	878923433
763	162	4	878923433
