265	117	5
342	428	5
265	477	3
265	111	2
265	50	2
265	107	1
265	815	3
265	591	5
265	257	4
265	237	5
265	1016	3
265	409	3
265	279	2
265	676	2
265	125	4
265	628	4
265	1197	2
265	472	3
265	742	5
265	934	3
265	756	4
265	15	3
265	100	5
265	975	4
342	382	3
265	410	4
265	298	5
265	240	3
342	88	1
265	293	4
265	151	2
265	284	4
265	7	2
265	282	5
265	118	4
265	273	5
24	223	5
24	727	3
24	64	5
24	1007	5
24	79	4
24	180	5
24	109	3
24	151	5
24	763	5
24	324	5
24	486	3
24	276	5
24	427	5
24	8	5
24	237	4
24	191	5
24	699	3
24	69	5
24	11	5
24	357	5
24	97	4
24	56	4
24	367	2
24	92	5
24	238	5
24	132	3
24	402	4
24	55	5
24	153	4
24	582	4
24	98	5
24	662	5
24	200	5
24	318	5
24	173	5
24	729	5
24	275	5
24	518	4
24	372	4
24	41	5
24	477	5
24	176	5
24	100	5
24	178	5
24	7	4
24	12	5
24	421	5
24	9	5
24	216	4
24	58	3
24	286	5
24	71	5
24	508	4
24	127	5
24	742	4
24	655	5
633	288	2
633	289	3
633	300	4
612	300	4
612	322	3
633	328	4
612	243	2
612	259	3
612	878	2
612	237	3
612	15	4
633	317	3
612	117	4
633	654	3
612	924	5
612	275	5
633	98	4
612	1060	4
612	864	4
633	1019	4
612	926	2
612	100	4
633	921	3
633	318	4
612	477	2
612	1	4
612	7	3
612	9	3
633	237	4
612	25	3
633	498	2
612	476	3
612	118	3
612	147	4
633	96	4
633	195	4
612	1063	5
612	127	2
612	480	4
633	159	4
633	79	5
633	121	3
612	202	2
633	128	3
612	604	4
633	82	4
633	252	3
113	245	3
113	323	4
113	286	4
113	1251	5
113	508	4
633	385	4
633	176	3
633	665	3
633	183	4
633	405	4
633	177	3
633	1132	2
633	147	4
633	71	3
633	410	2
633	322	3
633	148	1
633	117	3
633	56	2
633	50	4
633	276	3
633	871	3
287	748	4
287	294	5
287	301	3
287	327	5
287	246	4
287	181	3
287	248	5
287	298	4
287	1067	2
287	952	4
287	250	3
287	1	5
287	9	5
287	276	4
287	111	3
287	237	5
287	742	3
287	222	5
287	257	4
287	235	4
287	815	3
287	546	4
287	50	5
287	591	5
287	476	1
287	926	4
287	252	1
287	117	5
287	1016	5
287	249	5
287	240	2
287	121	4
287	108	4
287	845	5
287	56	5
287	98	4
287	710	4
287	92	4
287	208	4
287	201	5
287	28	5
287	652	4
287	11	5
287	168	5
287	200	4
287	941	3
287	218	5
287	4	4
287	461	5
287	39	5
287	426	3
287	64	5
287	156	5
597	286	3
597	289	5
597	300	5
597	242	4
597	678	1
597	990	2
597	748	5
597	323	3
597	326	1
597	294	4
597	688	4
597	328	4
597	264	4
597	988	1
597	1	3
597	298	5
597	50	5
597	1152	4
597	275	4
597	477	5
597	713	2
597	283	5
597	127	4
597	181	4
597	235	4
597	295	3
597	763	4
597	250	4
597	293	5
597	742	4
597	1534	1
597	15	5
597	24	3
597	151	4
597	111	3
597	1016	4
597	225	4
597	824	3
597	118	3
597	936	3
597	825	5
738	258	4
738	260	2
738	298	3
738	181	4
738	1016	3
738	257	3
738	250	4
738	252	4
738	254	2
738	7	4
738	511	4
738	408	5
738	195	4
738	178	4
738	22	3
738	474	4
738	919	4
738	234	4
738	238	4
738	172	4
738	175	4
738	405	2
738	174	5
738	100	2
738	173	5
738	42	2
738	204	4
738	191	4
738	200	3
738	196	4
738	95	4
738	97	4
738	214	4
738	423	4
738	206	3
738	153	4
738	152	4
738	732	3
738	228	5
738	71	3
738	240	3
738	56	4
738	662	4
738	208	4
738	655	3
738	926	3
738	188	3
738	568	3
738	209	4
738	98	4
738	455	4
738	470	4
738	39	3
738	161	4
738	147	3
738	235	2
738	659	4
738	117	3
738	222	4
738	755	3
738	28	4
738	636	3
738	393	3
738	231	3
738	79	3
738	64	4
738	81	4
738	202	4
738	226	3
738	367	3
738	496	4
738	189	4
738	118	3
738	449	3
738	91	4
738	4	4
738	230	4
738	380	3
738	2	3
738	550	3
738	747	4
738	403	3
738	88	3
738	650	3
738	186	4
738	225	3
738	1047	3
738	54	3
738	434	4
738	128	4
738	665	2
738	63	3
738	951	2
738	229	3
738	930	3
738	216	3
738	528	4
738	151	4
738	141	3
738	154	3
738	418	3
738	227	4
738	47	3
738	109	4
738	233	3
738	121	4
738	429	3
738	168	3
738	357	4
738	179	3
738	197	4
738	697	2
919	183	3
919	462	3
919	223	4
919	318	5
919	447	4
919	174	4
919	85	2
919	558	5
919	238	3
919	168	1
919	23	3
919	582	5
919	382	5
919	12	3
919	200	4
919	1073	4
919	31	3
919	946	4
919	527	4
919	1101	5
919	98	5
919	140	5
919	732	3
919	193	2
919	794	4
919	11	4
919	118	4
919	202	3
919	88	2
919	57	5
919	531	3
919	217	4
919	564	2
919	1109	3
919	432	4
919	191	5
919	1119	3
919	28	4
919	755	3
919	144	4
919	660	4
919	99	4
919	82	5
919	418	4
919	4	1
919	218	4
919	58	5
919	423	5
919	709	3
919	5	4
919	64	5
919	419	5
919	22	5
919	1136	2
67	64	5
67	1095	4
67	546	3
67	273	4
67	827	3
67	123	4
67	147	3
67	1052	3
67	1093	5
67	25	4
67	743	4
67	1	3
67	276	4
67	412	1
67	240	5
67	122	3
67	756	3
67	871	3
67	151	4
67	235	3
67	125	4
67	121	4
67	105	4
67	472	4
67	24	4
67	1047	3
67	7	5
67	833	4
67	117	5
67	405	5
118	324	4
118	528	4
118	474	5
118	135	5
118	179	5
118	200	5
118	188	5
118	427	5
118	172	5
118	513	5
118	100	5
118	475	5
118	132	4
118	433	5
118	176	5
118	193	5
118	171	5
118	210	5
118	79	5
118	511	5
118	317	5
118	175	5
118	603	4
118	134	5
118	156	5
118	421	4
118	185	5
118	98	5
118	23	5
118	32	5
118	174	5
118	654	5
118	508	4
118	184	5
118	55	5
118	180	5
118	655	5
118	960	5
118	22	5
118	201	5
118	7	5
118	56	5
118	774	5
118	547	5
118	853	5
118	558	5
118	844	5
118	5	2
118	17	3
118	217	3
118	672	4
118	436	5
118	800	4
118	53	5
118	551	5
118	559	4
118	413	4
118	396	5
118	816	3
118	564	1
118	675	5
118	258	5
118	919	5
118	218	5
118	320	5
118	164	5
118	641	5
118	234	5
118	223	5
118	288	5
118	1079	4
671	748	3
671	258	5
671	327	1
671	181	5
671	7	5
671	50	5
671	841	2
671	257	5
671	250	5
671	273	4
671	118	5
671	121	4
671	117	3
671	298	4
221	737	4
221	402	2
297	302	4
297	1296	4
297	687	2
297	267	3
297	216	4
297	238	5
297	218	3
943	64	5
943	28	4
943	181	4
297	629	3
297	174	5
943	174	4
297	210	4
297	34	3
297	181	4
490	333	3
490	286	2
490	289	1
490	258	2
490	222	3
490	1	3
490	515	3
490	596	1
490	952	2
490	298	3
490	741	4
490	475	4
490	124	4
490	273	1
490	100	3
490	15	1
490	7	3
490	137	3
490	993	1
490	126	2
490	246	2
490	847	3
490	181	4
490	117	1
490	237	1
490	293	2
490	284	3
490	93	4
490	764	1
490	455	4
490	151	1
490	926	2
490	292	3
490	255	1
490	1067	2
490	1012	3
490	1386	4
490	1383	1
490	473	2
490	458	3
490	277	3
490	123	2
490	257	3
490	410	4
490	224	2
490	987	3
490	118	2
490	127	5
490	1128	4
490	109	5
490	50	5
490	24	4
490	302	4
490	919	4
490	150	5
490	547	4
490	9	4
337	879	3
337	631	4
195	507	4
195	651	5
532	268	4
532	302	5
532	333	4
532	267	3
532	266	4
506	323	3
35	258	2
35	266	3
35	748	4
35	321	3
35	876	2
35	300	5
35	322	3
35	259	4
35	333	4
35	678	3
35	326	3
35	327	3
35	328	3
35	243	2
35	261	3
35	879	4
35	358	1
35	680	4
35	264	2
35	877	2
35	881	2
35	242	2
35	1025	3
35	332	4
35	937	4
514	175	4
514	116	4
514	527	4
514	114	5
514	50	5
514	79	4
514	144	3
514	473	3
514	423	5
514	655	4
514	83	5
514	792	4
514	237	4
514	222	4
514	47	4
514	64	4
514	183	3
514	215	4
514	568	4
514	154	4
514	474	5
514	58	4
514	172	4
514	735	4
514	97	5
514	170	3
514	483	4
514	433	5
514	173	5
514	70	5
514	1115	4
514	609	4
514	136	4
514	10	4
514	200	2
514	430	4
514	357	4
514	470	3
514	651	4
514	732	5
514	380	4
514	186	4
514	275	5
514	188	5
514	25	4
514	658	4
514	647	3
514	176	4
514	19	4
514	24	3
514	111	5
514	22	4
514	403	3
514	228	5
514	747	4
514	659	3
514	402	4
514	421	4
514	199	3
514	392	4
514	631	4
514	405	2
514	153	4
514	118	2
514	81	4
514	4	4
514	419	4
514	179	4
514	88	4
514	132	4
514	208	4
514	181	4
514	229	3
514	194	4
514	435	3
514	68	4
514	431	4
514	1035	3
514	26	3
514	134	3
514	682	4
514	748	2
693	258	4
693	300	2
693	333	3
693	273	3
693	9	3
693	12	4
693	127	4
693	318	4
693	193	4
693	521	5
693	423	3
693	191	2
693	64	3
693	23	4
693	357	5
693	197	3
693	11	4
693	28	2
693	527	3
693	48	5
693	180	3
693	178	5
693	69	3
693	187	3
693	650	3
693	942	2
693	39	3
693	508	2
693	523	4
693	582	2
693	58	3
693	192	2
693	222	2
693	135	4
693	196	2
693	651	3
693	697	4
693	662	4
693	97	5
693	655	3
693	282	4
693	632	5
693	471	3
693	382	4
693	1135	3
693	664	2
693	581	3
693	591	3
693	157	4
693	631	3
693	215	4
693	693	3
693	77	2
693	729	4
693	735	4
693	162	3
693	1311	1
693	660	3
693	628	4
693	1145	2
693	708	3
693	403	2
693	673	4
693	1232	2
693	130	1
693	649	2
693	546	1
693	98	4
693	176	2
693	56	4
693	185	5
693	183	2
693	504	5
693	79	4
693	234	2
693	230	2
693	654	3
693	939	4
693	742	3
693	449	2
693	684	3
693	229	2
693	566	2
693	636	1
693	218	4
693	159	4
693	121	2
693	1090	4
693	118	2
693	281	3
693	53	4
693	1248	3
693	977	3
693	1522	3
693	443	2
693	188	2
693	144	4
693	195	4
693	174	4
693	50	3
693	181	3
693	96	4
693	228	2
693	7	4
693	685	4
693	568	4
693	172	3
693	117	4
693	210	3
693	161	3
693	472	3
693	572	2
693	576	2
693	483	3
693	611	4
693	514	4
693	480	4
693	604	3
693	419	2
693	134	4
693	492	3
693	488	4
693	499	4
693	132	4
693	606	4
693	143	4
693	528	1
693	216	4
693	428	3
693	99	3
693	211	2
693	484	3
693	507	4
693	177	3
693	186	2
693	432	4
693	427	4
693	506	2
693	131	3
693	520	2
517	335	3
76	772	3
76	474	5
76	137	5
76	64	5
76	518	3
779	304	3
779	258	5
779	879	3
779	300	3
779	328	4
779	294	5
779	243	4
779	1	4
943	100	5
779	181	5
943	1067	2
943	127	5
779	15	4
779	109	3
943	508	5
943	763	4
943	50	4
943	412	2
943	475	5
943	117	4
943	9	3
943	124	3
943	685	4
943	405	4
943	471	5
943	24	4
943	928	5
943	274	3
943	1028	2
943	121	3
943	717	4
943	756	2
943	1047	2
943	284	2
943	111	4
943	546	4
943	282	5
943	831	2
943	825	3
779	235	4
943	281	4
943	824	4
943	1011	2
943	122	1
943	595	2
943	406	3
779	121	3
779	222	4
779	117	4
207	100	2
207	475	2
207	56	4
207	194	4
207	294	3
207	286	2
207	117	3
207	276	2
207	14	4
207	121	3
207	317	4
207	127	5
207	1023	3
207	204	3
207	70	3
207	202	3
207	435	4
207	1170	2
207	13	3
233	515	5
233	828	4
233	89	3
233	223	4
233	958	5
233	192	5
233	640	2
207	997	1
207	716	3
207	1225	3
207	367	3
207	298	3
207	188	3
207	22	3
207	684	3
207	195	3
207	92	2
207	385	3
207	568	4
207	55	3
207	566	4
207	144	3
207	38	3
207	526	4
207	562	2
207	161	4
207	471	3
207	1046	4
207	183	2
207	185	4
207	98	4
207	79	4
207	23	4
532	990	3
172	697	3
172	425	1
172	1134	2
172	772	1
172	124	4
172	220	4
172	463	4
172	23	3
172	462	3
172	514	3
172	612	3
172	428	4
172	430	3
172	606	3
172	177	4
172	488	3
172	178	3
172	657	3
172	478	3
172	603	3
172	485	3
172	642	4
172	580	4
172	483	3
172	183	5
172	1172	3
172	582	4
268	101	2
268	540	1
268	630	4
268	1035	2
268	568	3
691	304	3
691	748	4
691	294	4
691	243	1
691	322	3
691	56	4
691	631	4
691	496	5
691	604	5
691	79	5
691	500	3
691	227	4
691	672	1
691	692	5
691	524	5
691	64	5
691	50	4
691	1172	5
691	603	5
691	735	5
691	182	5
691	178	5
691	772	5
691	98	4
691	185	5
691	478	4
691	650	5
691	318	5
691	8	2
691	1	5
691	170	5
691	205	5
407	1012	3
407	869	3
407	659	5
407	117	3
407	491	4
407	45	4
407	131	3
407	216	4
407	408	4
407	493	3
407	648	3
407	432	4
407	588	4
407	616	3
407	428	3
407	559	3
407	448	4
407	755	3
407	239	4
407	2	4
407	657	4
407	197	4
798	280	2
798	993	3
798	116	3
798	151	3
798	1337	3
798	21	5
798	105	3
452	384	2
452	88	2
452	25	2
452	971	4
452	624	2
452	660	4
452	1204	4
452	102	2
452	132	2
452	180	4
452	188	4
452	495	4
452	509	4
452	135	3
452	385	4
452	513	4
452	210	4
452	404	4
452	530	3
452	625	3
452	614	3
452	554	3
152	286	5
452	609	4
452	76	4
452	99	3
452	805	4
452	510	4
452	420	3
452	371	3
452	526	4
452	517	2
452	290	2
452	77	3
452	576	2
452	62	2
633	333	3
5	267	4
5	222	4
5	455	4
5	121	4
5	405	3
5	363	3
5	257	5
5	250	3
5	25	3
5	21	3
5	100	5
5	109	5
5	369	1
5	235	4
5	412	3
5	407	3
5	411	1
5	105	3
5	368	1
5	225	2
5	151	3
5	1	4
5	181	5
5	50	4
5	406	1
5	413	3
5	424	1
5	79	3
5	397	2
5	373	3
5	399	3
5	231	2
5	229	2
5	450	1
5	226	3
5	176	3
5	183	4
5	89	5
5	435	4
5	2	3
5	230	3
5	228	5
5	449	2
5	431	3
5	210	3
5	227	4
5	174	5
5	172	5
5	144	3
5	403	3
5	398	2
5	391	4
5	385	4
5	17	4
5	372	3
5	386	2
5	393	2
5	396	5
5	367	3
5	167	2
5	90	3
5	401	5
5	390	5
5	42	5
5	153	5
5	186	5
5	456	1
5	70	4
5	384	3
5	110	1
5	80	2
5	381	1
5	209	5
5	364	1
5	451	1
5	382	5
5	428	5
5	383	3
5	430	5
5	211	4
5	433	5
5	239	4
5	204	4
5	173	4
5	208	4
5	414	3
5	154	3
5	168	3
5	422	4
5	423	4
5	432	4
5	143	3
5	419	3
5	417	3
5	415	1
5	374	3
5	29	4
5	434	5
5	365	1
5	366	3
5	380	3
798	306	3
5	392	2
5	387	3
5	429	3
5	425	2
5	214	3
798	225	4
5	135	4
798	827	4
5	62	4
5	375	3
798	930	5
798	1102	4
798	1164	3
798	1284	3
798	476	2
798	832	4
798	254	5
798	932	4
798	283	5
798	828	4
798	929	3
798	1049	3
798	825	3
798	472	3
798	926	4
798	563	2
798	28	4
798	588	4
798	705	4
798	97	1
798	493	3
798	451	2
798	1034	2
798	755	3
798	79	4
798	839	4
798	380	3
798	399	5
798	1035	4
798	996	3
798	732	2
798	231	2
798	1224	2
798	72	3
798	554	2
798	482	3
798	1544	3
798	560	3
798	208	3
798	736	5
798	377	3
798	143	5
798	781	2
798	734	3
798	202	2
798	444	2
798	671	2
798	132	4
798	418	4
798	1032	3
798	161	3
798	356	3
798	602	3
798	415	3
798	953	2
798	576	3
798	66	3
798	577	2
798	1003	3
798	785	3
798	155	3
798	498	3
798	98	1
92	934	2
798	1411	1
798	172	4
798	365	3
798	87	3
798	951	3
798	485	5
92	628	4
798	1435	2
798	423	3
798	946	2
798	486	4
92	25	3
92	50	5
92	9	4
92	475	5
92	15	3
92	411	4
92	240	2
92	925	3
92	117	4
92	273	4
92	276	5
92	116	3
92	123	2
92	257	2
92	591	4
92	100	5
92	237	4
92	235	3
92	471	4
92	24	3
92	825	4
92	619	4
92	546	2
92	118	2
92	926	3
92	147	2
92	1016	2
92	410	3
92	106	3
92	412	2
92	121	5
92	294	3
92	685	3
92	225	3
92	515	4
92	111	3
92	289	3
92	678	2
92	582	5
92	120	2
593	322	2
92	405	2
92	243	1
92	370	1
92	1047	1
92	220	1
92	758	1
92	931	1
92	820	1
92	922	1
307	82	4
307	257	5
307	408	5
300	300	4
300	294	3
300	288	4
300	261	3
300	322	4
300	948	4
300	687	2
300	872	5
300	243	4
300	328	3
300	876	5
300	881	5
300	264	1
300	100	3
300	257	4
300	456	4
300	1094	5
300	833	4
300	1012	4
300	409	4
398	991	2
398	127	4
398	15	5
398	111	3
398	13	3
398	181	4
398	126	4
398	283	3
398	276	4
398	476	3
398	100	3
398	591	3
398	1	5
398	50	5
92	98	5
92	12	5
92	209	5
92	171	4
92	176	5
92	195	5
92	963	5
92	135	4
92	89	5
92	180	5
92	198	5
398	993	3
92	191	4
92	28	3
92	504	3
92	179	5
398	117	4
92	169	5
92	22	3
92	531	4
92	855	5
92	707	4
398	237	3
92	69	5
92	79	4
92	789	5
92	727	4
92	172	4
92	1073	5
92	651	4
92	56	5
92	318	2
92	48	4
92	11	4
92	32	3
92	189	4
92	474	4
92	428	4
92	210	4
92	64	4
92	175	4
92	527	3
92	518	5
92	640	5
92	153	4
92	949	3
92	42	4
92	95	3
92	501	2
92	385	4
92	2	3
92	68	3
92	203	4
92	223	5
92	168	4
92	1018	4
92	731	4
92	418	3
92	202	3
92	692	4
92	58	4
92	182	4
92	228	4
92	46	4
92	216	3
92	204	4
92	663	4
92	186	4
92	183	4
92	65	4
92	143	3
92	157	4
92	239	4
92	660	4
92	737	4
92	160	4
92	161	2
92	115	3
92	201	3
92	238	5
92	627	3
92	8	5
92	581	4
92	174	5
92	403	4
92	196	4
92	193	4
92	4	4
92	55	3
92	234	4
92	31	4
92	658	3
92	5	4
92	1194	4
92	708	4
92	655	4
92	367	3
92	421	4
92	436	4
279	234	2
92	709	2
92	568	3
398	756	3
92	77	3
92	433	5
92	47	4
92	231	3
92	233	3
92	214	4
92	396	3
398	284	2
92	794	3
92	82	2
92	823	4
92	92	4
92	227	1
92	218	4
92	71	5
92	155	2
92	219	4
92	145	2
92	81	3
92	947	4
92	642	3
398	25	4
279	265	5
543	1014	4
543	16	3
833	267	1
398	274	3
92	241	3
422	267	4
422	333	4
92	423	3
92	96	4
92	702	3
92	230	3
92	755	3
798	173	5
92	156	4
92	212	4
798	568	4
92	735	3
92	747	4
92	40	3
92	229	3
92	164	4
92	715	4
92	208	4
92	382	4
92	88	3
92	53	3
92	673	4
92	712	3
92	215	4
92	39	3
92	73	3
92	684	3
92	173	3
92	167	3
92	463	4
92	134	4
92	101	2
92	29	3
92	729	4
92	54	3
92	217	3
92	265	4
92	38	3
92	154	4
92	528	4
398	403	4
398	427	4
398	498	5
398	589	3
398	482	5
398	135	3
398	182	4
398	485	5
398	478	5
543	471	3
398	228	5
398	474	4
398	357	4
92	631	4
92	566	4
92	72	3
92	955	4
398	144	5
398	510	4
398	604	5
398	514	4
398	480	5
593	181	4
593	100	5
543	4	4
543	8	4
593	275	3
593	56	5
398	12	3
398	705	5
398	501	3
398	134	3
398	655	4
398	447	2
398	31	3
398	168	3
398	953	3
593	70	5
593	255	5
593	371	3
543	660	3
543	61	4
593	1	3
593	276	1
543	1194	4
543	212	4
543	461	3
398	69	5
593	284	4
543	59	4
398	234	4
398	430	4
398	735	4
398	95	5
593	9	3
398	484	4
398	423	5
279	395	4
398	481	3
593	117	4
398	588	4
593	282	5
398	969	4
398	183	4
398	582	2
593	111	5
593	15	4
593	283	4
593	278	3
593	125	4
279	444	3
593	1014	1
279	1030	4
593	126	5
593	471	3
593	25	3
593	815	3
398	1020	3
398	56	4
279	388	3
279	373	4
593	546	3
593	762	4
593	274	3
593	1028	3
279	1488	4
279	1247	2
593	405	3
593	476	2
593	535	3
279	1271	4
593	50	4
593	118	4
593	286	5
92	672	3
593	121	4
593	685	3
92	451	3
593	763	3
92	431	4
92	91	3
593	280	3
593	977	3
398	197	5
593	866	5
593	220	3
593	846	2
398	28	5
398	602	4
92	559	3
92	785	3
593	106	2
593	597	2
593	974	2
593	122	1
92	587	3
593	69	5
398	495	4
398	64	4
92	679	4
92	1209	1
92	62	3
593	11	4
92	780	3
92	393	3
398	79	4
398	205	5
398	174	5
593	174	4
593	144	4
593	478	5
593	1119	5
593	234	2
593	732	3
593	26	4
593	204	4
593	357	5
593	200	5
593	71	4
593	98	5
543	704	3
543	519	4
543	185	4
543	469	4
543	199	4
543	168	3
543	169	4
543	226	4
543	28	4
543	403	4
543	855	4
543	62	3
543	303	4
543	1159	5
543	371	5
543	656	4
543	207	5
543	474	5
543	12	5
543	603	5
543	190	5
543	96	4
760	258	5
760	748	4
760	288	4
760	300	1
760	873	4
760	819	1
760	845	5
760	237	3
760	278	4
760	928	1
760	125	4
760	111	4
760	181	3
760	50	3
760	25	2
760	255	3
760	841	3
543	135	5
760	65	2
760	776	5
760	172	3
760	216	2
760	183	2
760	185	2
760	98	3
760	202	3
760	71	4
760	204	4
760	604	4
760	631	3
760	162	3
760	195	4
760	365	5
760	451	5
760	1037	5
760	739	4
760	66	2
760	1135	4
760	723	2
760	120	1
760	375	4
593	724	3
593	183	4
593	196	5
593	845	3
593	470	2
593	633	5
593	153	5
593	496	5
593	211	4
593	140	4
593	366	4
593	216	5
593	159	4
593	781	3
593	699	4
593	660	5
593	318	5
593	1035	3
593	659	5
593	161	5
593	423	4
593	5	4
593	233	2
593	58	4
593	584	3
593	155	5
593	417	5
593	77	4
593	65	3
593	79	4
593	157	3
593	40	1
593	66	5
593	162	5
593	73	2
593	164	4
593	723	4
593	158	3
593	49	3
593	761	2
593	1221	3
593	51	3
593	553	2
593	88	4
593	241	5
593	949	2
593	775	3
593	402	4
593	739	5
593	451	3
593	807	4
593	8	3
593	210	2
870	527	5
870	357	5
870	606	4
870	673	5
870	735	3
870	772	4
870	367	4
870	521	3
870	194	3
870	45	5
870	180	3
870	198	4
870	462	4
870	92	4
870	724	4
870	47	3
870	469	4
870	11	4
870	658	4
870	770	4
870	659	4
870	135	3
870	481	4
870	959	4
870	31	4
870	203	4
870	172	4
870	608	4
870	461	4
870	181	4
870	480	5
870	179	4
870	22	4
870	186	4
870	710	3
870	28	4
870	793	5
870	642	4
870	6	4
870	204	4
870	168	4
870	66	4
870	216	4
870	209	4
870	382	3
870	715	3
870	239	3
870	384	3
870	517	2
870	396	3
870	90	4
307	515	4
307	483	5
307	746	4
307	153	5
1	268	5
1	267	4
1	259	1
1	261	1
1	263	1
1	10	3
319	267	4
319	301	4
319	269	3
319	333	4
398	204	4
398	235	2
398	87	4
398	96	4
398	8	3
398	132	5
398	429	4
398	710	2
398	159	3
398	479	4
398	367	3
398	692	4
398	435	5
398	58	4
398	520	5
398	70	4
398	211	4
398	497	3
398	185	5
398	194	5
398	124	5
398	1450	5
398	502	3
398	523	4
398	521	5
398	154	2
398	178	5
398	837	4
398	2	3
398	432	3
398	85	4
207	875	2
398	491	5
398	173	4
398	732	4
398	417	3
398	72	3
398	661	3
398	125	3
119	879	5
398	607	3
398	483	5
5	98	3
5	185	3
5	234	2
5	448	2
5	436	5
5	200	2
5	443	4
5	445	3
5	447	3
5	219	3
5	444	2
5	370	1
5	379	3
5	441	1
5	145	1
5	446	4
5	402	1
5	241	1
5	216	1
5	371	1
5	66	1
5	421	1
398	496	5
398	414	3
5	378	1
5	427	3
5	420	3
5	95	4
5	102	3
5	416	1
5	404	2
5	418	3
5	99	3
5	139	3
5	389	1
398	97	4
398	82	5
398	191	4
5	454	1
837	286	4
837	258	4
837	294	4
837	289	5
398	603	4
398	199	4
5	69	1
5	162	1
837	328	4
398	399	4
398	152	4
837	151	5
837	1009	5
837	222	3
837	237	3
837	16	2
837	276	1
837	13	4
837	15	3
837	181	3
837	9	3
837	20	4
837	19	4
543	210	3
837	596	3
837	274	4
837	275	4
837	220	4
837	125	5
837	111	4
837	283	5
398	504	3
837	284	1
837	250	2
837	740	5
837	763	1
837	472	3
837	950	2
837	25	3
837	277	2
837	285	4
837	476	3
837	628	3
837	278	3
837	535	1
837	1047	1
837	1049	1
837	762	2
837	280	2
837	926	1
837	225	3
837	845	4
837	717	1
837	934	2
398	1126	4
398	662	2
398	385	3
398	208	5
514	1600	4
398	4	2
398	73	3
398	519	4
398	216	5
398	493	5
398	202	3
398	176	4
398	172	5
398	86	3
694	300	4
694	9	5
694	498	5
694	641	4
694	357	5
694	520	5
694	484	4
694	195	4
694	530	5
398	654	4
694	1050	3
694	480	4
694	48	4
694	429	4
694	22	5
398	633	4
398	133	3
694	1269	5
694	121	5
694	98	5
694	177	5
694	614	4
694	673	4
694	510	5
694	200	4
694	205	5
694	88	4
694	495	4
694	434	5
694	135	5
694	423	5
694	161	4
694	183	5
694	1455	3
694	174	5
694	178	4
694	318	5
694	654	4
694	194	5
694	645	4
694	230	4
694	470	4
694	211	5
694	202	4
694	133	5
694	606	4
694	427	4
694	196	5
694	474	4
694	506	4
694	449	4
694	228	4
694	238	3
694	604	4
694	97	5
694	632	4
694	141	5
694	172	5
694	483	5
694	527	5
694	1126	5
694	603	4
694	143	4
694	432	4
694	605	4
694	1205	3
694	492	4
694	187	4
694	275	4
694	132	5
694	489	4
694	496	4
694	100	4
694	180	4
694	965	4
694	131	5
694	188	5
694	69	5
694	191	5
694	481	4
694	836	4
694	523	4
694	241	3
694	490	4
694	584	4
694	661	5
694	663	4
694	23	3
694	517	4
694	197	5
694	705	5
694	511	5
694	659	4
694	617	4
694	215	3
694	89	4
694	210	4
694	519	4
694	1035	4
694	1020	4
694	82	5
694	31	4
694	499	4
694	193	4
694	482	5
694	199	5
694	153	4
694	237	4
694	1028	3
694	699	4
694	435	4
694	648	5
694	204	4
634	331	4
694	692	4
694	665	4
634	408	3
634	14	3
634	283	2
634	1084	2
694	203	4
694	229	4
694	582	4
634	741	3
634	150	3
634	275	3
634	100	4
634	137	3
694	15	4
694	528	3
694	1221	3
634	285	4
634	1	3
694	144	4
694	504	3
694	630	3
634	1199	1
634	222	3
634	124	3
634	922	4
694	393	3
694	657	4
694	485	4
694	671	3
5	233	4
694	451	4
634	7	4
634	1067	4
634	116	3
634	273	3
634	221	1
634	596	3
634	129	4
634	118	4
634	1197	4
634	126	3
694	72	4
694	1263	3
694	176	5
634	845	3
634	458	4
634	288	3
634	245	3
634	323	4
634	748	3
634	988	1
634	322	3
634	991	3
694	468	4
694	660	3
694	226	3
694	28	4
694	526	5
634	15	4
634	1028	3
634	471	4
634	544	3
694	1203	4
694	448	3
694	185	4
694	239	4
634	591	4
634	696	4
634	117	4
634	685	4
634	546	4
634	473	2
694	356	4
634	1011	4
634	676	4
694	52	4
694	157	4
634	1048	3
634	21	2
634	284	4
634	225	3
634	1047	3
634	476	3
634	866	3
634	125	4
634	979	3
634	460	3
634	147	2
634	740	2
634	756	3
634	282	4
851	881	3
634	111	4
634	840	2
634	1284	3
634	1009	2
634	717	4
634	742	4
851	879	4
634	763	3
634	235	3
694	216	4
851	676	3
694	419	4
694	163	4
694	610	4
694	118	4
851	10	3
694	521	3
694	385	4
694	138	3
851	291	4
851	979	3
851	818	2
851	1051	2
851	472	3
851	930	3
694	684	4
694	378	3
851	9	4
851	455	3
851	250	5
851	123	4
851	248	4
851	109	4
851	298	5
851	129	4
851	410	4
694	50	5
694	127	5
694	181	5
851	760	4
851	1089	3
851	252	3
851	1277	2
851	932	3
851	1094	1
851	828	2
851	823	3
851	977	3
851	825	4
851	1059	3
851	1023	3
851	1276	2
851	987	1
851	240	4
851	112	1
851	363	4
851	619	4
851	1028	3
851	597	4
851	456	2
851	826	4
851	1337	3
851	841	3
851	1132	3
851	981	1
851	125	4
851	1245	4
694	71	4
851	1376	2
851	866	3
851	1254	1
851	820	3
851	1291	2
851	974	2
694	179	4
851	983	2
851	595	3
851	411	3
851	925	3
851	685	4
694	491	3
851	840	3
851	831	5
851	412	2
851	1287	1
851	122	2
851	975	2
851	1095	3
851	1034	1
851	833	3
851	234	4
851	531	3
851	160	5
851	553	4
851	435	4
851	95	4
851	128	4
851	806	4
851	22	5
851	238	5
851	12	4
851	132	4
851	480	5
851	182	5
851	192	4
851	11	5
851	48	4
851	56	5
851	4	5
851	161	3
851	1540	2
851	588	4
851	71	4
851	223	4
851	172	5
851	204	4
851	180	5
851	157	4
851	64	5
851	367	2
851	1676	2
851	475	4
851	406	2
851	79	4
851	193	4
851	68	3
851	8	4
851	228	4
851	174	5
851	176	4
851	693	5
398	94	2
640	591	4
279	81	4
398	393	5
398	796	3
398	153	4
398	63	2
398	186	4
398	648	5
398	1041	3
398	88	4
279	418	3
279	191	3
279	624	4
398	663	2
398	167	3
398	700	2
398	49	3
279	740	3
279	219	2
398	715	2
398	66	4
398	712	2
398	158	3
398	163	3
398	659	3
398	47	3
268	267	3
268	222	4
268	100	3
268	244	4
268	246	5
268	408	5
268	1	3
268	240	2
268	713	4
268	477	3
268	284	3
268	249	4
268	129	2
268	151	3
268	273	3
268	1016	3
268	455	3
268	124	4
268	250	4
268	248	3
268	25	3
268	235	3
268	117	4
268	13	3
268	298	3
268	1477	2
268	123	3
268	21	3
268	405	2
268	290	3
268	257	4
798	204	4
268	825	3
268	1079	3
268	930	2
268	823	2
268	108	3
798	196	3
268	926	2
268	456	2
268	826	1
268	544	3
268	546	4
798	403	4
798	692	4
798	174	4
268	121	2
268	3	1
268	252	3
798	491	4
798	719	1
268	762	2
268	1002	1
798	603	3
268	120	2
268	981	1
268	597	2
268	122	2
268	1059	3
798	610	3
268	743	1
268	472	1
798	194	4
798	210	4
798	367	3
798	191	4
268	153	5
398	71	5
798	945	3
268	1098	3
268	1178	1
268	154	4
268	73	3
798	1540	4
268	721	3
268	17	3
268	67	3
798	1517	4
268	94	2
798	88	4
268	399	3
268	163	2
268	158	2
268	40	3
268	1188	3
268	1041	1
398	65	3
268	88	2
798	168	4
798	2	4
268	63	1
268	1249	2
798	805	4
268	72	3
398	231	2
798	378	4
268	384	3
268	940	2
268	949	2
268	80	3
798	585	3
268	780	3
268	998	1
268	781	3
268	386	2
268	765	2
268	364	3
268	388	1
268	738	2
268	719	1
268	369	1
268	579	1
268	395	2
398	229	3
268	1074	3
268	1054	1
268	728	2
268	144	4
268	231	4
268	761	1
268	27	4
268	53	3
268	2	2
268	68	4
268	636	3
268	1222	2
268	161	3
268	128	3
268	1303	1
268	1231	2
268	38	1
268	363	1
279	831	5
268	1314	2
268	576	1
268	397	2
268	684	3
268	566	3
268	29	1
268	449	2
268	1228	1
268	562	4
268	831	3
268	541	3
268	840	2
279	1219	3
268	578	2
268	810	2
268	1413	2
268	802	3
268	554	3
279	804	4
268	218	2
268	217	2
268	800	1
268	145	1
268	860	1
268	672	2
279	797	4
268	219	3
268	559	2
268	164	2
268	569	3
268	379	1
279	1151	2
268	453	1
279	390	3
279	1178	4
268	699	3
268	139	2
268	99	3
268	141	3
268	374	2
268	1091	2
268	768	3
268	189	4
268	114	5
268	955	3
268	51	3
268	402	1
268	1037	2
268	159	2
268	156	3
268	1208	2
268	1157	1
268	77	2
268	1273	2
268	1046	3
268	1090	2
268	450	1
268	928	1
268	370	2
268	574	2
398	610	4
268	223	3
307	1028	4
63	268	3
63	302	3
63	286	4
63	258	3
63	262	4
63	333	4
63	321	3
63	948	3
63	269	3
63	288	3
63	306	3
398	196	4
63	328	2
63	289	2
63	323	1
63	322	2
63	748	4
63	301	5
63	259	3
63	678	2
63	325	2
63	294	2
398	708	3
63	242	3
63	408	4
63	276	4
63	813	5
63	150	4
63	50	4
63	25	4
63	100	5
63	116	5
63	475	4
63	237	3
63	257	3
63	137	4
63	1007	5
63	1	3
63	283	4
63	14	4
63	277	4
63	6	3
63	13	4
63	15	3
63	225	2
63	676	3
63	596	2
63	285	3
63	1067	3
63	246	3
63	251	4
398	239	3
63	126	3
63	713	3
63	181	3
63	255	4
63	1137	5
63	284	3
63	591	3
63	222	3
63	993	2
63	224	4
63	473	2
63	282	1
63	762	3
63	1011	1
63	109	4
63	1009	4
63	508	4
63	546	2
63	250	5
63	1138	2
63	287	3
63	1010	3
63	1012	3
63	741	3
63	952	3
63	111	3
63	841	1
63	828	1
63	929	3
63	20	3
63	1008	3
63	10	4
63	979	3
63	3	2
63	412	3
63	405	4
63	106	2
63	121	1
63	924	3
63	108	2
63	1028	3
63	480	3
63	79	3
63	300	4
839	286	4
839	319	1
839	258	4
839	333	4
839	321	1
839	326	4
839	292	3
839	323	4
839	264	3
839	260	2
839	127	5
839	1	4
839	713	2
839	276	3
839	475	5
839	458	5
839	129	4
839	50	5
839	257	3
839	244	3
839	864	3
839	100	3
839	181	3
839	7	2
839	93	4
839	813	4
839	277	2
839	455	4
839	285	5
839	255	3
839	117	5
839	742	3
839	845	4
839	111	4
839	121	3
839	410	1
839	825	4
839	118	2
839	237	3
839	106	2
839	950	4
839	1245	4
839	235	4
839	1381	3
839	281	3
839	508	3
839	696	2
839	532	3
839	123	3
839	1009	3
839	866	2
839	1085	5
839	1664	1
839	1048	1
839	220	3
839	130	3
839	846	2
195	135	5
195	100	5
195	181	5
195	143	5
195	451	5
195	234	5
195	127	5
195	134	5
195	132	5
297	269	4
297	742	3
297	83	4
207	197	4
207	423	4
207	483	5
130	268	4
130	333	5
130	267	5
130	881	4
130	335	3
130	681	3
130	331	3
130	183	5
130	367	4
130	218	5
130	231	3
130	692	5
130	42	4
130	527	5
130	156	3
130	47	3
130	195	5
130	39	4
130	627	5
130	1019	4
130	172	5
130	64	5
130	436	3
130	465	5
130	418	5
130	379	4
130	44	4
130	41	3
130	71	5
130	184	4
130	206	3
130	196	5
130	501	5
130	203	4
130	240	4
130	134	5
130	233	4
130	625	5
130	282	5
130	542	3
130	4	2
130	1217	4
130	31	4
130	824	3
130	946	4
130	227	3
130	1047	5
130	158	5
130	426	4
130	672	5
130	90	4
130	217	3
130	125	5
130	405	4
130	132	5
130	215	5
130	94	5
130	161	4
130	385	5
130	82	5
130	27	4
130	410	5
130	794	5
130	564	4
130	404	5
130	229	4
130	622	3
130	658	5
130	66	5
130	159	4
130	1208	4
130	684	5
130	49	4
130	800	4
286	289	5
286	288	5
851	153	3
851	23	4
851	483	4
286	988	3
851	27	4
851	92	5
286	628	4
286	151	5
286	248	5
286	237	2
286	408	4
286	257	3
851	144	5
286	596	3
286	50	4
286	116	5
851	564	3
286	473	3
286	535	5
851	159	3
286	235	4
286	25	3
286	7	4
286	277	4
286	14	4
286	298	4
851	231	4
851	772	3
286	107	1
286	993	2
286	952	2
286	181	3
851	31	4
286	275	4
286	475	4
851	17	5
92	1	4
92	159	4
684	100	4
684	121	3
684	151	3
92	144	4
684	408	5
684	742	4
684	50	4
684	1	4
684	1028	4
684	181	4
684	117	4
92	961	4
684	237	5
684	934	3
684	282	4
684	225	3
398	737	2
684	756	4
684	411	3
92	778	4
92	466	4
92	199	3
684	1283	3
92	200	3
398	162	5
684	217	2
398	1119	4
92	636	3
684	520	4
684	710	5
92	704	3
684	215	5
684	48	4
92	132	3
684	82	5
684	252	4
92	66	3
207	133	4
684	204	4
684	172	5
92	51	4
92	281	3
684	596	3
92	85	3
92	561	3
92	1157	2
92	449	3
92	1208	4
92	732	3
92	1046	3
92	94	3
92	425	4
92	720	3
92	402	3
398	494	3
92	356	3
92	576	2
92	540	2
92	620	3
92	43	3
92	102	2
92	226	3
92	521	4
798	49	4
798	163	3
798	239	4
452	1403	1
452	186	1
452	201	1
102	258	4
102	300	3
102	319	4
102	298	3
92	558	3
92	800	3
92	452	2
92	674	4
92	665	3
92	453	1
92	834	1
92	551	2
92	44	3
92	552	3
92	1213	2
92	1090	3
92	1042	3
92	802	2
92	583	3
92	761	2
92	450	2
92	1210	1
92	1207	3
92	554	2
92	771	1
92	376	3
92	49	3
92	67	3
92	63	3
92	80	2
92	122	3
92	401	3
92	1074	3
92	783	3
92	728	3
92	722	3
92	790	3
92	781	3
92	577	3
92	998	2
92	1041	3
92	1037	2
92	364	3
92	725	3
92	386	3
92	575	2
398	203	4
398	684	4
398	525	3
398	227	2
398	230	3
798	746	4
798	73	4
798	659	4
798	949	3
798	571	3
798	728	4
798	110	4
798	394	4
798	722	3
798	862	3
798	944	4
798	158	2
798	1249	4
798	648	3
798	90	3
798	709	5
798	940	1
798	1446	4
798	63	5
798	94	3
798	393	3
798	1509	3
798	1183	1
798	1270	3
798	1043	3
798	395	3
798	384	2
798	1425	4
798	801	3
798	998	3
798	228	3
798	265	5
798	38	4
798	82	4
798	810	3
798	391	3
798	62	4
798	29	4
798	720	5
798	1239	4
798	662	3
798	402	3
798	1119	3
798	1297	3
798	821	5
594	286	3
919	268	3
919	302	4
919	304	4
919	303	4
919	331	4
919	333	4
919	681	2
919	879	3
919	937	4
919	1114	3
919	201	4
919	372	3
919	953	3
919	367	4
919	69	3
919	95	4
919	787	3
919	204	4
919	715	5
919	70	4
364	302	4
364	269	4
364	268	3
364	690	4
364	319	3
364	286	5
364	325	4
364	289	3
364	288	4
364	262	3
364	294	5
364	261	2
364	321	2
364	990	4
364	678	4
364	687	1
364	988	2
364	948	4
364	875	3
364	1048	5
113	303	5
113	294	4
113	329	3
113	948	3
113	874	5
113	326	5
113	257	5
113	255	5
113	268	4
113	333	4
113	273	4
113	325	4
113	1252	4
113	100	4
113	127	4
113	976	5
113	595	5
113	979	5
113	975	5
477	237	4
477	294	4
477	25	5
477	756	4
477	369	4
477	280	4
477	88	5
477	724	4
477	732	4
477	794	4
477	553	5
477	49	5
477	778	4
477	781	4
477	739	4
477	36	4
477	1041	5
477	90	4
477	731	4
477	111	5
477	722	5
477	275	5
477	255	5
477	66	5
477	451	5
477	274	5
477	815	5
477	709	5
477	1051	5
477	289	5
477	15	4
477	20	4
477	282	4
477	546	4
477	846	4
382	258	2
382	286	2
382	50	1
382	1142	3
382	1381	3
382	127	3
382	100	4
382	7	2
382	25	2
382	276	3
382	137	2
382	508	3
382	14	3
382	150	2
382	475	3
382	756	3
382	546	2
382	252	2
382	717	3
382	122	3
382	98	3
382	171	3
382	183	3
382	168	4
382	514	3
382	511	4
382	507	4
382	180	5
382	9	4
382	290	4
382	151	4
382	235	5
382	197	4
382	1534	4
382	531	4
382	1017	4
382	56	5
382	639	3
382	504	3
382	482	5
382	496	3
382	23	5
382	177	4
382	59	5
382	481	5
382	135	3
382	357	4
382	134	3
382	474	5
382	1229	5
382	1268	5
715	268	4
715	117	3
715	100	2
715	181	4
715	1	5
715	150	4
715	249	4
715	50	5
715	273	5
715	1016	4
715	252	1
715	475	4
715	298	4
715	546	4
715	455	3
715	284	4
715	591	4
715	7	3
715	106	2
715	235	2
715	111	3
715	685	3
715	288	4
715	713	4
715	926	4
715	471	4
715	410	4
715	222	3
715	248	4
715	756	2
715	237	4
715	108	4
715	976	1
715	24	3
715	405	3
715	118	2
715	282	3
715	257	4
715	1088	1
715	276	3
715	125	3
715	1047	3
715	121	4
715	1011	4
715	826	2
715	122	4
715	977	2
715	595	3
715	1215	1
715	254	1
715	412	2
715	743	2
715	250	2
715	202	5
715	175	3
715	144	5
715	87	4
715	157	4
715	433	2
715	42	5
715	81	4
715	64	5
715	234	4
715	28	5
715	231	3
715	11	4
715	174	4
715	588	4
715	789	4
715	71	3
715	480	5
715	56	5
715	399	2
715	216	4
715	447	3
715	217	2
715	172	4
715	68	4
715	228	3
715	96	4
715	89	3
715	470	4
715	697	2
715	955	4
715	179	4
715	95	4
715	168	4
715	145	2
715	12	4
715	195	4
715	31	4
715	69	4
715	658	4
715	944	2
715	176	5
715	98	5
715	83	4
715	22	4
715	208	3
715	692	3
715	239	4
715	318	5
715	274	3
715	92	3
715	629	2
715	143	3
715	53	1
715	1217	2
715	462	4
715	173	5
715	82	4
715	204	4
715	746	5
715	27	3
715	941	2
715	426	5
715	265	5
715	17	3
715	70	3
715	58	4
715	196	4
715	101	3
715	732	3
715	655	4
715	135	2
715	735	4
715	367	3
715	227	3
715	39	3
715	128	3
715	564	2
715	4	4
715	85	3
715	159	3
715	97	3
715	90	5
715	73	4
715	205	5
715	156	4
715	206	4
715	576	2
715	233	3
715	183	3
715	549	3
715	376	2
715	939	4
715	79	5
715	155	4
715	627	3
715	88	3
715	425	4
715	40	1
715	739	2
715	755	2
715	33	3
715	1188	2
715	232	4
715	161	5
715	2	3
715	761	3
715	1222	2
715	182	5
715	158	2
715	380	3
715	193	5
715	778	2
715	1045	2
912	268	2
912	427	5
912	611	3
912	523	4
912	498	5
912	507	3
912	483	5
912	653	3
912	474	3
912	496	4
912	482	5
912	661	2
912	602	5
912	132	5
912	610	4
912	443	4
912	64	4
912	154	4
912	654	3
912	56	2
912	172	3
912	185	3
912	616	3
912	168	5
912	479	4
912	659	5
912	186	3
912	204	2
912	173	4
912	194	4
912	238	4
912	152	4
912	655	5
912	192	4
912	318	4
912	646	3
912	357	5
912	520	2
912	197	5
912	517	4
912	1041	4
912	648	3
912	423	5
912	143	5
912	418	4
912	174	3
912	419	4
912	501	4
912	28	4
912	97	4
912	14	5
912	15	4
912	246	2
770	303	4
770	302	2
770	268	5
770	258	5
770	288	4
770	333	5
770	875	4
770	300	5
770	323	5
770	294	3
770	678	2
770	358	3
770	289	5
770	748	5
770	301	4
770	331	3
770	325	4
770	988	3
770	328	3
770	246	5
770	813	5
770	15	5
770	936	5
770	250	5
770	924	5
770	298	4
770	253	5
770	100	5
770	50	3
770	93	5
770	117	5
770	929	4
770	919	5
770	14	5
770	111	5
770	257	4
770	255	4
770	297	5
770	123	3
770	7	5
770	181	3
770	275	5
770	1	5
770	477	4
770	295	4
770	508	5
770	129	5
770	475	5
770	240	2
770	25	5
770	473	5
770	546	4
770	1012	5
770	742	4
770	282	5
770	596	4
770	244	4
770	410	4
770	151	5
770	118	4
770	222	4
43	258	5
43	286	4
43	328	4
43	321	3
43	294	5
43	289	4
43	323	3
43	300	5
43	301	5
43	298	4
43	993	3
43	50	4
43	181	4
43	248	4
43	257	4
43	1023	3
43	254	3
43	252	4
43	250	2
43	847	5
43	285	4
43	408	5
43	7	4
43	235	3
43	123	1
43	15	5
43	275	4
43	225	2
43	1	5
43	237	4
43	628	3
43	151	4
43	546	4
43	926	2
43	25	5
43	591	5
43	137	4
43	100	4
43	9	4
43	56	5
43	95	4
43	174	4
43	8	4
43	318	5
472	288	5
472	748	5
472	294	4
472	260	4
472	264	3
472	50	5
472	181	5
472	250	5
472	257	4
472	254	4
472	252	4
472	1014	4
472	477	5
472	100	5
472	121	5
472	405	5
472	866	5
472	109	4
472	21	3
472	150	3
472	117	3
472	685	3
472	473	4
472	151	3
472	763	4
472	756	4
472	235	5
472	924	2
472	125	5
472	546	4
472	118	4
472	1047	4
472	411	4
777	690	4
777	286	2
472	472	5
472	122	3
472	1011	4
472	240	4
777	288	4
777	245	5
472	977	3
472	123	4
472	930	5
472	370	4
472	758	1
472	1034	3
777	117	5
777	9	5
777	100	1
472	105	3
777	1	4
777	1079	2
777	273	4
472	825	5
472	831	5
472	928	4
472	1215	4
472	368	3
472	834	3
472	202	5
472	588	3
472	56	5
472	132	5
472	175	5
472	228	5
472	214	4
472	432	5
472	426	4
472	185	5
472	234	4
472	1058	4
472	218	4
472	418	3
472	95	3
777	357	5
777	523	4
777	521	5
777	157	3
472	27	4
472	191	5
777	205	4
777	180	5
777	15	4
777	527	4
777	196	5
777	223	4
777	212	5
472	603	5
472	183	5
472	584	1
472	485	3
777	135	3
777	127	1
472	231	5
472	4	3
777	509	4
777	168	5
777	238	4
777	153	1
777	216	4
777	818	5
777	202	5
777	522	5
777	42	5
777	652	5
777	56	5
777	692	5
777	204	5
472	96	5
472	140	3
472	496	4
472	143	4
472	204	5
472	946	2
43	216	5
43	169	5
472	200	4
472	66	5
43	168	4
43	553	4
43	969	5
43	202	5
43	196	4
43	731	4
43	173	5
43	98	5
43	189	5
472	216	4
472	80	3
43	64	5
43	191	5
43	735	4
43	498	5
472	97	3
472	71	2
43	175	2
43	127	4
472	73	4
472	208	5
43	79	4
43	186	3
472	177	4
472	38	4
43	479	4
43	11	5
43	724	4
43	432	3
43	482	4
43	69	4
43	4	4
43	5	4
472	633	4
472	1110	5
472	227	5
43	28	4
43	516	5
43	102	4
43	133	4
472	392	4
43	66	4
472	609	5
472	581	4
472	174	5
472	99	3
472	796	4
472	101	5
472	176	5
472	210	5
472	51	5
472	559	5
472	233	4
472	1035	4
472	378	4
472	193	5
472	33	5
472	755	4
472	64	5
472	651	4
472	230	5
472	62	5
472	625	4
472	790	3
472	215	4
472	195	5
472	196	4
472	561	5
472	747	5
472	384	3
472	135	4
472	720	5
472	660	5
472	465	3
472	161	5
472	443	4
472	420	3
472	421	5
472	403	5
472	141	4
472	540	3
472	417	4
472	419	4
472	1469	4
472	1053	4
472	655	5
472	239	5
472	41	4
472	63	4
472	380	5
472	395	3
472	43	4
472	229	5
472	940	4
472	49	5
472	715	4
472	88	2
472	431	5
472	173	5
472	577	3
472	375	5
472	401	4
472	566	4
472	672	4
472	768	5
472	554	5
472	1091	4
472	217	5
472	416	3
472	29	5
472	226	5
472	548	1
472	501	3
472	374	2
472	780	4
472	810	5
472	567	4
472	404	3
472	449	5
472	78	1
472	739	5
472	665	4
472	746	5
472	1119	5
472	562	5
472	550	5
472	393	3
472	373	4
472	365	4
472	391	2
472	1139	5
472	658	5
472	356	3
472	1228	4
472	232	4
472	1029	4
472	1090	5
472	951	1
472	771	4
472	1248	4
472	1210	3
472	1036	4
802	302	4
802	286	2
802	258	5
802	288	3
802	294	4
802	326	5
802	1025	3
802	687	3
802	358	3
802	323	5
802	678	4
802	748	4
802	327	2
802	879	5
802	259	2
802	260	4
802	266	3
802	330	2
802	263	1
802	261	3
802	304	3
802	484	3
802	657	4
802	196	3
802	135	4
802	197	3
802	134	3
802	183	5
802	176	5
802	665	4
802	56	3
802	98	4
802	201	4
802	185	3
802	234	5
802	445	3
802	447	2
802	200	4
802	436	4
802	448	3
802	440	3
802	443	4
802	672	3
802	219	5
802	217	3
802	218	3
802	674	2
802	573	4
802	569	3
802	444	4
802	53	4
802	669	1
802	396	2
802	441	3
802	559	2
802	563	3
802	565	3
802	769	5
802	567	4
802	379	4
802	452	4
802	646	4
802	681	4
802	264	4
802	670	4
802	194	4
802	331	4
802	333	4
802	300	4
802	299	4
802	184	4
802	7	5
802	760	3
802	413	4
802	424	2
30	321	4
30	304	4
30	301	4
207	58	3
207	642	3
207	134	4
207	205	4
207	458	3
779	50	5
779	926	4
779	275	4
779	471	4
779	255	4
779	7	3
779	257	4
779	111	4
779	596	4
779	118	5
779	284	3
779	125	4
779	1028	4
779	21	5
594	242	4
779	411	3
779	447	4
779	195	5
779	509	2
779	71	4
779	95	5
661	258	4
661	222	3
661	647	4
661	135	5
661	514	3
661	174	5
661	185	5
661	209	4
661	178	4
661	69	4
661	140	3
661	531	4
661	161	4
661	657	4
661	615	4
661	189	4
661	318	5
661	50	5
661	28	5
661	165	5
661	197	4
661	64	4
661	179	4
661	357	4
661	173	4
661	71	4
661	210	5
661	496	5
661	408	5
661	181	5
661	96	4
661	215	3
661	566	4
661	238	4
661	8	5
661	480	5
661	427	4
661	433	5
661	228	5
661	180	5
661	1	5
661	144	5
661	972	3
661	194	5
661	428	4
661	423	4
661	199	5
661	48	4
661	603	3
661	707	5
661	70	4
661	52	4
661	169	5
661	168	5
661	515	5
661	31	3
661	1035	3
661	204	5
661	498	5
661	216	5
207	597	3
207	685	3
207	281	3
207	827	3
207	841	3
207	546	3
207	742	4
207	628	3
207	291	3
207	591	3
233	511	5
233	187	4
233	483	5
233	50	3
233	14	4
233	9	5
886	268	5
886	288	4
886	328	3
886	12	5
886	153	3
886	54	3
886	318	5
886	187	4
886	191	5
886	184	4
886	7	5
886	194	3
886	23	4
886	56	4
886	589	3
886	196	3
886	11	5
886	188	4
886	180	5
886	96	3
886	181	5
886	156	4
886	28	4
886	1	4
886	435	3
886	410	4
886	238	3
886	92	3
886	1170	3
886	475	5
886	50	5
886	48	4
886	512	1
886	172	5
886	546	1
886	175	4
886	160	1
886	128	4
886	64	5
886	200	3
886	168	4
886	228	4
886	518	4
886	47	4
886	357	4
886	4	3
886	710	4
886	55	4
886	367	4
886	483	4
886	558	3
886	789	3
886	150	4
886	628	3
886	216	5
886	1019	4
886	657	5
886	201	3
886	157	4
886	159	2
886	89	4
886	474	4
886	240	3
886	20	2
886	208	3
886	939	4
886	403	4
886	591	3
886	1073	4
886	27	2
886	218	3
886	178	5
886	209	4
886	544	4
886	237	4
886	15	3
886	919	4
886	65	3
886	212	2
886	204	3
886	234	3
886	69	2
886	173	5
886	182	4
886	496	4
886	772	1
886	177	4
886	24	4
886	584	4
886	732	3
886	425	4
886	813	4
886	582	1
886	195	4
886	10	3
886	171	4
886	1267	3
886	941	2
886	214	3
886	1010	5
886	581	4
886	101	4
886	233	3
886	176	4
886	433	2
886	100	4
886	49	4
886	692	3
886	231	2
886	42	5
886	943	3
886	273	2
886	71	4
886	9	5
886	1324	2
886	506	4
886	381	2
886	3	3
886	227	3
886	58	4
886	98	4
886	419	3
886	282	3
886	685	2
886	22	4
886	132	3
886	68	3
886	423	3
886	53	1
886	66	3
886	127	4
886	959	3
886	636	3
886	746	3
886	87	4
886	709	3
886	1067	5
886	202	3
886	144	4
886	229	3
886	241	4
886	95	5
886	81	4
886	265	4
886	1119	4
886	467	4
886	466	1
886	17	4
886	1208	3
886	222	4
886	239	3
886	1093	1
886	179	2
886	118	1
886	235	3
886	396	2
886	174	5
886	217	2
886	733	4
886	663	4
886	1048	4
886	79	5
886	380	3
886	826	1
886	549	3
886	5	3
886	26	4
886	655	4
886	799	1
886	232	3
886	568	3
886	803	2
886	129	5
886	63	3
886	164	4
886	623	1
886	33	4
886	183	5
886	230	2
886	43	2
886	393	3
886	108	5
886	94	4
886	147	5
886	67	4
886	762	5
886	686	4
886	559	2
886	62	3
886	385	3
886	781	4
886	726	1
886	697	1
886	2	4
886	761	4
886	824	4
886	715	1
886	405	3
886	371	1
886	721	5
886	186	4
886	833	5
886	566	3
886	161	5
886	29	1
886	1217	4
886	117	2
886	1074	2
886	631	4
886	659	4
886	1065	4
886	472	3
886	1046	2
886	449	3
886	783	1
886	1231	3
886	388	1
886	819	4
886	76	4
886	1095	2
886	693	4
886	451	3
886	1467	5
886	1303	1
886	364	3
886	1209	2
886	399	3
886	651	5
886	1489	1
886	384	3
886	790	4
886	1435	3
886	1421	2
886	801	3
886	578	4
886	1228	2
886	80	3
886	550	4
886	940	2
886	1014	5
661	183	4
661	86	4
661	527	4
661	200	3
661	218	3
661	443	4
661	145	1
661	164	4
661	219	2
661	665	3
661	436	4
661	573	3
661	95	5
661	501	4
661	418	4
661	172	5
661	294	4
661	300	3
661	118	4
661	255	3
661	756	3
661	762	2
661	471	4
661	274	4
661	237	4
661	121	2
200	304	5
200	258	4
200	243	3
200	325	5
200	125	5
200	276	5
200	742	4
200	410	3
200	151	3
200	25	4
200	121	5
200	117	5
200	225	4
200	118	4
200	1	5
200	222	5
200	148	4
200	455	3
200	1060	3
200	924	5
200	147	5
200	7	4
200	473	4
200	717	4
200	685	4
200	756	3
200	840	4
200	841	3
200	826	4
200	596	4
200	363	3
200	760	4
200	930	3
200	411	3
200	597	4
200	1049	3
200	929	4
514	45	4
514	209	3
514	234	3
496	268	4
496	288	2
496	333	3
514	13	3
514	195	5
514	1047	3
496	181	5
496	7	4
496	246	4
496	150	2
496	222	3
496	147	3
496	109	3
496	10	5
496	825	3
496	252	2
496	743	2
496	22	4
496	483	4
496	183	2
496	480	3
496	168	3
496	173	5
496	705	2
496	1286	2
496	484	3
496	485	3
496	1401	3
496	186	4
496	172	5
496	228	1
496	651	2
496	17	3
496	318	4
496	652	5
496	195	4
496	633	3
496	659	3
496	607	3
496	96	4
496	132	3
496	528	4
496	156	3
496	469	3
496	56	5
496	135	2
496	64	3
496	28	2
496	164	3
496	421	3
496	495	3
496	443	2
496	196	3
496	774	5
496	136	1
496	154	2
496	496	1
496	417	1
496	1444	1
496	1063	3
496	174	4
496	77	2
496	204	3
496	133	5
496	99	3
496	746	3
496	432	4
496	42	5
496	227	1
496	378	1
496	97	1
496	418	3
496	419	2
496	433	4
496	661	3
496	11	4
496	33	4
496	660	3
496	143	3
496	68	4
514	796	4
496	721	5
496	506	3
514	109	3
514	211	3
514	73	4
496	509	3
496	625	4
496	88	1
496	1459	4
514	709	3
514	274	4
496	151	3
514	239	5
514	210	5
496	141	3
514	778	4
514	715	4
514	393	3
496	526	3
640	304	4
514	384	3
514	1074	4
496	142	2
640	210	5
496	416	1
640	174	5
496	1074	2
496	559	5
496	699	3
496	842	2
496	1091	1
496	380	2
496	561	5
496	1041	1
496	38	2
496	206	4
640	1067	4
496	420	3
496	393	1
496	158	2
496	961	2
496	53	3
496	229	2
496	1614	3
496	356	2
496	155	1
496	1157	1
496	1133	3
496	94	1
506	455	3
496	554	2
496	1229	1
496	1060	1
496	426	3
496	1473	3
496	190	5
496	191	5
496	727	5
496	89	5
496	277	5
496	532	5
496	921	5
496	50	5
496	39	5
496	98	4
496	217	5
496	87	5
496	771	2
496	1139	2
860	303	3
860	302	4
