805	106	5
805	769	2
805	771	5
805	1157	5
805	552	3
805	525	4
805	603	4
805	111	3
805	197	5
805	173	4
805	83	4
805	724	2
805	709	4
805	216	2
805	213	3
805	86	4
805	212	3
805	202	2
805	648	4
805	747	3
805	371	1
805	1119	3
805	549	3
805	451	5
805	319	2
805	88	2
805	387	3
805	155	1
805	716	4
805	402	2
805	739	1
805	45	4
805	175	5
805	1149	4
805	9	3
805	664	5
805	137	5
805	191	4
805	661	4
805	357	5
805	1065	5
805	32	4
805	179	4
805	162	2
805	519	4
805	135	4
805	522	5
805	509	5
805	180	3
805	223	5
805	735	4
805	806	4
805	655	3
805	423	1
805	28	3
805	631	5
805	469	4
805	382	4
829	116	4
805	425	5
805	1101	5
805	317	4
805	196	2
805	47	5
805	58	4
805	582	3
805	527	3
829	515	4
805	950	3
805	715	4
805	942	3
805	65	3
829	190	4
805	660	3
805	772	3
805	856	4
829	170	4
829	213	4
829	855	4
829	462	4
829	529	4
829	509	5
829	512	4
829	212	4
829	639	4
829	70	4
829	582	4
829	1193	4
829	257	4
805	708	3
805	1008	4
805	729	3
805	214	2
805	1170	5
668	69	1
668	97	2
805	922	5
668	554	3
282	307	3
282	271	3
668	82	4
668	252	2
282	343	4
282	325	1
282	689	2
805	1232	3
805	546	2
805	537	5
805	1629	5
805	204	2
805	93	5
805	168	5
805	475	5
805	153	4
805	154	5
805	13	3
805	8	3
805	1098	3
805	25	4
805	42	2
805	645	5
805	238	5
805	386	3
805	1017	3
805	428	5
805	1118	5
805	952	5
805	40	3
805	629	3
85	246	4
85	52	3
85	259	2
805	274	2
805	21	2
85	268	4
805	108	3
805	401	4
805	367	4
805	105	2
805	321	3
805	998	4
805	959	2
805	411	2
805	122	5
805	240	3
805	235	2
805	719	4
805	94	1
805	866	1
805	90	2
805	1071	4
805	545	1
805	167	3
805	412	3
805	1002	1
805	476	1
805	934	1
805	1054	3
805	725	3
805	143	3
805	419	4
805	151	5
805	477	4
805	755	3
805	142	4
805	393	3
805	141	2
805	225	1
805	140	3
805	417	2
805	768	2
805	1033	3
805	383	2
297	268	4
297	271	2
829	294	2
829	20	3
829	10	3
829	1120	2
829	640	3
829	259	2
829	1018	2
297	338	2
297	984	1
297	176	4
297	659	4
297	31	3
829	105	3
829	129	4
829	281	3
829	278	1
829	14	2
829	192	5
758	1244	3
216	943	5
216	298	5
216	67	3
216	364	2
216	72	2
913	474	5
913	419	5
913	963	4
913	191	5
913	98	4
913	518	4
913	657	5
913	143	5
913	613	5
913	216	4
913	168	4
913	461	4
913	9	5
913	195	4
913	7	5
913	92	4
913	655	4
913	317	4
913	64	5
913	96	5
913	83	4
913	269	5
913	427	4
913	237	4
913	235	1
913	656	3
913	172	5
279	1039	4
151	322	2
385	653	4
634	340	4
634	300	3
498	269	4
498	302	3
498	288	3
498	887	3
498	127	4
498	1007	3
498	251	3
498	137	3
498	919	4
498	150	3
498	475	3
498	337	4
498	262	2
498	340	2
498	268	2
498	7	3
498	50	4
28	332	2
28	294	3
498	9	2
498	410	3
498	181	2
28	258	5
28	286	3
498	258	2
498	293	4
498	14	4
498	109	3
28	271	4
498	124	3
498	100	3
28	322	2
498	275	3
498	1142	4
498	922	5
498	23	4
498	664	5
498	182	4
498	1131	3
498	171	3
498	180	4
498	509	3
498	603	4
498	187	4
498	185	4
28	196	4
28	31	4
498	151	4
498	489	3
28	234	4
28	11	4
498	190	4
28	173	3
28	609	3
28	174	5
498	172	3
498	663	4
498	32	4
498	435	3
28	176	5
498	175	5
498	176	2
498	134	3
498	594	2
498	522	3
28	143	4
28	423	2
498	64	4
498	135	5
498	1286	3
498	11	3
28	12	4
28	28	4
28	95	3
498	174	3
498	515	4
28	117	4
28	185	5
28	480	5
498	191	4
498	479	3
498	1404	3
498	156	5
498	210	2
28	50	4
28	603	3
28	568	4
498	238	4
498	531	3
498	12	4
28	195	4
28	96	5
498	423	3
498	548	2
498	204	2
28	529	4
498	56	3
498	517	4
498	89	5
28	282	4
28	100	5
28	588	3
498	61	4
498	486	2
498	425	2
28	56	5
498	657	3
498	265	2
498	192	5
498	484	4
498	237	2
498	693	3
498	483	3
498	317	3
498	234	4
498	98	4
498	527	3
498	512	5
498	83	3
498	1103	4
498	183	4
498	631	3
498	806	3
498	496	3
498	474	4
498	656	3
498	772	1
498	607	3
498	514	4
498	168	4
498	136	3
498	430	4
498	160	5
498	1495	3
498	443	3
498	212	3
454	300	4
454	302	4
498	673	3
454	326	4
454	258	4
454	879	4
498	197	5
498	675	4
454	327	3
454	310	4
498	144	1
498	464	4
454	748	4
454	259	4
454	270	4
454	322	2
454	873	2
454	678	2
454	245	3
454	286	3
454	323	2
454	289	3
498	462	3
498	202	3
498	933	3
498	1070	3
498	1426	3
498	79	3
454	50	4
454	181	3
454	250	4
454	248	3
454	293	4
454	257	4
454	255	4
454	252	2
454	1089	2
454	1190	3
454	687	3
454	707	3
454	610	3
454	318	5
454	423	4
454	520	4
454	480	4
454	133	4
454	64	4
454	194	3
454	1269	3
454	526	4
454	633	2
454	136	3
454	454	3
454	655	3
454	196	2
454	746	2
454	193	2
454	705	3
454	1	3
454	69	4
454	528	4
454	357	3
454	22	4
454	603	4
454	497	3
454	657	3
454	419	4
454	100	4
454	474	4
454	215	4
454	285	2
454	228	3
454	604	3
454	277	2
454	124	4
454	197	4
454	479	4
454	496	4
454	661	4
454	134	3
454	15	2
454	97	4
454	58	4
454	1063	4
454	651	4
454	588	3
454	945	3
454	79	4
454	12	3
454	48	4
454	435	2
454	612	3
454	483	3
454	632	3
454	427	4
454	511	3
454	530	2
454	202	3
454	527	4
454	482	3
454	143	4
454	509	2
454	507	3
454	164	3
454	185	2
454	842	2
454	99	3
454	87	4
454	131	3
454	114	3
454	279	4
454	606	2
454	210	4
454	237	4
454	238	3
454	486	3
454	199	3
454	484	3
454	471	3
454	1003	2
454	82	4
454	204	4
498	480	5
498	186	4
498	10	5
498	1161	3
28	429	5
28	164	4
28	79	4
28	646	4
28	434	4
28	89	4
498	179	4
28	479	4
498	652	5
28	153	3
28	209	4
28	70	4
498	381	3
498	59	4
28	229	2
28	228	5
28	222	5
28	227	4
28	230	4
28	450	1
28	380	4
28	449	2
498	1073	3
28	98	5
28	7	5
28	447	3
498	525	4
498	203	5
28	5	3
28	670	4
28	448	4
28	218	3
28	436	5
498	77	2
498	228	2
498	628	4
28	217	3
28	200	2
28	201	3
28	443	4
28	184	4
498	53	4
498	164	3
28	444	3
28	219	5
28	672	3
498	54	2
498	649	3
28	665	3
28	567	4
28	441	2
28	573	4
28	859	3
498	985	1
498	591	4
498	229	2
498	1422	3
498	218	3
498	222	3
28	145	3
28	800	4
498	1083	3
498	449	3
498	554	3
498	121	2
498	271	2
498	754	2
498	538	1
307	286	3
307	62	3
216	302	5
83	820	2
83	932	4
83	2	4
758	419	4
758	1159	5
758	427	4
758	236	4
758	385	4
758	135	5
758	514	5
758	184	5
758	177	5
758	686	3
758	285	5
758	582	3
758	234	4
758	510	3
758	172	4
758	580	4
758	186	5
758	39	2
758	64	5
758	216	4
758	865	4
758	174	5
758	134	5
758	531	5
758	506	3
758	654	4
758	209	5
758	100	5
758	223	5
758	640	5
758	185	4
758	287	5
758	608	5
758	173	5
758	657	5
758	480	5
758	509	5
758	131	3
758	12	5
758	7	5
758	150	5
758	154	5
758	144	4
758	11	3
758	143	5
758	195	5
758	512	5
758	168	5
758	547	5
758	471	3
758	1085	5
758	430	5
758	238	5
758	137	5
758	479	5
758	483	5
758	8	5
758	489	5
758	199	4
758	109	3
758	197	3
758	462	4
758	1019	4
758	211	4
758	204	4
758	1039	5
758	484	5
758	151	5
758	23	4
758	421	4
758	81	5
758	435	5
758	652	5
758	191	5
758	152	5
758	93	5
758	482	5
758	634	5
758	224	4
758	653	3
758	508	4
758	129	4
758	28	4
758	179	5
758	481	5
758	56	5
758	496	3
758	607	5
758	656	5
758	79	4
758	175	4
758	320	5
758	163	5
758	474	5
758	520	5
758	82	4
758	742	4
758	705	5
758	117	4
758	434	3
758	170	5
758	69	5
758	603	5
758	171	5
758	919	5
758	488	3
758	116	5
758	98	5
758	61	3
758	33	4
758	221	3
758	153	5
758	237	4
758	837	4
758	517	3
758	213	5
758	616	4
758	20	4
758	239	3
758	276	2
758	428	4
758	1098	5
758	968	5
758	746	4
758	433	5
758	202	5
758	735	5
758	212	4
758	6	2
758	96	5
758	955	2
758	228	3
758	147	4
758	715	4
758	732	4
758	95	3
758	605	3
758	26	4
758	241	3
758	58	4
758	527	5
758	66	3
758	619	4
758	475	5
758	13	5
758	125	2
758	196	4
758	200	5
758	76	3
758	68	3
758	455	4
758	431	3
758	425	5
758	91	4
758	4	4
758	1111	4
758	159	3
758	676	2
758	218	4
758	447	4
758	414	4
758	282	3
758	566	4
758	713	3
758	141	4
758	128	4
758	25	4
758	568	4
758	628	4
758	273	4
758	43	3
758	541	4
758	123	1
758	684	4
758	578	4
758	31	3
758	356	2
758	203	5
758	567	4
758	229	3
758	411	4
758	291	4
758	550	4
758	790	4
758	108	5
758	208	4
758	1501	3
758	386	3
758	235	5
758	118	2
758	62	2
758	569	3
758	387	2
758	290	5
758	542	2
758	436	3
758	802	3
758	587	4
758	405	4
758	629	4
758	1046	4
758	217	2
758	448	4
758	597	2
758	716	2
758	121	2
758	959	3
758	737	3
758	502	4
758	505	5
758	231	3
758	393	4
758	650	5
758	529	4
758	384	5
758	24	4
758	88	4
758	997	4
758	685	5
758	922	5
758	1135	2
758	810	3
758	765	2
758	391	3
758	722	3
758	122	4
758	38	3
379	528	5
379	427	5
699	309	3
378	410	3
69	302	4
69	268	5
69	321	4
69	289	4
69	288	5
69	300	3
69	258	4
69	333	3
69	307	2
69	294	2
69	886	4
69	689	3
69	879	1
69	245	1
69	748	2
913	127	4
913	1112	1
379	575	2
257	305	4
257	1137	5
257	50	5
257	137	4
257	285	5
257	100	5
257	1160	4
257	276	5
257	676	4
257	181	5
257	1010	4
257	936	4
257	237	2
257	1008	5
257	221	3
257	130	2
257	151	4
257	121	3
257	405	3
758	526	4
758	99	3
758	192	4
758	210	4
758	420	3
758	546	3
758	53	4
758	864	4
758	139	4
758	240	3
758	77	3
758	820	4
758	155	1
758	1047	3
758	1074	1
758	1034	4
758	831	4
758	780	5
758	452	3
758	764	1
758	540	3
758	412	5
758	441	3
758	826	3
758	29	3
758	571	4
758	105	2
758	554	3
758	576	4
758	841	3
758	1001	5
758	827	3
758	388	3
758	977	2
758	373	4
758	364	4
758	1090	1
758	1052	5
758	533	4
758	343	2
758	183	5
758	176	5
758	665	2
758	288	4
710	286	4
710	294	3
710	258	2
710	269	3
710	310	3
710	303	4
710	302	4
710	874	3
710	268	4
710	343	3
710	334	2
710	340	4
710	271	3
710	333	3
710	300	3
710	327	3
710	301	3
710	886	3
710	335	1
710	264	2
710	299	3
710	330	3
710	887	2
710	12	4
710	134	5
710	720	3
710	357	4
710	504	4
710	483	5
710	418	3
710	173	3
710	318	4
710	180	4
710	89	4
710	1039	4
710	419	4
710	179	4
710	50	4
710	223	4
710	64	4
710	202	3
710	200	4
710	496	4
710	204	4
710	116	4
710	22	3
710	100	4
710	603	4
710	282	2
710	192	5
710	277	4
710	182	4
710	56	5
710	135	5
710	187	5
710	127	5
710	479	5
710	181	3
710	23	5
710	197	4
710	172	4
710	510	4
710	79	4
710	210	4
710	174	4
710	185	4
710	234	4
710	656	5
710	627	4
710	1	4
710	142	3
710	99	4
710	420	4
710	95	3
710	432	5
710	501	3
710	156	4
710	654	4
710	1019	4
69	50	5
69	117	4
69	129	3
69	181	5
69	273	3
69	591	3
69	246	5
69	236	4
69	124	4
69	475	3
69	100	5
69	150	5
69	508	4
69	237	3
69	147	3
69	1142	4
69	742	3
69	1016	3
69	222	3
69	1134	5
69	1143	5
69	298	4
69	151	5
301	7	4
301	250	4
301	109	5
301	127	4
301	9	3
301	237	4
301	288	4
301	181	5
301	24	4
301	222	4
301	1	4
301	150	4
301	258	4
301	276	1
301	294	4
301	100	5
301	235	2
301	742	4
301	455	5
301	15	4
301	410	4
301	240	4
301	282	4
301	515	3
301	117	5
301	1012	4
301	50	5
301	763	4
301	1016	4
301	284	4
301	111	1
301	123	4
301	405	4
301	151	2
301	273	1
301	249	3
301	1028	5
301	122	2
301	456	3
301	685	3
301	411	1
301	118	4
301	281	4
301	756	4
301	21	2
301	824	3
301	820	3
301	3	2
301	25	3
301	412	4
301	864	4
301	323	4
301	121	4
301	252	3
301	871	4
301	866	4
301	105	3
301	407	2
301	597	3
301	758	3
301	409	4
301	1013	3
301	831	4
301	743	2
301	678	2
301	1052	1
301	1283	4
301	340	4
301	269	5
301	333	4
301	271	4
301	334	3
301	300	4
301	299	3
301	265	4
301	191	3
301	64	5
301	153	3
301	42	4
301	496	5
301	182	5
301	746	3
301	197	5
301	176	4
301	427	4
301	511	4
301	474	4
301	174	5
301	194	4
301	98	4
301	481	4
301	22	4
301	318	5
301	73	4
301	193	3
301	604	4
301	357	5
301	168	4
301	651	5
301	514	3
301	157	2
301	144	4
301	89	2
301	205	4
301	429	4
301	419	3
301	156	4
301	195	5
301	97	4
301	186	4
301	523	4
301	655	1
301	210	4
301	202	5
301	527	4
301	199	4
301	12	4
301	423	1
301	96	5
301	204	5
301	28	4
301	163	3
301	183	3
301	11	4
301	39	3
301	403	4
301	95	5
301	187	4
301	172	5
301	79	5
301	173	4
301	483	4
301	154	4
301	566	3
301	404	3
301	31	3
301	658	3
301	721	3
301	8	4
301	179	3
301	568	4
301	502	4
301	161	3
301	68	4
301	54	3
301	462	2
301	2	2
301	56	4
301	201	4
301	692	3
301	367	4
301	132	4
301	218	4
301	519	4
301	239	2
301	69	5
301	673	4
301	418	3
301	77	3
301	660	4
301	180	3
301	216	4
301	693	5
301	606	3
301	159	3
301	402	2
301	47	4
301	164	3
301	228	3
301	739	2
301	426	4
301	521	3
301	71	4
301	230	4
301	425	4
301	4	4
301	385	3
301	588	5
301	82	5
301	17	4
301	133	4
301	88	4
301	607	4
301	610	3
301	203	4
301	241	3
301	215	5
301	226	5
301	184	4
301	227	3
301	562	3
301	160	2
301	420	3
301	58	4
301	152	3
301	684	3
301	143	4
301	66	4
301	81	3
301	732	4
301	702	4
301	582	2
301	465	4
301	636	3
301	196	4
301	735	2
301	233	4
301	686	4
301	710	3
301	431	4
301	443	4
301	550	3
301	401	4
301	501	3
301	145	3
301	451	4
301	387	3
301	470	4
301	33	4
301	503	3
301	546	4
301	229	3
301	128	5
301	772	3
301	76	4
301	552	3
301	162	3
301	232	4
301	155	1
301	755	4
301	363	4
301	90	3
301	62	3
301	99	4
301	142	3
301	380	4
301	29	4
301	797	4
301	231	2
301	1074	2
301	790	4
301	67	2
301	393	3
301	959	4
301	1035	4
301	554	3
301	631	1
301	849	4
301	802	2
301	53	1
301	80	3
301	737	2
301	1135	3
301	91	3
301	51	4
301	447	4
301	559	4
301	219	4
301	43	5
301	94	4
301	576	4
301	1230	1
301	771	2
301	1112	4
301	384	5
301	665	2
301	373	4
301	1091	3
301	395	1
301	1228	4
301	120	2
301	41	3
301	138	2
301	217	3
301	719	4
484	257	5
484	255	3
207	517	3
207	805	3
207	1226	2
385	855	5
506	1016	4
506	484	4
506	410	2
825	245	5
825	289	1
825	325	5
825	687	5
860	311	4
870	631	2
870	333	3
870	732	2
870	132	4
870	566	2
870	644	2
870	443	3
69	334	3
69	282	3
69	235	3
69	9	4
69	7	5
69	628	3
69	123	4
69	1017	5
69	1144	5
69	240	3
69	256	5
69	763	3
76	343	3
76	517	5
76	514	4
556	319	3
556	286	4
556	302	4
556	327	5
556	268	4
556	340	5
556	288	4
556	325	2
556	324	4
556	294	2
556	988	1
556	321	4
556	243	1
556	323	2
556	64	5
556	173	3
556	178	5
556	479	5
556	209	5
556	170	4
556	1065	4
556	127	5
556	604	5
556	523	5
556	507	5
378	292	3
556	135	2
556	48	5
556	318	5
556	134	5
556	496	5
556	133	5
556	132	5
556	513	4
556	707	3
556	187	5
556	482	5
556	12	5
556	427	5
556	603	5
556	192	5
556	493	5
556	172	5
556	481	5
556	520	5
13	319	4
13	258	4
13	872	3
13	182	5
13	430	5
13	135	5
13	766	4
13	318	3
13	792	5
13	510	5
13	89	4
13	175	4
13	837	4
13	836	2
13	79	3
13	517	5
13	656	5
13	445	4
13	170	5
13	861	3
13	483	5
13	137	5
13	484	5
13	639	3
13	279	5
13	174	4
13	657	4
13	178	4
13	811	5
13	813	1
13	173	2
13	709	4
13	48	5
13	511	5
13	45	3
13	153	4
13	868	5
13	223	5
13	498	4
13	835	3
13	193	5
13	847	4
13	23	5
13	799	4
13	285	5
13	604	5
13	58	4
13	851	5
13	199	5
13	50	5
13	8	4
13	848	5
13	132	4
13	211	4
13	646	4
13	64	5
13	265	4
13	481	3
13	772	1
13	507	1
13	160	4
13	651	5
13	601	4
13	276	5
13	95	5
13	96	4
13	531	3
13	606	4
13	188	4
13	855	4
13	497	5
13	100	5
13	224	4
13	491	4
13	9	3
13	143	1
13	187	5
13	529	4
13	647	5
13	493	5
13	179	2
13	518	4
13	527	5
13	663	5
13	234	5
13	222	3
13	237	5
13	32	4
13	612	4
13	463	5
13	850	4
13	204	5
13	181	5
13	740	1
13	519	5
13	482	5
13	172	5
13	505	3
13	228	4
13	421	2
13	789	5
13	522	5
13	650	2
13	59	4
13	806	5
13	508	3
13	116	5
13	471	1
13	210	3
13	176	3
13	462	5
13	1	3
13	863	4
13	22	4
13	492	5
13	568	3
13	196	4
13	61	4
13	200	3
13	157	3
13	317	5
13	150	5
13	428	5
13	215	5
13	111	5
13	443	4
13	467	5
13	631	3
13	525	5
13	485	1
13	208	5
13	382	1
13	747	4
13	735	3
13	610	2
13	70	3
13	673	3
13	506	5
13	509	5
13	754	4
13	301	1
13	339	3
13	321	2
13	338	1
13	289	2
13	678	3
13	326	3
13	748	4
13	322	3
13	877	2
13	884	2
13	260	1
13	323	3
13	336	2
13	264	4
13	883	3
13	292	5
13	887	5
13	360	4
13	880	3
13	243	3
13	526	3
13	110	3
13	180	5
455	343	4
13	209	3
13	4	5
13	109	4
13	523	4
13	154	5
13	659	3
13	762	5
455	508	4
13	435	5
13	716	4
13	42	4
13	821	3
13	152	5
13	865	5
13	455	3
13	202	5
13	502	5
13	652	5
13	194	5
13	367	3
13	805	4
13	763	1
13	414	5
13	287	1
13	73	3
13	516	5
13	66	3
13	88	4
13	845	3
13	629	1
13	163	3
455	279	3
13	787	3
13	393	3
13	732	5
13	13	5
13	692	4
13	167	4
13	25	1
13	791	5
13	67	1
455	1171	3
13	396	3
13	869	3
13	72	4
13	239	4
13	866	3
13	290	4
13	818	3
13	384	2
13	585	4
13	790	2
13	401	1
13	793	5
13	235	2
177	307	4
177	271	2
13	409	3
13	90	3
13	712	4
13	451	1
177	689	3
177	343	3
177	358	2
177	948	2
13	819	1
13	785	3
13	871	2
13	864	4
13	411	2
13	846	2
13	476	2
13	410	1
13	764	2
13	804	2
13	94	3
13	158	1
13	780	1
177	678	3
177	243	1
177	878	1
177	338	3
177	92	4
177	628	2
69	98	5
69	182	4
69	265	4
69	48	5
69	109	3
69	56	5
69	427	3
69	234	5
69	79	4
69	174	5
69	172	5
69	42	5
69	197	5
69	12	5
69	175	3
279	541	3
279	890	3
279	152	5
279	66	2
279	88	1
256	294	3
256	319	2
256	288	5
256	538	5
256	245	4
256	322	4
256	678	5
256	984	3
256	989	5
256	748	4
256	323	5
256	243	4
256	988	4
256	222	4
256	283	3
256	117	5
256	100	4
256	123	2
256	932	3
256	25	5
256	1289	4
256	1051	4
256	125	5
256	742	5
256	9	4
256	237	4
256	471	5
256	15	5
256	628	5
256	1086	5
256	1	5
256	975	3
256	591	5
256	925	5
256	282	3
256	7	4
256	819	4
256	473	5
256	405	4
256	546	4
256	121	5
256	118	5
256	846	4
256	280	5
256	756	4
256	866	4
256	276	3
256	274	5
256	278	5
256	741	4
256	685	5
256	284	4
256	864	4
256	151	5
256	1028	4
256	220	3
256	1047	4
256	815	5
256	620	3
256	472	4
256	597	4
256	147	4
256	1150	5
256	1040	3
256	225	4
256	406	3
256	982	3
256	291	5
256	1033	4
256	476	4
256	831	4
256	930	3
256	1061	4
256	370	3
54	255	3
256	235	3
256	1114	4
256	106	4
256	829	4
256	460	4
256	977	4
540	269	4
540	258	4
540	286	4
540	333	4
540	294	4
540	300	3
540	343	4
540	332	4
540	340	4
540	310	4
540	270	4
374	150	4
540	323	3
540	50	5
540	100	5
540	9	5
540	508	4
540	475	4
374	880	5
540	125	3
540	7	4
540	281	3
540	591	3
540	150	3
540	181	4
540	276	4
540	293	4
540	15	3
540	126	3
540	515	5
540	596	4
540	1	3
540	111	4
540	628	3
540	121	2
540	245	3
540	250	4
540	825	4
540	109	4
540	1014	4
540	222	4
36	333	4
36	307	4
36	288	4
540	597	4
36	269	3
36	748	4
36	310	4
36	319	2
36	289	2
36	682	1
36	873	3
36	268	2
36	875	3
540	455	4
540	20	4
540	1011	4
540	762	4
540	820	3
36	339	5
36	883	5
36	261	5
36	882	5
36	878	5
36	885	5
36	1026	5
36	358	5
540	257	4
540	742	4
540	13	4
540	405	3
540	147	3
540	25	4
540	1048	4
540	274	4
540	1016	4
540	240	3
540	473	3
540	249	3
540	117	4
540	471	4
540	1226	4
374	819	3
540	741	3
540	280	3
540	220	3
374	832	1
374	756	3
374	1094	4
374	225	3
374	934	3
374	220	2
374	120	3
374	820	4
374	1001	1
374	122	2
374	758	1
374	173	3
374	95	4
374	789	4
374	692	5
374	558	1
374	465	5
374	197	5
374	135	4
374	143	2
374	637	4
279	1001	4
256	409	4
256	21	4
256	934	3
256	120	1
256	368	1
256	1057	2
256	363	3
256	841	2
256	827	3
256	413	4
256	834	3
256	595	4
256	974	3
256	986	5
256	64	5
256	487	5
256	22	5
256	79	5
256	174	4
256	56	3
256	11	5
256	127	4
256	195	5
256	526	3
256	50	4
256	210	4
256	172	3
256	187	3
256	96	5
256	181	4
256	233	4
256	182	4
256	265	4
256	230	4
256	2	5
256	684	5
256	89	5
256	550	5
256	232	3
256	679	3
256	4	5
256	161	5
256	566	5
256	82	5
256	228	3
256	808	4
256	188	5
256	385	5
256	576	3
256	1231	3
256	403	4
256	568	5
256	583	5
256	849	2
256	227	4
256	92	1
256	1228	1
256	761	4
256	665	4
256	779	4
256	229	3
256	554	4
256	29	4
256	226	5
256	185	5
256	234	5
256	98	5
256	12	5
256	657	5
256	443	3
256	5	5
256	218	3
256	203	4
256	1109	4
256	31	5
256	939	5
256	642	4
256	44	4
256	1046	4
256	1208	3
256	1042	5
256	38	4
256	356	3
256	552	3
256	769	5
256	54	5
256	77	3
256	802	3
256	449	3
256	1210	5
256	1471	3
256	452	4
256	771	2
256	1090	2
256	1207	3
256	662	2
256	216	5
256	202	3
256	1119	3
256	1424	3
256	692	5
256	732	5
256	97	4
256	86	5
256	778	4
256	66	4
256	724	4
256	794	4
256	51	4
256	716	5
256	451	4
256	381	5
256	739	5
256	49	4
256	36	3
256	722	3
256	775	5
256	402	4
256	785	4
256	728	4
256	781	5
256	88	5
256	1041	4
256	387	4
256	765	4
256	783	4
256	796	5
483	199	3
483	109	5
385	325	4
145	754	3
145	339	3
145	343	5
145	342	4
145	338	3
145	687	2
145	1	3
145	652	5
145	89	4
145	69	5
145	172	5
145	486	3
145	209	4
145	59	1
145	134	4
145	96	5
145	195	5
145	174	5
145	42	5
145	64	4
145	510	4
145	238	4
145	974	1
145	276	1
145	443	3
145	637	3
145	672	3
145	452	3
145	859	3
145	590	1
145	761	4
145	12	5
145	250	5
768	535	3
533	298	4
533	255	2
533	257	4
707	269	4
707	310	4
827	258	3
827	268	4
913	604	2
827	302	4
827	269	5
827	343	4
827	300	3
827	286	3
827	689	3
827	301	4
827	288	3
827	332	3
498	447	3
498	448	4
498	558	4
648	286	1
648	275	5
648	50	5
648	929	4
648	181	5
648	1	5
648	7	3
648	742	5
648	14	2
648	222	5
648	619	3
648	117	2
648	740	4
648	249	3
648	676	2
648	864	3
648	458	2
648	109	5
648	596	3
648	250	4
648	295	4
648	24	3
648	477	3
648	121	5
648	288	4
648	125	2
648	455	3
648	471	4
648	290	3
648	291	3
648	546	4
648	25	2
648	240	2
648	111	5
648	748	3
648	405	4
648	827	3
648	685	5
648	473	3
648	472	3
648	825	4
648	220	3
648	235	4
648	928	4
648	13	3
648	930	3
648	831	1
648	820	2
648	118	4
648	107	4
648	763	2
648	1033	2
648	411	2
648	151	2
648	1047	2
648	1028	2
648	406	3
648	1060	2
648	1244	3
648	252	4
648	926	3
648	323	5
648	826	3
648	225	1
648	687	1
648	105	3
648	21	3
648	931	2
648	413	2
648	122	1
648	169	5
648	435	5
648	568	5
648	133	4
648	603	5
648	483	5
648	23	3
648	173	5
648	210	4
648	663	1
648	238	3
648	692	4
648	194	5
648	66	5
648	216	4
648	629	4
648	186	5
648	175	3
450	269	5
450	302	5
450	286	4
450	292	5
450	689	3
450	304	4
450	270	4
450	258	4
450	340	4
450	301	4
450	307	5
450	300	4
450	873	3
805	541	3
805	890	3
536	271	3
536	304	3
536	596	3
536	50	5
536	405	2
536	275	5
536	283	3
536	181	5
536	1115	5
536	1	5
536	274	4
536	117	4
536	151	3
536	546	2
536	408	5
536	993	3
536	740	4
536	713	4
536	10	4
536	121	4
536	148	4
536	472	3
536	21	3
758	887	5
758	331	4
399	302	4
399	288	3
399	332	3
399	301	4
399	754	3
399	307	3
399	268	3
399	328	4
399	289	4
399	1393	3
399	340	2
399	323	1
399	264	3
399	343	2
399	890	2
399	544	2
399	1137	4
399	405	3
399	591	3
399	147	5
399	246	3
399	1	4
399	273	3
399	924	5
399	628	3
399	845	3
399	471	3
399	282	3
399	459	4
399	123	2
399	475	5
399	1086	3
399	15	5
399	742	4
399	235	4
399	763	2
399	413	2
399	455	4
399	820	4
399	24	4
399	295	4
399	597	3
399	148	4
399	118	3
399	546	2
399	121	3
399	824	2
399	760	1
399	928	2
399	986	3
399	825	2
399	1244	3
399	977	3
399	1279	3
399	407	3
399	511	3
399	616	1
399	114	4
399	69	3
399	157	3
399	96	3
399	204	3
399	238	1
399	176	3
399	746	5
399	174	3
399	1401	3
399	64	3
399	399	3
399	156	3
399	172	3
399	710	2
399	320	3
399	182	4
399	318	5
399	195	2
399	175	3
399	186	4
399	181	3
399	144	3
399	168	3
399	265	3
399	210	3
399	22	3
399	241	4
399	98	4
399	588	5
399	531	3
399	223	3
399	50	3
399	95	3
399	54	4
399	526	3
399	55	2
399	66	3
399	946	3
399	97	4
399	57	4
399	128	3
399	234	3
399	132	3
399	419	3
399	154	3
399	772	4
399	582	3
399	1220	2
399	1396	4
399	393	4
399	110	2
399	959	3
399	622	4
399	418	3
399	140	4
399	73	3
399	673	3
399	542	3
399	423	3
399	806	3
399	559	3
399	468	3
399	28	2
399	382	3
399	11	4
399	102	3
399	684	3
399	99	3
399	433	3
399	188	4
399	39	2
399	655	3
399	179	3
399	506	3
399	226	3
399	203	4
399	222	3
399	402	3
399	161	3
399	356	3
399	230	3
399	735	3
399	82	3
399	164	2
399	239	3
399	679	3
399	218	4
399	385	3
399	1192	3
399	1184	3
399	143	5
399	404	3
399	451	3
399	214	4
399	727	4
399	755	2
399	227	2
399	470	4
399	566	4
399	431	2
399	58	3
399	33	3
399	975	2
399	180	3
399	5	3
399	91	4
399	747	5
399	774	3
399	389	3
399	550	3
399	380	3
399	38	2
399	545	2
399	1090	2
399	225	3
399	366	3
399	53	4
399	561	2
350	286	5
350	324	4
399	665	3
399	219	3
399	697	2
399	1459	3
399	1228	3
350	50	5
350	127	5
399	541	3
399	31	3
350	429	4
399	384	2
350	1	4
350	479	5
350	172	5
350	23	5
399	84	2
399	568	2
399	1074	4
350	210	4
350	480	5
350	654	5
350	603	5
350	1039	4
350	604	5
350	427	5
350	204	4
350	530	4
350	340	4
350	616	4
399	187	3
399	127	2
399	56	3
350	657	5
350	181	4
350	174	5
399	969	3
350	515	5
350	168	5
399	501	2
350	435	5
350	133	5
350	190	4
350	132	5
350	589	5
399	633	3
399	233	3
399	549	4
350	489	4
350	258	3
350	183	3
350	214	3
350	89	4
350	173	4
350	211	2
350	153	3
350	271	3
350	265	2
350	185	5
399	68	3
399	941	3
350	228	4
399	117	2
350	179	5
350	193	4
350	176	4
350	136	5
350	483	5
350	187	5
399	228	2
399	420	3
350	195	5
350	98	4
399	732	2
399	139	3
399	722	2
399	432	3
399	1042	3
399	378	3
399	1219	3
399	436	2
399	720	3
399	1542	2
399	554	3
399	63	3
399	43	3
399	1210	2
399	540	2
399	578	2
399	155	2
399	926	2
399	62	3
399	41	2
399	78	3
399	1139	4
399	94	5
399	551	1
399	80	3
399	77	2
399	229	2
399	400	3
399	1135	2
399	29	3
399	1314	3
399	794	3
399	386	3
399	826	2
399	196	5
399	48	3
399	496	3
399	173	3
399	465	3
399	658	3
399	1540	3
399	1217	4
399	72	4
399	1178	3
399	231	3
399	768	3
399	232	2
399	383	2
399	426	3
399	1231	3
399	403	3
399	576	3
399	738	4
399	781	2
399	90	2
399	401	3
399	444	1
399	395	3
399	552	1
399	452	3
399	575	1
399	388	2
399	450	2
399	364	4
399	1207	3
399	769	3
399	1232	3
399	780	1
399	779	4
399	1274	1
399	564	3
399	67	3
399	1480	3
399	153	2
399	71	3
399	587	3
399	1035	3
399	1179	2
399	809	3
399	560	3
399	412	2
536	169	5
536	8	5
536	174	5
536	385	4
536	83	5
536	493	4
536	480	5
536	135	5
536	318	5
536	195	4
536	180	4
536	190	5
536	427	5
536	496	5
536	183	3
536	133	4
536	210	5
536	199	3
536	172	5
536	153	4
536	197	3
536	87	3
536	511	5
536	179	2
536	483	4
536	486	4
536	614	4
536	603	4
536	707	5
536	648	3
536	474	5
536	28	5
536	727	3
536	176	3
536	588	3
536	435	3
536	188	3
536	230	5
536	136	4
536	487	4
536	79	4
536	431	5
536	510	4
536	746	5
536	404	4
536	22	5
536	168	5
536	228	5
536	436	3
536	70	2
536	498	5
536	69	5
536	1063	5
536	204	4
536	144	4
536	132	4
536	96	4
536	778	4
536	724	4
536	98	4
536	1039	5
536	209	2
536	163	5
536	582	2
536	662	5
536	1050	5
536	189	5
536	191	4
536	52	3
536	699	3
536	568	4
536	2	4
536	566	5
536	736	5
536	549	3
536	265	5
536	95	5
536	56	3
536	234	4
536	378	5
536	205	5
536	143	5
536	214	2
536	489	4
536	71	5
536	679	4
536	403	3
536	470	5
536	584	5
536	215	4
536	222	4
536	432	4
536	86	3
536	217	3
536	88	4
536	423	4
536	694	5
536	97	3
536	31	3
536	213	5
536	389	5
536	380	4
536	49	3
536	1118	2
536	80	2
536	63	4
536	443	3
536	862	3
536	501	3
536	62	4
536	73	4
536	416	4
536	82	4
536	500	4
536	419	3
536	755	4
536	441	2
536	164	4
536	640	4
536	141	4
536	402	4
536	227	5
536	229	4
536	570	3
536	386	4
536	708	3
536	720	4
536	449	4
536	139	4
536	167	3
536	84	4
536	387	3
536	631	2
536	94	4
536	561	3
536	450	2
536	1030	3
536	542	1
536	1140	1
536	54	2
279	224	4
450	332	4
450	294	4
450	322	4
450	748	4
450	336	3
450	264	3
450	503	4
450	89	5
450	488	4
450	427	5
450	50	5
450	671	3
450	501	4
450	214	1
450	528	5
450	265	5
450	479	4
450	448	4
450	173	5
450	196	5
450	56	4
450	199	5
450	223	3
450	230	4
450	169	5
450	98	4
450	483	3
450	709	3
450	195	4
450	423	5
450	702	4
450	606	5
450	523	5
450	482	5
450	610	4
450	59	4
450	83	4
450	193	5
450	434	3
450	181	4
450	172	4
450	1401	4
450	499	5
450	704	3
450	511	5
450	480	4
450	921	4
450	275	4
450	663	4
450	133	5
450	228	4
450	507	5
450	180	4
450	176	4
450	485	5
450	603	5
450	608	4
450	506	5
450	127	5
450	135	3
450	604	4
450	661	3
450	1172	5
450	481	5
450	12	4
450	13	3
450	491	3
450	845	4
450	494	3
450	190	4
450	123	2
450	489	4
450	58	3
450	357	5
450	318	5
450	205	4
450	496	5
450	69	4
450	602	4
450	616	4
450	134	3
450	187	5
450	64	4
450	705	4
450	216	5
450	1203	3
450	692	4
450	490	5
450	707	5
450	194	5
450	239	5
450	144	5
450	22	5
450	211	5
450	4	3
450	566	4
450	654	4
450	553	2
450	967	5
450	618	4
450	378	5
450	527	5
450	87	5
450	197	5
450	100	4
450	685	4
450	518	4
450	659	5
450	1119	4
450	435	4
450	790	2
450	467	4
450	679	1
450	174	5
450	497	5
450	132	5
450	153	5
450	207	4
450	381	2
450	70	4
450	1147	4
450	455	4
450	200	3
450	500	4
450	630	3
450	25	3
450	847	4
450	81	4
450	39	4
450	367	3
450	741	3
450	417	4
450	11	5
450	1020	4
450	185	5
450	61	4
450	842	4
450	79	4
450	387	5
450	559	3
450	650	4
450	969	4
450	182	5
450	140	3
450	505	5
450	651	5
450	151	5
450	44	3
450	601	3
450	241	4
450	588	4
450	939	4
450	125	4
450	99	4
450	468	4
450	168	5
450	7	4
450	65	3
450	71	3
450	208	5
450	549	3
450	163	4
450	51	4
450	1479	3
450	1286	3
450	382	3
450	614	4
450	735	4
450	628	4
450	204	4
450	111	4
450	504	5
450	430	4
450	154	3
450	655	4
450	282	5
450	141	3
450	273	3
450	432	4
450	966	4
450	28	4
450	619	3
450	131	4
450	443	4
429	307	3
429	321	3
429	457	1
429	98	4
429	173	4
806	324	2
806	302	4
806	286	3
429	238	5
429	214	3
429	170	5
429	237	3
429	430	4
429	50	5
806	288	3
429	86	5
429	475	4
806	258	3
806	690	2
429	127	4
429	496	4
429	520	3
429	275	4
806	343	3
429	482	3
429	154	3
429	56	4
429	22	5
429	64	4
429	500	1
429	178	4
429	197	4
429	208	4
429	651	4
429	166	5
429	498	5
806	875	3
806	879	3
429	182	4
429	87	3
429	483	5
429	505	4
429	165	5
429	124	4
806	271	3
429	55	4
429	466	2
429	603	4
429	340	5
429	431	5
429	181	5
429	705	4
429	468	3
429	48	3
429	499	4
429	484	5
429	157	4
429	156	4
429	806	2
429	209	4
429	47	4
429	582	3
429	491	3
429	530	4
429	939	4
806	1129	3
806	181	2
429	196	4
429	95	3
429	179	3
429	223	4
429	109	3
429	528	4
806	100	4
806	6	2
429	177	4
429	671	3
429	129	4
429	504	3
429	191	5
806	1	4
806	475	4
429	153	4
429	58	4
429	216	4
429	211	5
429	692	3
429	652	4
429	45	3
429	172	5
806	237	2
429	93	4
429	283	3
429	89	4
429	300	3
429	83	4
870	1020	3
806	50	5
429	507	5
429	443	4
429	485	3
429	467	4
806	111	3
806	408	5
806	117	2
429	23	4
429	514	3
429	529	4
429	79	4
429	81	3
429	631	4
429	193	4
429	1418	3
429	709	4
806	1012	4
429	293	4
429	419	4
429	778	3
429	186	4
806	628	3
429	495	3
429	663	4
429	479	4
806	257	4
806	24	3
806	14	3
429	201	3
429	655	3
429	1101	5
429	1017	3
429	789	4
429	432	4
806	455	3
806	240	2
429	180	5
429	11	4
806	249	4
429	273	4
429	164	4
429	183	4
429	231	2
429	1217	2
429	222	4
429	1545	2
429	961	3
429	686	2
429	195	4
806	273	4
429	654	4
429	276	5
429	511	5
429	176	3
429	502	3
806	222	4
806	150	4
429	150	5
429	847	3
429	508	4
429	7	2
429	427	5
806	952	2
429	42	5
429	233	3
429	794	3
429	611	4
429	192	3
429	229	2
429	357	5
429	132	3
429	28	3
429	435	4
806	1514	3
429	591	3
429	114	5
429	133	3
429	493	4
429	4	4
429	92	4
429	581	2
429	203	5
806	122	3
429	1438	1
429	71	3
429	194	4
429	77	3
429	134	5
429	1071	2
429	207	4
429	531	5
429	393	3
429	549	4
429	584	4
806	405	3
429	1	3
429	607	3
806	1010	3
806	1048	3
429	100	5
429	628	3
429	596	3
429	633	3
429	143	3
429	202	4
555	129	4
429	433	3
429	697	3
429	425	3
429	232	4
429	568	3
429	147	2
429	732	4
429	684	4
429	381	3
429	1118	4
429	403	4
806	3	2
806	121	4
429	161	3
429	241	3
429	936	4
429	227	2
429	921	2
429	1012	3
429	68	3
429	805	3
429	1301	4
429	230	2
429	25	4
429	185	4
429	199	5
429	448	3
429	281	3
429	636	3
429	159	3
429	1018	3
429	392	3
429	387	4
429	1039	5
429	136	4
429	480	4
429	747	3
429	418	3
429	274	3
429	265	4
429	258	4
429	746	3
429	277	4
806	252	1
806	1016	1
429	257	4
429	404	4
429	583	3
429	82	4
806	407	3
429	118	3
429	226	3
429	298	5
429	121	3
429	97	4
429	436	4
429	44	3
429	464	3
429	65	3
429	1010	3
429	1016	4
429	481	3
429	365	2
429	8	3
429	140	1
429	91	3
429	184	4
429	1035	3
429	662	3
429	470	5
429	24	3
429	291	4
429	69	5
429	32	4
806	127	5
429	1014	3
429	290	3
429	26	3
429	616	3
429	200	3
429	566	3
429	66	2
429	250	2
429	1203	4
429	39	3
429	967	4
429	162	4
429	70	4
429	845	4
429	12	5
429	284	3
429	128	3
429	658	3
429	1109	2
429	123	4
429	673	3
429	228	2
429	367	3
429	1285	3
429	700	3
429	744	4
429	772	3
429	21	2
429	111	2
429	1136	4
429	640	3
429	188	4
429	234	4
429	642	4
429	382	3
429	1028	3
429	99	3
429	796	3
429	1443	2
429	455	3
429	602	5
429	693	4
429	167	3
429	462	4
429	249	4
429	559	3
429	101	4
429	729	2
429	80	3
429	742	4
429	1113	3
429	756	2
429	506	4
429	761	2
429	726	2
429	409	2
429	469	4
429	415	3
429	1112	3
429	3	2
429	762	4
429	53	1
429	441	3
429	411	3
429	1133	2
429	219	4
429	928	2
429	151	5
429	248	5
429	833	3
429	708	3
429	88	3
429	587	3
429	385	3
429	540	3
429	378	3
429	535	2
429	15	5
429	428	4
429	578	3
429	356	3
429	31	3
429	786	2
429	141	3
429	1048	2
429	235	3
429	282	3
429	358	3
429	1089	2
429	96	4
429	763	4
429	1222	3
429	52	4
429	843	1
429	1224	2
429	627	2
429	826	3
429	546	3
429	739	3
429	1228	3
429	999	2
429	1074	3
429	629	3
429	1079	2
429	366	3
429	405	3
429	635	3
429	820	3
429	1220	3
429	1110	2
429	85	4
429	301	3
806	254	3
429	1209	3
429	218	3
429	550	3
429	62	3
429	1033	1
429	1076	2
806	172	3
806	357	3
806	484	4
429	280	2
429	1296	2
806	483	4
429	412	4
429	440	1
429	570	4
429	685	3
429	472	3
429	1139	2
806	79	3
429	410	4
429	625	3
429	816	2
429	944	3
429	665	2
806	318	5
429	73	3
429	63	2
429	737	4
429	569	2
429	941	3
429	637	3
806	170	5
806	210	5
806	511	5
429	72	2
429	473	3
429	768	3
429	264	3
429	672	2
806	47	4
429	562	2
429	380	3
429	808	3
806	705	4
806	521	3
806	168	4
429	338	3
429	225	2
429	804	3
429	2	3
429	163	4
429	1425	3
429	155	2
806	856	5
429	1119	3
429	1218	3
429	679	4
806	187	5
806	200	4
429	780	3
429	319	3
429	288	3
429	755	3
429	217	3
429	371	2
806	197	4
429	90	4
429	710	4
429	210	4
429	1011	4
429	318	5
429	137	5
806	89	5
806	175	5
806	169	5
429	972	4
429	527	5
429	204	4
429	1020	4
429	423	4
429	702	5
429	735	4
429	117	4
429	174	4
429	537	4
429	144	4
429	510	4
429	168	5
429	190	5
806	176	5
806	98	4
806	192	4
806	496	5
806	209	3
806	654	5
806	179	5
806	174	5
806	186	4
806	1098	4
806	182	5
806	157	3
806	56	5
806	234	4
806	180	4
806	238	4
806	156	4
806	522	3
806	655	3
806	216	4
806	188	3
806	45	4
806	12	5
806	204	5
806	518	3
806	177	3
806	28	3
806	195	3
806	161	3
806	265	4
806	227	2
806	675	3
806	485	5
806	128	3
806	196	5
806	230	4
806	162	3
806	70	2
806	153	4
806	95	5
806	144	5
806	504	4
806	403	4
806	419	5
806	461	4
806	588	4
806	702	3
806	421	4
806	1071	4
806	76	3
806	923	3
806	82	4
806	228	4
806	789	4
806	17	4
806	433	4
806	81	5
806	553	3
806	2	3
806	629	3
806	1018	4
806	226	3
806	96	5
806	133	5
806	155	3
806	90	4
806	88	4
806	143	5
806	29	4
806	158	2
806	1059	3
806	131	4
806	1074	3
806	233	2
806	231	3
457	282	4
457	476	2
457	288	4
457	258	5
457	227	4
457	450	4
457	304	4
457	222	5
457	228	5
457	229	4
457	230	4
457	380	4
457	531	5
457	385	4
457	238	5
457	248	4
457	257	3
457	121	4
457	243	2
457	948	1
457	1	4
457	100	5
457	137	5
457	7	4
457	742	4
457	276	4
457	125	4
457	181	4
457	111	3
457	455	4
457	471	4
457	117	4
457	744	3
457	14	4
457	9	5
457	294	2
457	50	5
457	285	5
457	275	5
457	628	4
457	15	4
457	237	4
457	458	3
457	1012	4
457	871	1
457	845	4
457	25	4
457	1028	3
457	546	2
457	13	3
457	597	3
457	410	4
457	20	5
457	287	4
457	284	3
457	151	5
450	582	4
450	956	4
450	220	4
450	183	4
450	47	3
450	157	3
450	521	4
450	631	4
450	178	4
450	143	5
450	965	4
450	179	5
450	1282	3
457	192	5
457	168	5
457	173	5
457	195	5
450	495	4
450	152	5
450	221	4
457	160	4
450	118	3
450	747	4
450	95	3
450	736	5
457	980	4
457	473	4
457	148	4
457	147	5
457	118	4
457	676	3
457	841	4
450	968	4
450	699	4
450	121	3
450	785	3
450	724	5
457	240	3
457	252	4
450	637	4
450	732	3
450	1197	3
450	402	4
457	756	2
457	472	4
450	222	3
450	1115	4
450	188	3
450	713	3
450	416	5
457	225	4
457	456	2
457	717	3
457	411	3
457	235	3
450	76	3
450	162	5
450	632	5
450	662	4
450	418	4
457	931	2
457	1047	2
457	819	2
457	105	3
457	831	2
450	792	4
450	558	3
450	164	4
450	215	5
450	389	4
450	126	5
457	934	3
457	370	3
457	368	1
450	815	3
450	471	4
450	469	4
457	122	2
457	412	2
450	78	2
450	526	4
450	372	4
450	161	5
450	234	3
457	462	5
457	553	5
450	213	4
450	97	4
450	498	3
450	1135	4
450	1112	3
450	1053	3
457	660	5
457	83	5
450	366	3
450	627	3
450	385	4
450	26	5
450	414	3
450	742	4
450	155	4
450	612	4
450	516	5
450	866	4
457	190	5
457	69	5
457	182	4
457	191	5
457	197	5
457	208	4
457	483	5
457	22	5
457	223	5
457	357	5
457	216	5
13	164	3
13	7	2
13	288	1
13	671	3
450	1212	4
457	200	5
450	203	4
457	651	5
450	1263	4
450	88	5
450	186	3
457	485	4
457	134	5
457	727	4
457	114	5
457	64	5
457	56	4
13	706	1
457	79	5
13	218	1
13	773	1
13	5	1
13	201	1
13	436	2
13	447	2
13	852	1
13	448	1
457	127	5
13	774	1
13	564	1
13	559	1
13	637	2
13	854	1
13	760	1
13	817	1
13	561	1
13	788	1
13	672	1
450	238	5
450	462	4
450	1163	3
450	673	3
450	1490	3
457	70	4
457	169	5
457	47	4
13	17	1
13	567	1
13	674	3
13	675	5
13	217	1
13	219	1
13	573	3
13	569	2
13	670	3
13	53	1
13	816	1
13	665	2
13	444	4
13	379	1
13	860	1
13	839	1
13	370	1
13	413	1
13	441	1
13	635	1
457	443	4
457	28	5
457	692	4
457	180	5
457	367	4
13	844	1
13	853	1
13	320	1
13	406	1
13	184	1
13	547	1
13	558	1
13	37	1
13	145	2
13	767	1
457	11	4
457	433	5
13	446	1
13	452	3
13	563	1
13	769	3
13	439	1
13	440	1
13	667	1
13	859	1
13	565	1
450	1184	1
450	492	5
450	708	4
450	386	4
457	194	5
457	154	5
457	89	5
457	507	4
13	669	1
13	800	1
13	453	2
13	438	1
13	834	1
13	590	2
13	858	1
13	668	1
13	424	1
13	437	1
13	758	1
13	777	1
13	551	1
13	784	1
457	156	5
457	45	5
457	203	4
13	190	4
13	686	5
13	144	4
13	11	1
457	58	4
457	629	4
457	403	4
457	57	4
457	469	4
450	584	5
450	277	3
450	1153	5
450	202	4
450	401	3
450	218	4
457	704	4
457	135	5
457	174	5
457	239	5
13	684	5
13	183	4
13	431	1
13	870	3
13	177	5
13	92	3
13	403	2
457	48	5
457	210	5
457	318	5
450	117	4
457	185	5
457	588	5
457	86	3
457	183	5
457	82	5
457	144	5
13	566	5
13	385	3
13	241	3
13	273	3
13	636	2
13	147	3
13	128	1
13	230	3
13	121	5
13	82	2
457	176	5
457	632	5
457	528	5
457	31	4
457	186	5
457	59	5
13	118	4
13	33	5
13	770	4
13	570	5
13	39	3
13	830	1
13	809	4
13	231	3
13	685	5
13	2	3
13	227	5
13	229	4
13	679	4
13	541	1
13	233	4
13	597	3
13	825	1
13	226	4
457	232	4
457	193	5
457	12	5
457	423	5
457	265	5
457	204	5
457	97	5
457	8	5
457	51	5
13	550	4
13	161	5
13	68	3
13	546	3
13	24	1
13	838	1
13	405	2
457	88	4
457	529	4
457	196	5
457	747	4
450	1048	3
450	472	4
450	928	3
457	425	4
457	673	4
457	4	4
457	161	4
13	823	5
13	27	3
13	849	1
13	29	2
13	808	2
13	62	5
13	554	2
457	655	5
457	1039	5
450	568	4
450	642	4
450	280	4
450	629	4
450	1441	3
457	179	4
13	833	2
13	578	3
13	281	3
13	720	4
13	38	3
13	798	2
457	708	4
457	215	4
457	559	4
457	52	4
13	761	4
13	810	5
13	841	1
13	576	3
13	363	3
450	33	5
450	731	3
450	1220	5
457	509	4
457	241	3
13	117	3
457	474	5
457	549	4
457	470	5
450	415	3
450	3	4
450	781	4
450	451	4
13	802	2
13	572	2
13	391	3
13	803	3
13	779	3
457	202	4
457	371	4
457	658	4
457	1119	4
450	609	5
450	1061	4
450	227	3
13	586	3
13	797	5
13	472	5
13	827	3
457	77	4
457	695	3
13	449	4
13	831	3
13	826	5
13	829	3
13	398	2
13	540	3
13	771	3
13	450	3
13	759	2
450	509	4
450	10	4
13	71	4
13	432	4
13	99	4
450	696	4
450	232	4
13	625	2
13	420	4
13	596	3
13	624	5
13	473	4
13	501	5
13	768	4
13	91	2
13	548	3
13	820	4
13	588	4
13	418	2
450	66	4
13	28	5
13	423	5
13	87	5
13	427	5
13	419	3
13	812	2
13	417	2
13	621	4
13	477	4
13	776	2
13	757	3
13	416	3
450	380	5
450	761	4
450	756	3
13	404	5
13	755	3
13	21	3
13	862	3
13	225	2
13	842	2
13	832	4
13	843	5
13	78	1
13	828	1
13	138	1
13	377	1
13	795	2
13	97	4
13	549	4
450	1208	3
450	101	5
13	274	3
13	212	5
13	371	3
13	553	2
13	49	4
13	51	3
13	662	5
450	951	4
450	290	4
13	280	4
13	722	3
13	781	3
13	736	4
13	733	5
13	394	2
13	867	5
13	794	4
13	737	4
13	155	2
450	1248	4
450	1421	4
450	281	4
450	783	3
450	774	4
450	723	3
450	620	4
890	286	5
890	340	4
890	479	5
890	185	5
890	483	5
890	514	5
890	133	5
890	515	5
890	200	4
890	7	4
890	97	4
890	194	5
890	489	4
890	193	4
890	423	5
890	172	5
890	127	5
890	663	4
890	436	3
890	1065	3
890	1	4
890	208	5
890	162	4
890	136	5
890	429	4
890	195	5
890	132	5
890	501	4
890	204	4
890	1039	4
890	134	5
890	23	5
890	589	5
890	187	5
890	179	5
890	357	5
890	523	4
890	604	5
890	152	4
890	153	3
894	310	3
890	524	4
890	657	5
894	877	3
890	69	4
890	89	4
890	98	4
890	480	5
890	190	4
890	434	4
890	210	4
890	474	5
890	520	4
890	271	3
890	258	3
890	324	4
894	245	4
894	1658	4
894	32	4
894	1142	4
894	922	4
894	1150	4
894	275	4
894	100	4
894	246	4
894	13	4
894	83	4
894	707	4
894	30	4
894	45	4
894	558	5
894	923	5
894	753	5
894	509	4
894	213	4
894	462	4
894	166	4
894	86	4
894	170	4
894	165	4
894	531	3
894	60	5
894	1501	4
894	59	5
894	1073	4
894	57	4
894	1115	4
894	639	5
894	463	4
894	381	3
894	971	3
894	26	4
894	855	4
894	198	4
894	113	4
890	234	5
894	179	5
894	582	4
894	52	4
894	1080	4
894	1404	3
894	70	3
890	447	3
890	675	5
890	443	4
890	671	5
894	212	5
894	960	5
894	61	4
894	736	4
894	171	3
890	637	3
890	444	4
890	674	3
894	1403	3
894	1560	4
894	961	4
894	1153	3
894	1462	3
890	667	2
894	698	4
894	1005	5
894	638	3
890	452	2
894	702	4
890	176	4
890	654	5
890	603	5
890	228	4
890	636	3
890	183	3
890	230	3
890	229	2
890	265	2
890	527	4
890	205	5
890	135	5
890	427	5
890	174	5
890	530	4
890	50	5
890	181	4
567	606	4
567	173	4
567	56	4
567	175	5
567	603	5
567	198	5
567	187	5
567	109	2
567	490	4
567	511	2
567	182	5
567	183	4
567	514	5
567	521	3
567	654	5
567	506	5
567	1021	4
567	205	3
567	168	5
567	59	5
567	657	5
567	133	4
567	100	1
567	83	4
567	847	4
567	1020	3
567	507	5
567	199	4
567	178	4
567	89	5
567	483	5
567	653	5
567	617	4
567	134	5
567	1019	5
567	176	5
567	194	3
567	504	4
567	525	5
567	318	2
567	357	2
567	197	5
567	497	5
567	494	5
567	589	5
567	615	4
567	60	5
567	492	4
567	498	4
567	482	5
567	523	3
567	479	5
567	434	5
567	611	4
567	647	5
567	1298	5
567	132	3
567	192	4
567	608	4
567	648	4
567	156	5
567	188	5
567	679	4
567	478	5
567	919	4
567	705	5
567	491	3
567	474	5
567	179	5
567	641	5
567	496	5
567	170	3
567	811	4
567	136	5
567	181	1
567	127	5
567	50	1
567	297	3
567	298	4
567	340	3
567	302	4
567	268	4
567	271	4
567	306	3
567	299	4
567	1022	5
567	303	3
567	484	4
567	659	4
567	223	4
567	10	4
567	604	4
567	203	4
567	246	4
567	480	4
567	12	4
567	475	4
567	1131	4
567	7	4
567	32	5
567	517	5
567	433	4
567	177	4
567	489	5
567	527	3
567	152	4
567	47	4
567	9	4
567	493	4
567	513	4
567	23	4
567	650	4
567	607	4
567	234	3
567	195	3
567	124	4
567	675	4
567	209	4
567	469	4
567	135	3
567	174	1
567	631	3
567	423	2
567	1	3
567	387	4
567	481	5
567	582	3
567	429	4
567	185	5
567	430	4
567	613	4
567	640	4
567	221	5
567	1451	3
567	39	3
567	836	3
567	1204	5
567	212	2
567	79	2
567	646	5
567	190	4
567	273	5
567	673	3
567	612	4
567	427	3
567	191	3
567	636	4
567	96	4
567	487	4
567	293	5
567	257	3
567	1012	3
567	248	4
567	1252	3
567	252	1
279	198	3
711	343	3
557	327	3
557	262	2
406	660	3
406	631	5
406	28	3
406	633	5
406	133	5
870	340	3
450	457	2
450	525	3
450	192	4
450	422	3
450	102	4
450	1091	4
450	399	4
450	94	4
450	1444	4
450	622	5
450	112	2
450	832	2
450	1033	3
450	776	4
450	812	4
450	1271	2
450	1480	3
450	1036	2
450	1030	1
450	383	2
450	400	3
450	35	2
450	795	3
450	710	3
450	514	5
450	502	5
450	433	3
450	716	4
450	110	4
450	1028	4
450	476	4
450	775	4
450	1041	4
450	274	4
450	1092	3
450	762	3
450	49	5
450	167	5
450	725	3
450	700	1
450	801	4
450	1047	4
450	63	4
450	67	3
450	396	2
450	869	4
450	926	4
450	712	3
450	395	3
450	765	3
450	934	3
450	1435	4
450	1140	2
450	722	5
450	384	3
450	846	3
450	158	3
450	571	2
450	388	3
450	80	3
450	734	2
450	940	2
450	1425	4
450	60	3
450	714	4
450	557	5
450	1261	4
450	1402	2
450	278	5
450	794	5
450	1037	2
450	686	4
450	583	4
450	431	5
450	597	4
450	550	4
152	98	2
152	69	5
450	38	4
450	233	3
450	405	4
450	2	4
450	226	4
450	229	4
152	173	5
152	143	5
152	483	5
152	487	5
152	204	4
152	632	4
152	133	5
152	162	5
152	234	4
152	132	5
152	97	5
152	1053	5
152	33	5
152	739	5
152	559	1
152	367	3
152	504	4
152	549	4
152	161	5
152	781	5
152	51	4
152	157	5
152	944	4
152	778	3
152	699	5
152	451	5
152	1136	5
152	371	4
152	720	5
152	527	4
152	49	5
152	167	5
152	1041	5
152	80	5
152	67	5
152	1035	4
152	410	4
406	419	1
406	191	5
406	79	3
406	662	3
406	521	3
406	607	4
406	526	5
406	1065	2
406	183	5
406	651	3
406	421	4
406	1073	3
406	22	3
406	195	5
406	1267	3
406	431	3
406	197	4
406	164	5
406	601	3
406	727	3
406	605	5
406	188	4
406	317	4
406	1220	3
406	506	4
406	480	4
406	772	4
406	1153	2
406	92	4
406	602	3
406	157	3
406	1109	4
406	942	4
406	203	4
399	338	1
399	100	3
399	12	3
399	1543	3
399	817	4
399	508	3
399	651	3
399	543	3
399	9	3
399	276	3
399	1541	3
399	291	3
399	26	2
399	744	3
399	693	3
399	8	3
399	215	2
399	660	3
399	1170	3
399	42	2
399	1060	3
399	486	3
399	462	3
399	919	2
399	237	3
399	454	3
399	372	3
399	527	3
399	47	3
399	1246	1
399	151	2
399	379	3
399	813	3
399	274	3
399	93	3
399	79	3
399	284	2
399	2	3
529	269	3
529	307	5
529	310	4
529	286	4
529	333	4
529	300	4
529	689	2
529	332	4
529	258	4
529	323	4
529	873	4
529	690	3
529	292	4
529	343	3
529	340	1
529	331	4
529	268	5
529	319	4
529	682	4
529	328	4
529	326	4
529	880	4
529	270	4
529	1038	4
529	327	4
529	288	4
529	321	4
529	309	3
529	984	4
529	886	4
529	322	4
529	749	4
529	294	4
529	876	3
529	271	4
529	324	2
529	245	3
529	991	1
529	301	4
529	325	3
529	260	4
529	875	4
529	264	2
913	430	2
913	466	3
913	117	1
457	175	5
457	91	4
457	218	4
457	568	4
457	132	5
457	436	4
457	631	4
457	164	4
457	356	4
457	66	4
457	679	4
457	770	4
457	133	4
457	709	5
457	729	4
457	65	5
457	143	5
457	956	4
457	44	4
457	214	5
457	378	4
457	792	4
457	582	5
457	372	4
457	234	5
457	732	4
457	636	4
457	640	4
457	448	4
457	402	4
457	566	4
457	393	3
457	584	4
457	699	4
457	53	4
457	1168	5
457	162	5
457	226	3
457	386	3
457	959	4
457	451	4
457	949	3
457	366	4
457	54	4
457	755	4
457	569	3
457	1221	4
457	27	4
457	739	4
457	94	3
457	417	4
457	664	4
457	38	3
457	554	4
457	1210	4
457	783	3
457	145	3
457	231	4
457	155	4
457	623	3
457	722	4
457	219	4
457	401	3
457	720	3
457	62	3
457	775	3
457	1030	2
457	1029	3
457	758	2
457	373	2
457	452	3
457	388	2
457	120	2
457	1140	2
457	395	2
457	769	2
457	540	3
457	1037	2
457	453	2
457	157	5
457	825	5
457	500	5
457	96	5
457	527	5
457	98	5
457	405	5
457	428	5
457	209	5
457	172	5
379	64	5
379	385	2
379	97	3
379	435	5
379	131	5
652	333	4
652	300	4
652	294	2
652	307	4
652	288	2
652	879	3
652	301	1
652	748	3
652	538	4
652	286	3
652	245	4
652	259	2
652	328	4
652	323	3
652	984	2
652	282	4
652	275	4
652	257	2
652	96	4
652	125	2
652	395	3
652	699	5
755	690	5
755	300	4
755	294	3
755	937	4
755	310	4
755	269	5
755	286	5
755	880	4
755	258	5
755	881	1
755	340	1
755	299	2
755	288	1
755	311	4
755	331	3
755	302	4
755	301	3
755	319	3
755	327	2
755	872	1
755	879	4
755	887	3
755	304	4
755	328	4
755	245	4
755	322	3
755	289	1
755	271	1
755	538	4
755	938	3
755	875	1
755	264	2
755	343	3
755	689	3
755	323	4
755	688	3
755	259	3
755	748	4
890	385	4
890	435	5
890	102	3
890	625	3
890	173	4
890	237	3
890	451	2
890	662	3
732	300	4
732	269	5
732	286	5
732	690	5
732	304	5
732	882	5
732	332	5
622	294	3
732	873	5
732	243	5
732	937	4
732	245	4
732	288	4
732	324	2
732	305	2
732	875	1
732	938	1
732	322	3
732	289	3
732	321	3
732	294	3
622	408	5
622	100	5
622	250	4
622	277	4
622	7	5
622	117	4
622	845	3
622	1	3
622	1216	4
622	24	4
622	249	5
622	742	3
622	240	3
622	248	4
622	125	3
622	276	4
622	257	3
622	283	4
622	127	5
622	280	3
622	298	4
622	109	5
622	284	1
622	15	4
622	993	4
622	685	2
622	405	4
622	833	4
622	121	1
622	111	4
622	1016	3
622	763	4
622	253	3
622	532	3
622	106	2
622	756	3
622	978	2
622	363	4
622	866	2
622	252	1
622	1079	2
622	118	1
622	472	3
622	597	5
622	105	3
622	934	2
622	977	2
622	195	5
622	519	3
622	165	5
622	79	5
622	181	5
622	185	3
622	168	4
622	69	4
622	511	4
622	184	5
622	855	3
622	144	5
622	56	5
622	156	5
622	199	5
622	83	5
622	427	4
622	482	3
622	22	4
622	705	3
622	588	4
622	207	5
622	28	3
622	153	4
622	496	4
622	1149	3
622	135	4
622	99	4
622	693	4
622	385	5
622	178	4
622	209	5
622	8	4
622	568	4
622	96	5
622	434	4
622	215	3
622	558	2
622	204	3
622	174	4
622	375	2
622	120	1
622	101	5
622	737	5
85	250	3
622	403	4
622	231	4
622	29	4
622	541	2
622	227	3
622	228	5
622	50	5
622	230	3
622	222	5
622	380	4
622	449	2
622	450	1
622	229	2
622	62	4
279	751	4
758	751	4
76	1071	3
76	12	3
76	172	5
76	92	4
76	156	3
76	603	3
76	318	3
76	200	5
76	42	3
76	513	5
76	811	4
76	182	4
76	806	4
76	93	4
76	223	2
76	1159	3
76	628	2
76	955	4
76	385	2
76	77	2
76	121	2
76	1048	2
76	690	2
76	1155	2
76	1153	2
76	547	2
76	1157	1
76	769	1
592	268	5
592	269	4
592	242	5
592	332	3
592	302	5
592	754	3
592	303	5
592	262	5
592	286	5
592	327	4
592	324	4
592	294	3
592	875	4
592	319	4
592	292	1
592	245	1
592	748	2
76	582	3
592	881	1
592	336	1
592	328	1
592	258	5
592	343	3
592	886	3
592	340	5
592	334	3
592	333	5
592	331	3
592	895	3
592	264	2
592	288	5
592	307	4
592	306	5
76	24	2
592	339	3
592	299	1
592	259	2
592	301	1
592	682	4
592	326	4
592	289	4
592	330	3
592	877	2
592	325	2
592	322	1
592	271	4
592	338	2
592	689	2
592	1265	1
592	358	1
592	323	1
592	680	1
592	678	2
592	892	1
592	260	4
592	984	1
592	876	1
592	688	1
592	261	1
592	266	1
592	1025	1
592	342	2
592	683	1
592	890	1
592	988	1
592	457	1
592	263	1
592	681	1
592	243	1
592	312	2
592	887	5
592	297	5
592	1377	3
592	50	5
592	1143	5
592	285	5
592	547	4
592	149	4
592	150	5
592	251	5
592	408	5
592	813	4
592	273	5
592	293	5
592	124	5
592	847	5
592	14	5
592	7	5
592	127	5
592	1097	4
592	508	5
592	1	4
592	1129	5
592	24	4
592	844	4
592	237	4
592	93	4
592	298	5
592	919	5
592	236	3
592	257	4
592	475	5
592	544	4
592	458	3
592	628	3
592	137	5
592	222	1
592	1142	5
592	250	4
592	1016	4
592	109	4
592	9	5
592	116	4
592	181	3
592	100	5
592	1134	5
592	619	1
592	117	5
592	471	4
592	1319	1
592	1017	4
592	248	4
592	253	1
592	936	4
592	20	4
592	742	4
592	1008	4
592	221	5
592	224	5
592	147	4
592	1010	5
592	295	4
592	1187	4
592	1199	5
592	1012	5
592	13	5
592	276	5
592	151	4
592	591	4
592	410	5
592	455	4
592	762	5
592	129	5
592	411	2
592	287	3
592	1059	3
592	15	5
592	246	5
592	744	3
592	546	4
592	534	5
592	763	5
592	405	4
592	282	4
592	121	4
592	281	4
592	123	4
592	845	4
592	1048	3
592	1085	3
592	1514	5
592	815	3
592	1082	3
592	1009	3
592	833	4
592	235	3
592	685	2
592	1609	1
592	985	4
592	1067	5
592	1011	4
592	952	4
592	922	3
592	1047	1
592	1281	3
592	825	1
592	472	1
592	125	2
592	249	4
592	533	4
592	1079	1
592	975	4
592	1226	4
592	1023	1
592	460	3
592	1356	4
592	925	3
592	255	4
592	252	3
592	931	1
592	122	4
592	3	4
592	1258	1
592	148	2
592	291	3
592	1014	4
592	823	1
592	409	1
592	118	3
592	1315	2
592	597	2
592	1620	1
592	820	3
592	1276	1
592	1060	2
697	331	3
697	305	5
697	754	3
697	307	4
697	300	5
697	333	3
697	288	2
697	310	3
697	302	5
697	271	4
697	242	5
697	328	5
697	286	4
697	879	4
697	682	2
697	336	3
697	1022	1
697	881	2
697	301	5
697	1025	2
697	895	2
697	326	4
697	268	5
697	343	4
697	294	4
697	748	5
697	876	3
697	245	3
697	323	4
697	260	3
697	325	4
697	339	2
697	689	4
697	263	1
697	989	2
697	683	1
697	50	5
697	181	4
697	257	5
697	298	4
697	250	4
697	252	1
697	254	2
697	1089	3
697	123	5
697	222	4
697	129	5
697	628	4
697	591	4
697	742	3
697	928	3
697	979	5
697	118	3
697	975	1
697	595	4
697	121	4
697	150	5
697	283	5
697	1067	5
697	287	4
697	455	4
697	235	4
697	25	3
697	1059	2
697	763	4
697	818	4
697	833	3
697	1047	3
697	122	4
697	456	3
697	473	5
697	596	4
697	820	3
697	237	5
697	815	3
697	369	5
697	324	5
697	127	5
697	270	5
697	1	5
697	244	5
697	751	5
697	291	5
697	886	5
697	273	5
697	9	4
697	713	5
697	124	5
697	276	5
697	1245	1
697	282	4
697	125	3
697	277	5
697	107	5
697	126	5
697	284	5
697	280	3
697	546	4
697	986	1
697	225	3
697	295	3
697	246	5
697	7	5
697	1160	1
697	1012	1
378	255	4
378	381	4
378	70	4
276	750	4
276	1089	2
276	568	4
276	248	4
276	496	4
276	1172	4
276	91	5
276	230	4
276	94	2
276	1109	3
276	1208	3
622	169	5
622	64	5
622	480	4
622	98	5
622	12	5
622	730	4
622	474	3
622	95	4
622	1039	5
622	31	3
622	198	4
622	1203	3
622	175	4
622	479	4
622	196	3
622	166	5
622	11	4
622	212	3
622	89	5
622	154	4
622	194	4
622	190	4
622	210	3
622	484	3
622	172	5
622	183	4
622	132	4
622	176	4
622	433	4
622	418	3
622	9	4
622	419	4
622	521	5
622	432	5
622	213	5
622	218	3
622	173	5
622	423	3
622	506	3
622	431	5
622	30	4
622	755	4
622	143	4
622	214	4
622	402	3
622	202	4
622	159	3
622	226	4
622	1181	4
622	162	3
622	157	4
622	47	3
622	233	4
622	66	3
622	501	3
622	404	3
622	581	4
622	70	3
622	86	4
622	721	4
622	46	4
622	1231	2
622	161	3
622	367	4
622	88	3
622	82	3
622	1552	2
622	142	3
622	578	4
622	722	3
622	797	2
622	206	1
622	553	3
622	674	2
622	550	4
622	809	2
622	4	4
622	625	3
622	72	3
622	1060	3
622	1078	3
622	217	4
622	1074	2
622	451	4
622	396	1
622	49	3
622	542	2
622	2	4
622	1406	3
622	80	3
622	67	1
622	679	3
622	808	3
622	739	2
