763	730	5
763	151	4
763	625	4
763	627	3
763	375	2
763	1039	4
763	133	3
847	926	1
847	410	1
847	473	2
847	13	3
847	685	2
847	740	4
847	596	3
847	405	3
847	109	5
847	1160	4
847	108	2
847	104	3
847	826	3
847	240	1
847	220	4
847	411	1
847	120	1
847	820	1
847	928	3
847	456	1
847	369	1
847	95	4
847	185	2
847	527	2
847	1167	5
847	234	2
847	47	2
847	705	3
847	1172	1
847	172	4
847	196	3
847	11	3
847	603	3
847	204	4
847	168	4
847	180	2
847	238	2
847	56	1
847	99	2
847	448	4
847	499	4
847	480	3
847	98	4
847	645	3
847	507	3
847	198	4
847	372	5
847	144	4
847	367	3
847	218	3
847	202	4
847	195	4
847	96	4
847	173	5
847	183	4
847	89	2
847	216	3
847	228	4
847	211	4
847	609	2
847	479	3
847	501	3
847	157	1
847	426	2
847	732	4
847	39	2
847	70	3
847	482	2
847	210	3
847	219	4
847	1050	3
847	191	4
847	71	4
847	239	5
847	404	3
847	428	3
847	317	3
847	602	3
847	200	3
847	1204	3
847	444	3
847	567	3
847	578	3
847	1400	5
847	161	2
847	658	3
847	735	4
847	447	3
847	496	4
847	663	2
847	652	5
847	1031	2
847	419	3
847	133	3
847	164	3
847	8	4
847	141	3
847	135	4
847	174	4
847	88	2
847	142	3
847	716	3
847	176	3
847	66	3
847	77	4
847	568	4
847	82	4
847	153	4
847	434	3
847	485	3
847	474	4
847	79	4
847	417	2
274	319	5
274	288	4
274	294	3
274	258	5
274	748	5
274	243	2
274	300	5
274	873	3
274	877	3
274	150	5
274	275	5
274	50	5
274	117	4
274	742	4
274	181	5
274	100	5
274	9	5
274	596	3
274	276	4
274	713	5
274	591	4
274	1	4
274	471	4
274	15	5
274	628	4
274	111	4
274	25	5
274	685	5
274	255	2
274	845	5
274	762	5
274	476	4
274	1060	4
274	744	5
274	237	4
274	125	4
274	118	4
274	815	3
274	1051	4
274	282	5
274	277	4
274	405	4
274	411	3
274	472	3
274	924	3
274	546	3
274	1152	4
274	274	4
274	756	3
274	220	4
274	866	4
274	597	3
274	148	2
274	280	1
274	1163	2
274	846	2
274	496	5
274	208	4
274	1063	4
274	234	5
274	98	5
274	478	5
274	318	5
274	71	4
274	211	5
274	83	5
274	200	4
274	69	5
274	164	5
274	629	5
274	88	4
483	258	4
483	286	3
357	984	3
483	1	4
483	515	4
483	181	4
483	676	4
357	270	5
357	304	5
357	294	4
357	322	3
357	748	5
357	334	4
357	326	5
357	687	3
357	245	4
357	258	4
357	1	5
357	237	5
357	1048	2
357	117	5
483	275	4
357	273	5
357	24	4
357	147	5
357	222	5
357	471	5
357	455	5
483	116	3
357	126	5
357	7	3
357	595	4
357	713	5
357	121	5
357	150	4
357	476	3
357	685	3
357	508	5
357	283	5
357	744	5
357	864	5
357	819	4
357	742	4
357	118	5
357	284	4
357	1047	4
357	235	4
483	107	3
357	151	5
357	1028	5
357	546	5
357	111	5
357	274	4
357	125	5
357	275	5
357	405	5
357	926	4
357	473	3
357	10	5
357	280	5
357	866	5
357	123	4
357	841	3
357	412	2
357	1277	5
357	220	5
357	826	3
357	928	4
357	411	3
357	825	3
357	831	3
357	597	4
357	760	3
357	291	4
357	472	3
357	1095	3
357	1034	2
357	287	4
357	456	3
357	977	5
357	820	4
357	833	4
357	932	4
357	407	3
357	105	4
483	9	2
483	257	2
483	151	2
483	283	5
483	277	3
483	121	2
483	250	3
483	249	2
483	405	3
483	20	2
483	237	3
483	473	3
483	274	4
483	290	3
483	365	2
483	50	5
483	228	5
483	222	3
483	229	3
483	380	3
483	227	3
483	230	5
483	450	4
483	449	3
483	68	1
483	612	3
483	510	3
483	197	3
483	480	3
483	12	2
483	180	2
483	144	2
483	195	3
213	235	1
213	13	4
213	985	3
213	284	5
213	274	5
213	591	4
213	125	5
213	756	2
213	509	4
213	234	4
213	12	5
213	582	4
213	193	4
213	172	5
213	511	4
213	173	5
213	521	4
213	156	5
213	735	5
213	212	4
213	192	5
213	185	5
213	157	4
213	318	5
213	609	4
213	942	4
213	479	4
213	69	3
213	8	3
213	447	4
213	98	5
213	175	4
213	603	5
213	238	5
213	474	2
213	56	5
213	55	5
213	778	5
213	64	5
213	627	4
213	197	5
213	182	4
213	70	3
213	143	5
213	194	4
213	214	5
213	174	5
213	692	4
213	357	5
213	48	5
213	483	5
213	504	5
213	151	5
213	170	5
213	2	4
213	715	5
213	568	4
213	393	3
213	133	3
213	229	4
213	684	4
213	199	5
213	463	5
213	187	5
213	180	5
213	432	4
213	144	5
213	218	4
213	448	4
213	200	5
213	135	5
213	154	5
213	478	5
213	204	5
213	514	5
213	195	5
213	11	4
213	502	5
213	132	5
213	79	5
213	42	5
213	97	5
213	164	5
213	655	4
213	213	5
213	31	4
213	176	4
181	286	1
181	294	2
181	332	2
181	319	3
181	288	4
181	300	3
181	333	3
181	328	3
181	270	4
181	301	2
181	323	2
181	289	4
181	748	1
181	678	2
181	245	2
181	457	1
181	948	1
181	681	1
181	302	2
181	690	3
181	269	1
181	331	1
181	873	1
181	879	2
181	305	2
181	995	1
181	682	4
181	938	1
181	749	1
181	304	1
181	886	1
181	321	2
181	260	1
181	875	3
181	264	2
181	880	1
181	1280	1
181	1025	1
181	259	1
181	330	1
181	688	1
181	1265	1
181	359	1
181	877	2
181	878	1
181	258	3
181	680	1
181	326	1
181	266	1
181	336	2
181	337	1
181	358	2
181	1393	1
181	263	1
181	335	1
181	334	1
181	303	1
181	874	1
181	1392	1
181	299	1
181	262	2
181	268	1
181	327	3
181	989	1
181	1295	1
181	329	1
181	1026	1
181	937	3
181	292	1
181	881	1
181	876	1
181	984	1
181	687	1
181	322	1
181	872	1
181	990	1
181	324	1
181	991	1
181	261	1
181	243	1
181	242	1
181	325	2
181	308	1
181	988	2
181	884	1
181	1395	1
181	1394	1
181	883	1
181	1038	1
181	887	1
181	360	1
181	885	1
181	306	1
181	1022	1
181	1296	1
181	683	1
181	882	1
181	307	1
181	1385	1
181	1390	1
181	1173	1
181	251	1
181	1373	1
181	1384	1
181	1347	1
181	1068	1
181	1330	1
181	1331	1
181	1255	1
181	256	1
181	1339	1
181	1302	1
181	1367	2
181	1346	1
181	1380	1
181	1322	1
181	1317	1
181	1383	1
181	1387	1
181	1161	1
181	1386	1
181	1360	1
181	1323	1
181	1389	1
181	1350	1
181	1358	1
181	1319	1
181	1333	1
181	1391	1
181	1345	1
181	1379	1
181	1342	1
181	1252	1
181	1382	1
181	1388	1
181	1351	1
181	1378	1
181	1341	1
181	1369	1
181	1343	1
181	1359	1
181	1353	1
181	1174	1
181	1321	1
181	1348	1
181	1366	1
181	1362	1
181	1368	1
181	1338	1
181	1344	1
181	1371	1
181	1334	1
181	1340	1
181	424	1
181	1352	1
181	1328	1
181	1329	1
181	1357	1
181	1332	1
181	1349	1
181	981	1
181	1120	1
181	129	2
181	1372	1
181	1128	1
181	1320	1
181	813	2
181	1363	1
181	1242	1
181	1312	1
181	1288	1
181	1381	2
181	459	1
181	1318	1
181	593	1
181	1272	1
181	236	1
181	458	3
181	1374	1
181	1093	1
181	14	1
181	628	3
181	1	3
181	220	4
181	676	3
181	1162	1
181	1137	1
181	19	1
181	1086	1
181	1164	3
181	1364	1
181	1324	1
181	985	1
181	150	1
181	477	1
181	221	1
181	137	2
181	13	2
181	1017	1
181	980	1
181	1152	2
181	1377	1
181	1282	1
181	1087	1
181	1354	1
181	1259	1
181	1165	1
181	920	1
181	116	1
181	847	1
181	1370	1
181	124	1
181	919	1
181	1245	1
181	1067	1
181	1084	2
181	408	1
181	819	3
181	1198	1
181	126	2
181	1117	2
181	846	3
181	1051	2
181	1276	1
181	456	1
181	1375	1
181	1034	1
181	103	1
181	1081	1
181	224	1
181	121	4
181	598	1
181	508	3
181	1085	1
181	742	4
181	870	2
181	455	1
181	18	1
181	718	1
181	25	5
181	1199	1
181	9	4
181	829	1
181	766	1
181	1129	1
181	1060	1
181	927	1
181	933	1
181	149	1
181	475	2
181	274	4
181	834	3
181	744	2
181	547	1
181	1097	1
181	1202	1
181	952	1
181	275	3
181	1284	1
181	93	1
181	1171	1
181	111	3
181	864	2
181	1115	1
181	713	2
181	273	1
181	1010	1
181	1197	1
181	276	2
181	15	3
181	282	4
181	125	3
181	285	2
181	100	3
181	1325	1
181	844	1
181	1187	1
181	845	3
181	756	2
181	151	2
181	764	1
181	1047	2
181	596	4
181	104	1
181	926	1
181	1289	1
181	6	1
181	24	1
181	595	2
181	741	1
181	117	2
181	473	2
181	20	1
181	405	4
181	544	1
181	471	2
181	546	2
181	222	4
181	410	1
181	763	1
181	406	1
181	279	1
181	118	2
181	10	2
181	112	1
181	1095	1
181	146	1
181	109	1
181	284	2
181	591	4
181	476	4
181	16	1
181	237	5
181	977	1
181	1028	2
181	1040	1
181	696	2
181	291	3
181	7	4
181	866	1
181	281	2
181	983	2
181	986	2
181	832	1
181	225	3
181	407	2
181	1001	1
181	287	2
181	740	2
181	1277	2
181	1365	1
181	828	1
181	619	3
181	934	3
181	1061	2
181	1355	1
181	1094	1
181	1163	2
181	1337	1
181	932	1
181	1015	1
181	1049	1
181	929	1
181	412	2
181	1079	1
181	1002	1
181	240	1
181	1361	1
181	1134	2
181	106	2
181	1376	1
181	1291	1
181	815	3
181	924	3
181	290	2
181	235	1
181	871	2
181	147	1
181	148	2
181	840	1
181	841	1
181	1356	1
181	620	2
181	120	1
181	1011	1
181	982	1
181	833	1
181	931	1
181	928	3
181	283	3
181	1281	1
181	1335	1
181	130	1
181	413	2
181	831	1
181	743	1
181	1336	1
181	979	2
181	930	1
181	1048	2
181	409	2
181	122	2
181	597	3
181	827	2
181	411	3
181	1008	1
181	1009	1
181	123	2
181	825	1
181	1151	1
181	826	1
181	1215	1
181	105	1
181	1150	1
181	978	1
181	1327	1
181	922	1
181	824	1
181	1326	1
181	820	1
181	1114	1
181	976	1
181	363	1
181	1132	1
181	823	2
181	975	2
181	108	1
181	107	1
181	1287	1
181	818	1
181	472	1
181	1102	1
181	21	1
181	1057	2
181	1033	1
181	767	1
181	685	2
181	280	4
181	974	4
181	762	2
181	758	1
181	925	2
181	1054	2
181	369	3
181	460	1
181	370	2
181	717	1
181	760	1
181	950	1
181	278	2
181	368	1
181	1059	1
181	1052	2
181	277	1
181	3	2
267	324	3
267	294	3
267	475	5
267	250	5
267	100	5
267	124	5
267	240	4
267	7	5
267	273	4
267	127	5
267	455	3
267	980	3
267	235	3
267	742	3
267	121	3
267	147	3
267	222	4
267	515	5
267	410	4
267	926	2
267	293	4
267	597	3
267	546	3
267	3	4
267	840	4
267	824	4
267	405	3
267	685	3
267	1028	3
267	108	4
267	826	3
267	479	4
267	174	5
267	480	4
267	183	4
267	144	5
267	483	5
267	114	5
267	92	4
267	484	5
279	534	1
267	156	5
267	647	5
267	204	4
267	238	4
267	12	5
267	69	4
267	89	5
267	180	5
267	168	4
267	209	5
267	188	5
267	198	5
267	17	4
267	182	5
267	518	5
267	1401	4
267	22	4
267	176	5
267	157	5
267	189	4
267	498	5
267	654	5
267	367	4
267	403	4
267	655	4
267	98	5
267	614	5
267	554	3
267	186	5
267	65	4
267	187	5
267	195	4
267	31	4
267	789	5
267	141	4
267	128	5
267	64	5
267	203	5
267	693	4
267	727	4
267	433	5
267	179	5
267	164	3
267	214	4
267	47	5
267	202	5
267	5	3
267	210	4
267	81	4
267	228	5
267	135	5
267	226	3
267	2	3
267	56	5
267	710	4
267	230	4
267	959	3
267	642	4
267	28	4
267	175	5
267	94	3
267	229	4
267	216	4
267	559	3
267	169	5
267	218	4
267	33	5
267	77	3
267	24	5
267	715	4
267	161	4
267	233	4
267	177	5
267	55	4
267	423	3
267	53	4
267	88	4
267	239	4
267	385	3
267	943	4
267	145	4
267	265	5
267	68	4
267	470	4
267	568	4
267	550	4
267	566	3
267	155	3
267	684	4
267	227	3
267	67	3
267	579	3
267	158	4
267	231	4
267	578	3
267	944	3
267	780	4
267	739	4
267	143	4
267	1110	3
267	449	3
267	431	4
267	380	2
267	29	3
267	393	3
267	810	3
267	80	4
267	386	3
267	62	3
267	552	3
267	732	4
267	391	3
267	82	4
267	774	3
267	384	3
267	576	3
267	217	4
267	665	4
267	1090	3
267	771	3
267	54	3
267	720	3
267	1035	4
267	1185	2
267	575	3
267	622	3
267	450	2
267	411	3
267	364	2
267	1471	2
267	679	4
267	1145	3
267	1336	1
267	159	4
267	545	2
267	464	5
267	1073	5
267	1240	5
267	474	5
267	206	5
267	181	5
267	408	5
267	50	5
267	153	5
267	172	5
207	322	3
451	332	4
451	258	4
451	286	1
451	690	4
451	307	4
451	876	4
451	331	5
451	326	4
451	301	4
451	288	5
451	328	5
451	321	3
451	683	1
451	294	5
451	877	4
451	687	2
451	322	4
451	323	4
451	289	1
451	319	2
451	243	4
451	678	5
451	748	4
451	245	2
451	300	4
451	358	1
451	333	5
451	879	4
451	682	4
451	260	5
451	327	4
451	264	3
451	984	4
451	269	2
451	991	2
451	262	1
451	305	3
451	324	4
451	302	3
451	261	2
451	303	2
451	334	3
451	268	2
451	874	4
451	990	3
451	873	5
451	306	2
451	937	4
451	304	3
451	292	3
451	270	4
451	1296	3
451	335	4
451	259	4
451	330	3
451	875	2
451	299	1
451	325	3
451	329	4
451	359	2
451	881	4
451	995	1
451	938	4
451	1265	4
451	1026	1
451	886	4
451	749	3
451	1280	1
451	1025	3
451	681	1
451	988	1
451	880	1
451	1295	2
451	266	2
451	680	1
451	688	1
451	336	4
451	263	2
451	878	1
451	1392	1
451	882	1
451	1393	2
451	872	2
451	242	1
451	337	2
451	989	1
451	887	1
451	1022	4
451	360	3
451	1394	1
451	883	1
451	1395	1
451	1038	1
451	948	3
451	884	1
451	457	2
451	308	1
451	885	1
140	258	3
140	302	4
140	288	3
140	332	3
140	319	4
140	286	5
140	321	4
140	294	3
140	872	3
140	322	3
140	303	5
140	268	4
140	334	2
140	325	3
140	873	2
140	988	3
140	289	4
140	245	3
140	301	3
140	304	4
140	880	4
138	14	3
186	288	1
186	300	5
138	111	4
186	322	5
138	100	5
138	116	2
138	1	4
186	591	4
186	742	3
186	291	4
186	298	3
186	121	2
186	100	4
138	150	3
138	137	5
186	983	3
186	925	5
186	717	3
186	118	2
186	106	2
138	285	4
138	742	4
138	117	4
186	406	1
186	977	3
138	13	4
138	222	4
138	151	4
138	15	4
186	295	2
186	595	3
186	281	4
186	79	5
186	56	3
186	12	1
186	31	4
186	203	5
186	939	5
186	44	5
186	55	4
138	121	4
186	263	3
186	1083	1
186	684	4
186	117	5
186	250	1
186	1042	5
186	1016	5
186	566	5
186	356	5
186	226	5
186	1277	4
186	405	3
186	470	5
186	77	5
186	159	5
186	38	5
186	1046	3
186	554	1
138	147	4
186	770	2
138	487	3
138	185	4
186	53	1
186	1213	3
186	385	4
186	237	2
138	497	5
138	182	4
138	209	4
186	934	3
186	1385	2
186	550	4
186	568	4
186	540	4
138	133	4
138	523	5
138	519	5
138	496	4
138	187	5
138	513	5
138	98	5
138	514	5
186	294	3
186	243	2
138	484	4
138	662	4
138	617	4
186	225	4
138	318	5
138	211	4
138	614	4
138	603	4
138	194	5
186	1033	3
138	45	5
138	435	5
138	12	5
138	56	5
138	26	5
138	509	4
138	517	4
138	483	5
138	357	4
138	518	4
138	474	5
186	820	2
186	1336	3
138	493	4
138	238	5
138	602	4
186	596	4
186	71	5
186	95	3
186	588	4
257	258	3
257	269	3
257	288	3
257	286	5
257	289	4
257	324	5
257	307	4
257	301	3
257	475	5
257	275	4
257	224	4
257	14	5
257	116	3
227	288	2
227	319	4
227	286	3
227	1007	4
227	124	4
227	126	4
227	244	3
227	13	5
227	273	3
227	7	5
227	276	4
227	100	5
227	475	4
227	137	5
227	1068	4
227	50	4
227	116	4
227	150	3
227	285	4
227	295	5
227	127	4
227	129	5
227	748	1
227	293	5
227	9	3
227	19	4
227	294	3
227	93	5
227	14	4
227	1017	4
227	741	3
227	117	2
227	25	4
227	221	4
227	1067	4
227	823	2
227	1010	3
227	250	2
227	756	3
227	287	4
227	15	4
227	106	3
227	249	2
227	1143	4
227	1028	2
227	1047	2
227	1011	4
227	934	2
227	411	4
227	240	1
227	121	2
227	405	2
227	460	2
227	274	4
227	324	4
227	1008	4
431	307	3
881	323	2
881	322	4
881	14	1
881	826	1
881	240	1
881	129	4
881	620	2
881	476	2
881	456	1
881	763	3
881	1057	1
881	120	2
881	411	3
881	1215	1
881	108	3
881	106	4
881	831	2
881	409	4
506	678	3
506	295	4
102	326	3
102	612	4
455	292	3
455	620	3
455	1160	4
455	1265	3
455	475	4
455	293	4
455	25	3
455	125	3
455	1197	4
455	277	4
455	20	3
455	276	4
455	124	4
455	1174	3
455	282	3
455	628	4
455	1086	3
455	471	4
455	118	4
455	257	4
455	147	4
455	405	3
455	744	3
455	1137	3
455	237	3
455	591	4
455	250	3
455	291	3
455	597	3
455	924	3
455	934	3
455	281	3
455	148	3
455	462	3
455	144	3
455	234	4
455	98	4
455	435	4
455	504	4
455	288	2
455	1034	2
455	301	2
455	1028	2
455	42	2
455	546	3
455	15	2
455	252	3
455	82	5
455	164	4
455	56	5
455	694	4
455	87	3
455	523	4
455	11	3
455	511	5
455	197	5
455	95	4
455	200	5
455	647	4
455	12	3
455	1167	4
455	228	4
455	447	4
455	70	3
455	7	4
455	135	5
455	204	4
455	692	3
455	428	4
455	531	3
455	230	3
455	518	4
455	58	3
455	117	3
455	8	4
455	39	2
455	28	4
455	629	3
455	65	3
455	239	3
455	747	4
455	191	5
455	213	4
455	660	4
455	939	4
455	709	3
455	724	3
455	22	4
455	64	4
455	159	3
455	318	3
455	77	4
455	584	4
455	662	4
455	223	4
455	127	5
455	770	3
455	193	4
455	317	3
455	96	4
455	170	3
455	89	3
455	40	3
455	24	3
455	627	3
455	1136	3
455	123	3
455	196	4
455	463	4
455	529	3
455	174	4
455	581	3
455	4	3
455	2	4
455	241	4
455	455	3
455	423	5
455	183	4
455	17	3
455	385	3
455	553	3
455	173	4
455	31	4
455	69	4
455	176	3
455	582	2
455	52	3
455	942	4
455	172	4
455	372	4
455	71	3
455	161	4
455	214	3
455	393	3
455	265	4
455	47	2
455	755	3
455	738	3
455	382	3
455	716	3
455	568	4
455	549	4
455	217	4
455	402	4
455	79	4
455	53	1
455	97	5
455	736	3
455	57	4
455	727	3
455	778	4
455	449	4
455	380	3
455	44	3
455	465	3
455	550	4
307	687	1
307	401	1
307	1140	2
307	121	1
307	831	1
76	270	3
76	293	4
14	285	5
14	9	4
14	18	3
14	596	3
14	477	4
14	93	3
14	14	3
14	408	5
14	276	4
14	15	4
14	523	4
14	524	5
14	428	4
14	186	4
14	175	5
14	168	4
14	173	4
14	514	4
14	56	5
14	42	4
14	238	5
14	204	5
14	663	5
14	792	5
14	716	5
14	430	5
14	70	1
14	211	4
14	709	5
14	210	5
14	655	5
14	382	5
299	1073	4
299	175	5
276	270	4
207	1272	3
154	258	3
154	288	3
154	286	4
154	302	4
154	242	3
154	333	3
154	324	2
154	289	2
154	874	3
154	61	4
154	174	5
154	515	4
154	137	3
154	50	5
154	919	4
154	640	5
154	357	4
154	945	3
154	182	5
154	651	4
154	172	4
154	474	5
154	175	5
154	480	5
154	462	3
154	641	5
154	482	4
154	479	4
154	488	4
154	523	5
154	191	4
154	200	5
154	475	4
154	152	4
154	222	2
154	496	3
154	414	4
154	89	5
154	642	3
154	211	4
154	185	5
154	143	3
154	135	5
154	197	5
154	708	4
154	527	4
154	806	4
154	238	5
154	187	5
154	484	4
154	202	3
195	242	4
699	1068	3
699	1143	3
699	13	4
699	283	4
699	678	3
699	544	4
699	109	3
699	1643	3
699	1061	3
699	760	3
699	24	3
699	1284	3
699	20	4
699	929	3
699	323	4
699	1060	3
699	685	3
699	324	4
699	977	2
699	471	3
699	243	2
699	1013	3
233	462	5
699	546	3
233	70	5
699	985	3
699	870	3
699	825	3
699	3	3
699	250	4
699	285	4
699	252	4
699	1163	5
699	325	5
699	1328	4
699	458	4
699	1187	4
699	118	4
699	117	4
699	370	3
699	275	3
699	16	3
145	302	4
145	331	3
145	269	5
145	270	5
145	682	3
145	683	3
145	678	2
145	983	1
145	928	3
145	123	4
145	591	4
145	979	3
145	767	2
145	977	3
10	321	4
10	294	3
860	1061	3
455	126	5
927	328	4
927	300	5
927	1014	3
927	477	3
927	409	4
927	255	4
927	222	5
927	1093	4
927	125	4
927	7	3
927	257	5
927	820	4
927	25	3
927	240	3
927	111	4
927	1089	5
927	237	4
927	15	5
470	268	2
470	258	4
470	319	3
470	288	4
470	286	4
470	294	3
470	305	4
470	327	3
470	919	3
470	813	3
470	283	5
470	273	3
470	100	4
470	9	5
470	221	4
470	1084	3
470	137	3
470	150	5
470	1	3
470	295	3
470	293	4
470	742	4
470	235	3
470	124	3
470	1134	4
470	1097	3
470	50	5
470	7	3
470	13	4
470	93	4
470	129	3
470	458	4
470	475	4
470	1067	4
470	257	4
470	847	3
470	471	5
470	277	4
470	276	5
470	285	3
470	118	4
470	950	3
470	222	3
470	824	4
470	291	2
470	19	4
470	544	3
470	284	4
470	952	3
470	508	5
470	546	4
470	125	4
927	118	5
927	24	3
927	1284	4
927	278	1
927	274	1
927	1047	4
927	756	4
927	815	3
927	405	5
927	826	4
927	819	3
927	866	4
927	535	3
927	763	4
927	105	1
927	456	2
927	412	1
927	411	4
927	1095	2
927	928	4
927	69	4
927	8	4
927	195	4
927	11	5
927	204	4
927	28	4
927	588	5
927	95	5
927	56	4
927	154	3
927	228	5
927	79	3
927	417	4
927	96	5
927	174	3
470	874	3
470	360	2
470	246	2
470	248	3
470	181	4
927	410	1
927	501	4
927	67	4
927	71	5
533	514	3
533	480	4
533	603	4
533	484	3
533	474	3
533	792	3
533	462	2
533	91	2
533	527	4
533	521	3
533	663	5
533	135	3
533	194	4
533	357	3
533	133	5
533	181	5
533	174	4
533	609	4
533	172	4
533	479	4
533	87	4
533	132	5
533	526	2
533	182	3
533	31	3
533	177	4
533	228	4
533	176	1
927	739	3
927	625	3
533	234	2
533	48	4
533	427	4
533	208	4
533	210	5
927	426	4
533	293	3
927	1	5
533	230	4
533	265	3
533	227	4
95	289	2
533	684	4
533	44	4
533	443	3
533	226	4
533	229	4
533	53	1
533	566	4
533	356	4
533	218	2
533	38	2
533	554	1
533	449	4
533	450	5
533	77	4
927	229	3
533	654	3
533	23	3
533	525	3
533	168	4
533	216	4
533	692	4
533	88	4
533	83	2
533	70	4
533	202	4
533	8	3
533	430	5
533	367	2
533	211	4
927	560	2
533	382	1
533	47	1
533	580	3
533	26	3
927	1178	2
533	1041	2
533	393	4
927	402	4
533	204	4
533	239	3
533	778	4
533	72	2
533	94	4
533	1177	1
533	582	3
533	127	5
533	28	4
533	191	4
927	755	5
95	137	3
533	126	4
533	9	4
533	10	2
533	111	4
533	151	3
533	240	1
533	13	3
533	475	1
533	1	4
95	24	3
533	14	3
533	713	2
95	25	3
533	284	1
533	15	4
533	742	4
533	1033	4
533	508	4
95	237	2
533	871	2
533	1028	2
533	546	3
533	118	4
533	405	3
533	740	4
95	275	3
533	121	4
533	823	4
533	117	5
533	597	3
533	109	2
533	756	4
533	237	2
533	286	4
533	294	4
533	322	4
533	319	3
95	683	4
95	286	5
95	181	4
95	151	4
95	473	4
927	168	4
927	420	5
95	742	4
533	687	2
533	243	3
95	117	4
927	385	4
95	596	2
927	542	2
95	815	3
927	395	3
927	393	5
927	72	5
95	3	1
95	1047	3
95	274	4
927	471	4
927	155	4
95	290	3
95	111	4
927	29	5
95	121	4
95	405	3
927	132	2
927	403	4
562	286	4
927	421	4
95	597	3
562	323	2
562	318	3
562	1	2
927	210	5
562	133	2
562	636	2
95	15	4
95	127	4
562	98	4
562	181	3
562	435	4
562	357	1
562	480	4
562	56	1
562	114	1
562	427	4
562	806	1
562	141	4
927	41	4
562	148	5
927	99	2
562	416	5
562	477	4
95	976	2
562	132	4
562	418	5
927	780	1
927	374	4
927	38	5
562	511	2
562	89	1
562	229	1
562	514	1
562	73	4
562	66	1
562	230	1
562	483	4
562	393	2
562	153	4
927	768	4
562	458	2
562	1126	4
562	143	5
562	485	5
562	462	5
562	432	5
562	402	5
562	234	5
562	135	5
562	185	5
562	194	5
562	1039	4
562	197	4
562	174	5
562	191	5
562	591	4
95	510	4
927	449	4
95	68	4
95	174	5
95	79	4
927	143	3
95	228	4
95	195	5
562	582	4
562	727	5
927	380	5
927	227	2
927	552	4
562	204	1
95	96	4
95	176	3
95	511	4
95	161	3
562	173	5
95	89	3
95	188	3
95	62	4
95	128	3
95	233	4
562	127	5
562	82	5
95	241	3
95	229	3
95	177	3
95	82	3
95	385	4
562	79	4
562	144	5
562	550	4
562	50	5
562	190	4
562	161	3
562	231	1
95	403	1
562	720	4
562	118	3
562	566	4
562	385	2
95	232	4
95	720	2
95	679	2
95	226	4
95	265	3
562	684	4
562	4	1
95	636	1
95	391	2
95	546	2
95	210	5
562	5	4
562	218	4
95	651	5
95	566	2
95	568	4
562	443	5
95	431	3
562	501	5
95	449	3
95	665	2
562	88	5
562	504	4
95	550	4
95	554	3
927	738	3
927	401	2
95	172	4
927	571	3
927	1415	4
927	91	4
927	217	1
95	209	4
95	737	3
95	462	4
95	153	5
927	63	4
927	1229	3
927	82	2
95	7	5
95	50	5
95	14	5
95	144	5
95	472	5
95	183	5
95	515	5
95	257	5
95	1	5
95	98	4
927	722	3
95	1126	4
95	498	3
95	48	4
95	204	5
95	523	4
95	135	3
95	28	4
95	175	5
95	194	5
95	211	3
95	178	5
95	64	5
927	404	4
95	509	4
95	491	4
95	448	3
95	58	3
5	163	5
95	432	3
95	234	2
95	185	3
95	65	4
927	775	3
95	168	4
95	1101	2
95	520	4
5	394	2
5	376	2
927	761	3
95	655	4
95	716	3
95	215	4
95	67	2
95	95	3
5	40	4
95	191	5
95	73	4
5	410	1
95	202	4
95	182	2
95	69	5
5	24	4
95	971	3
95	8	5
95	239	3
95	357	4
95	51	4
95	208	4
95	196	4
95	692	4
95	193	3
95	436	5
95	419	4
95	173	5
95	49	3
927	158	2
95	97	4
927	138	4
95	483	3
95	657	5
95	496	4
95	443	3
95	588	3
95	101	1
95	52	4
95	1229	2
95	203	3
5	457	1
5	388	2
5	442	1
5	453	1
5	395	2
95	1018	3
927	94	2
95	140	3
927	1035	4
927	422	4
927	623	3
927	294	5
927	541	5
927	64	5
927	230	5
927	367	5
927	742	5
927	568	5
927	121	5
927	1016	5
927	288	5
307	1065	3
307	161	3
307	196	3
307	505	3
307	204	3
307	195	3
307	22	3
307	193	3
307	660	3
307	100	3
689	328	5
689	260	3
65	258	3
65	328	4
65	651	4
65	69	3
65	70	1
65	64	5
65	806	4
65	511	4
65	135	4
65	661	4
65	179	3
65	97	5
65	429	4
65	196	5
65	365	3
65	65	3
65	47	2
65	582	3
65	423	5
65	427	5
65	526	4
65	28	4
65	197	5
65	655	4
65	735	4
65	956	4
65	191	4
65	356	5
65	660	5
65	778	4
65	402	4
65	736	4
65	1044	3
65	378	5
65	9	5
65	15	5
65	1129	4
65	1	3
65	476	3
65	7	1
65	237	4
65	294	4
65	1142	4
65	111	4
65	25	4
65	255	3
65	471	4
65	121	4
65	125	4
65	100	3
65	178	5
65	215	5
65	77	5
65	48	5
65	87	5
65	676	5
65	239	5
65	50	5
65	392	5
65	318	5
65	56	3
65	173	3
65	168	4
65	202	4
65	211	4
65	194	4
65	393	4
65	216	4
65	210	4
65	63	2
65	88	4
65	1041	3
65	66	3
65	514	4
65	73	4
65	435	4
65	531	4
65	98	4
65	238	3
65	185	4
552	286	4
552	258	4
552	300	4
552	988	3
552	243	3
552	748	4
552	873	3
552	294	4
552	301	4
552	322	3
552	323	2
552	336	3
552	288	2
552	181	3
552	515	3
552	127	4
552	7	3
552	237	4
552	14	4
552	1048	3
552	756	2
552	1	3
552	100	4
552	222	4
552	455	3
552	257	3
552	248	4
552	25	3
552	628	3
552	225	3
552	126	4
552	864	3
552	50	4
552	280	3
552	866	3
552	1152	3
552	252	2
552	411	3
552	826	2
552	977	3
552	123	3
552	410	3
552	284	3
552	1620	3
552	742	4
552	240	2
552	282	3
552	274	3
552	932	3
552	1051	3
552	13	3
552	111	3
552	151	3
552	405	3
552	281	3
552	760	3
552	471	3
552	934	3
552	250	3
552	815	3
552	249	3
552	845	3
552	717	3
552	147	3
552	117	3
552	591	3
552	1278	3
552	1315	3
552	148	3
552	125	3
552	15	3
552	118	3
552	1014	4
552	1047	3
552	412	2
552	619	3
552	291	2
552	121	4
552	926	2
552	1362	3
552	829	3
552	1095	3
552	620	3
552	1277	3
799	286	5
799	690	3
799	258	5
799	319	4
799	292	4
799	321	4
799	289	3
799	748	2
799	331	4
799	306	4
799	307	3
799	499	4
799	45	4
799	174	5
799	1545	4
799	1063	4
799	479	5
799	127	4
799	654	5
799	484	3
799	427	5
799	173	5
799	191	3
799	50	4
122	269	5
122	511	5
122	175	5
122	357	3
122	28	4
122	513	4
122	191	5
122	519	4
122	429	3
122	427	3
870	591	2
870	1267	2
870	4	2
870	1074	2
870	42	2
870	692	2
870	722	2
870	88	2
870	1041	2
870	549	2
870	79	4
870	210	4
870	487	4
870	208	4
870	558	4
122	135	4
122	661	4
122	510	4
122	83	5
122	180	5
870	96	4
870	746	3
870	647	4
122	127	5
122	11	1
122	190	4
122	187	4
122	86	5
122	792	3
122	387	5
122	197	5
122	509	4
122	69	2
122	673	3
122	464	5
122	699	5
122	46	5
122	212	5
122	1045	4
122	708	5
122	193	4
122	736	4
122	70	5
122	469	5
122	582	5
122	660	3
122	57	2
122	215	4
122	214	2
122	724	4
122	1113	5
122	382	3
122	1268	2
122	239	4
122	715	5
122	553	3
122	1119	3
122	1267	4
122	378	4
122	423	4
122	403	4
122	727	4
122	570	3
122	956	4
122	737	4
122	470	3
122	1074	4
122	1168	4
122	1044	5
307	511	5
307	154	5
307	1022	4
307	215	4
307	81	5
307	214	5
307	71	5
307	114	5
307	143	3
307	181	5
307	708	4
307	132	4
307	269	4
307	402	2
307	64	4
307	163	3
307	634	3
307	99	4
307	174	4
307	580	4
307	164	4
307	91	4
307	631	3
307	423	5
307	186	5
307	169	5
307	433	5
307	145	4
307	463	5
307	258	5
307	89	5
307	172	5
307	173	5
307	474	5
307	109	5
307	168	5
307	209	5
307	462	4
307	50	5
283	294	4
283	50	5
283	100	4
283	109	4
283	151	4
283	125	5
283	409	4
283	845	4
283	1079	4
283	412	5
283	1114	5
283	455	4
283	288	2
283	407	3
283	21	3
283	24	4
283	1487	2
283	1009	3
283	676	3
283	866	3
283	291	2
283	820	4
283	432	5
283	95	5
283	588	4
283	91	5
283	71	4
283	627	4
283	625	3
283	216	4
283	210	5
283	435	5
283	70	4
283	173	5
283	56	5
283	202	5
283	709	5
283	168	5
283	186	5
283	204	4
283	83	4
283	659	5
283	208	5
283	732	4
283	175	4
283	209	4
283	211	4
283	194	4
283	393	4
283	238	5
283	42	5
283	49	4
283	433	4
862	258	5
862	748	4
862	288	5
862	260	5
862	678	4
862	271	5
862	111	5
862	117	5
862	515	4
862	977	4
862	252	3
862	546	4
862	24	4
862	276	5
862	1011	5
862	282	5
862	405	2
862	250	5
862	257	5
862	10	5
862	845	4
862	742	5
862	105	3
862	979	5
862	919	4
212	269	3
212	268	5
212	286	4
862	472	5
862	831	3
862	928	4
212	127	2
212	246	5
212	515	4
862	978	3
862	476	4
862	1009	4
862	982	4
212	317	5
862	825	5
862	1117	4
862	866	4
862	597	3
862	1199	2
862	820	4
212	197	5
212	645	3
212	427	4
862	767	4
212	191	3
212	86	4
212	199	5
862	930	5
862	407	3
862	406	4
212	863	2
862	823	4
212	527	5
212	318	5
212	631	5
212	382	5
212	528	5
862	413	4
862	120	3
212	180	1
212	87	5
212	423	4
212	735	4
212	179	1
212	511	4
862	974	2
862	544	5
862	151	5
862	127	5
862	1093	5
862	222	5
862	147	5
862	100	5
862	121	5
862	50	5
862	7	5
862	172	5
862	435	5
862	69	5
862	61	5
862	208	2
862	205	4
862	483	5
862	193	4
862	201	3
862	519	4
862	64	5
862	657	5
862	647	5
862	210	4
862	969	5
862	485	5
862	179	5
862	434	5
862	216	5
862	603	5
862	433	4
862	498	4
862	520	4
862	173	5
862	198	5
862	89	5
862	658	5
862	168	4
862	429	5
862	182	5
862	12	5
862	484	4
862	185	5
862	566	3
862	22	5
862	79	5
862	197	4
862	526	4
862	651	5
862	202	5
862	238	4
862	215	4
862	462	4
862	187	4
862	176	5
862	45	4
862	174	5
862	633	5
862	474	5
862	143	5
862	199	5
862	480	5
862	91	5
862	521	5
862	135	5
862	491	3
862	196	5
862	568	3
862	183	5
862	214	3
862	98	5
862	195	5
862	496	5
862	432	5
862	650	4
862	789	5
862	132	5
862	265	5
862	200	5
862	505	4
862	655	5
862	177	4
862	1109	5
862	478	4
862	211	5
862	92	5
862	96	4
862	99	4
862	228	5
862	495	4
862	184	2
862	180	5
862	467	4
862	60	5
862	97	4
862	186	3
862	181	5
862	11	4
862	175	5
862	70	4
862	59	5
862	56	3
862	357	3
862	81	5
862	82	4
862	141	4
862	423	4
862	230	3
862	203	4
862	188	5
862	559	4
862	431	5
862	1050	5
862	479	4
862	416	3
862	640	3
862	436	4
862	737	4
862	1110	5
497	257	4
497	248	4
497	3	4
497	864	3
497	240	4
497	249	5
497	926	2
497	274	3
497	108	3
497	763	3
497	25	4
497	122	1
497	105	2
497	1047	3
497	407	2
497	1052	2
497	408	4
497	1	4
497	114	4
497	169	4
497	71	4
497	189	4
497	95	4
497	501	2
497	588	4
497	432	3
497	91	2
497	420	3
497	418	3
497	946	4
497	627	3
497	625	3
497	99	3
497	101	4
497	1240	5
497	19	4
497	24	4
497	237	3
497	553	2
497	692	3
497	216	3
497	197	3
497	451	2
497	90	4
497	549	4
497	724	5
497	781	3
497	97	4
497	1041	3
497	739	4
497	731	3
497	49	3
497	402	4
497	155	3
497	298	3
497	181	5
497	222	3
497	50	5
497	127	5
497	250	3
497	121	4
497	1016	4
497	273	4
497	7	3
497	405	3
497	118	4
497	597	3
497	363	2
497	472	3
497	252	3
497	1615	3
497	840	3
497	182	4
497	96	4
497	174	4
497	172	5
497	55	3
497	195	4
497	22	5
497	161	5
497	33	4
497	79	4
497	230	2
497	188	3
497	651	4
497	176	4
497	177	4
497	228	3
497	82	4
497	385	3
497	568	3
497	684	3
497	144	4
497	184	3
497	183	4
497	187	5
497	11	3
497	4	3
497	431	4
497	229	2
497	232	3
497	89	4
497	68	4
497	679	3
497	265	4
497	403	3
497	233	2
497	231	3
497	2	1
497	227	2
497	399	4
497	226	3
497	62	4
497	550	4
497	849	2
497	39	3
497	562	2
497	810	3
497	720	2
497	566	3
497	808	2
497	578	4
497	38	3
497	665	2
497	449	2
497	826	3
497	373	4
497	540	2
497	1303	2
651	302	5
651	332	3
651	294	1
651	286	4
651	292	2
651	127	4
651	276	4
651	116	2
651	515	5
651	285	4
130	271	5
719	890	1
719	127	3
719	50	2
719	282	4
719	742	4
719	620	4
719	118	2
719	254	1
719	64	5
719	223	5
719	520	5
719	660	5
719	318	5
719	510	4
719	69	5
719	378	4
719	357	4
719	423	3
719	87	2
719	655	4
719	215	4
719	97	3
719	77	3
719	392	4
719	509	2
719	402	4
719	58	3
719	214	2
719	382	2
719	673	3
719	162	4
719	468	3
8	258	5
8	294	3
8	301	4
8	259	1
8	336	3
8	260	3
497	741	4
497	291	3
497	123	3
8	358	2
8	243	2
8	688	1
497	928	3
497	98	4
497	603	3
497	185	3
497	31	3
8	457	1
8	341	2
8	687	1
497	234	2
497	1077	4
497	657	3
497	156	5
497	164	4
8	689	4
8	338	4
497	12	4
497	943	4
497	642	3
497	1046	3
497	54	3
497	77	3
497	802	2
8	651	5
8	187	4
8	127	5
8	172	5
8	385	1
8	89	4
8	50	5
497	552	3
497	1042	3
497	1157	2
497	1210	4
497	53	3
8	174	5
8	56	5
8	22	5
8	96	3
8	181	4
8	511	5
8	190	4
8	182	5
497	450	2
497	452	2
8	568	4
8	183	5
8	11	3
8	510	4
8	435	5
8	177	4
8	176	5
8	403	4
8	144	5
8	55	5
8	79	4
8	228	5
8	273	3
8	195	5
8	210	4
8	7	3
497	413	3
497	758	2
8	686	3
8	684	4
8	222	5
8	82	5
8	188	5
8	550	3
8	229	5
8	431	2
497	200	3
497	569	2
497	559	4
497	217	4
497	145	4
497	774	4
497	441	2
8	518	4
8	233	4
8	241	4
8	227	4
8	685	4
8	566	3
497	440	1
497	769	3
497	590	2
497	526	3
497	128	4
497	510	3
497	570	3
497	391	3
497	541	4
497	29	4
497	1228	2
497	797	3
497	809	3
497	1407	3
497	1419	2
497	771	4
497	743	3
497	204	3
497	66	3
497	790	2
497	721	3
497	944	3
497	70	4
497	805	3
497	72	3
497	239	4
497	367	4
497	67	3
497	393	4
497	73	3
497	372	4
497	783	3
497	792	3
497	940	2
497	722	3
497	384	2
497	63	3
497	575	3
497	386	2
497	1177	1
497	167	2
497	94	3
497	765	3
497	80	3
497	163	2
497	780	2
497	1185	1
497	364	3
497	545	3
497	1092	3
497	725	3
497	388	4
497	719	3
497	795	1
497	395	4
497	577	2
497	225	3
497	151	3
497	87	3
497	622	2
497	28	3
497	423	3
497	465	3
497	141	3
497	416	2
497	584	4
497	417	2
497	951	2
497	139	3
497	1415	2
497	1555	2
497	1030	1
853	286	3
853	271	3
853	302	4
853	292	4
853	333	4
853	334	3
853	340	1
853	328	3
853	300	5
853	690	2
853	301	1
853	307	1
853	270	4
853	304	4
853	288	4
853	880	5
853	331	2
853	332	3
853	682	4
853	877	2
853	322	3
853	748	2
853	258	3
853	323	3
853	326	2
853	879	4
853	327	3
888	286	5
888	269	5
888	100	4
888	191	5
888	180	4
853	259	3
853	294	2
853	358	1
888	792	5
888	644	4
888	202	4
888	111	4
888	869	4
853	873	3
853	330	1
853	245	3
853	1280	4
853	299	4
605	286	4
605	300	2
605	269	4
888	137	4
888	69	4
605	302	4
605	340	4
888	153	4
888	514	5
605	288	5
853	887	2
853	264	3
853	688	3
853	678	4
605	294	4
605	873	3
605	325	2
888	631	4
605	301	3
64	288	4
64	879	3
64	340	4
64	333	3
64	269	5
64	326	3
64	258	3
64	748	1
64	300	3
853	1025	4
853	261	3
605	260	4
605	879	3
888	237	5
888	280	3
64	265	4
64	157	4
64	381	4
888	762	5
888	535	4
888	274	4
64	705	5
64	385	4
64	847	3
64	100	4
64	527	4
64	652	2
64	48	5
64	480	3
64	275	4
64	71	3
533	283	3
605	1	4
605	124	3
605	471	3
605	117	2
605	9	4
605	276	4
533	19	3
533	846	2
533	476	2
533	411	2
533	1291	1
533	934	3
533	122	1
533	412	1
533	1001	1
533	120	1
533	824	1
533	931	2
605	275	4
64	1	4
64	127	5
64	151	3
605	295	4
605	127	5
605	293	3
605	678	1
605	245	3
641	258	3
641	270	3
641	268	4
641	303	3
641	305	5
641	301	4
641	336	3
641	338	3
641	285	5
641	198	5
641	514	4
641	134	5
641	657	4
641	427	4
641	432	5
641	83	4
641	865	5
641	50	3
641	192	4
641	528	4
641	513	5
641	434	4
641	483	5
641	59	4
641	969	4
641	497	5
641	242	5
641	1194	3
641	558	5
641	484	5
641	124	4
641	203	4
641	496	2
641	511	5
641	64	4
641	1039	4
641	89	4
641	23	5
641	30	4
641	209	4
155	328	2
155	288	3
155	872	3
155	331	3
155	286	4
155	300	2
155	319	3
155	321	4
155	324	2
155	327	2
155	292	3
155	245	2
155	306	5
155	332	2
155	326	2
155	990	3
155	294	3
155	748	2
155	322	2
155	988	2
155	323	2
155	325	2
62	271	1
62	288	2
62	270	2
62	302	3
62	258	5
62	328	3
62	875	4
62	306	4
62	475	4
62	273	4
62	1129	5
62	276	5
62	9	4
62	50	5
62	127	4
719	121	1
62	100	4
62	129	3
62	508	4
62	7	4
62	298	4
62	744	3
62	3	3
62	275	4
62	125	4
62	845	3
62	181	4
62	257	2
62	250	5
62	285	4
62	249	2
62	116	3
62	222	5
62	952	3
62	117	4
62	237	3
62	283	4
719	240	1
62	1012	3
62	24	4
62	676	3
62	15	2
62	13	4
62	151	5
62	111	3
62	20	4
62	455	3
62	1	2
62	286	3
62	1128	2
62	763	1
62	14	4
62	1009	4
62	147	3
62	121	4
62	1134	2
62	742	2
62	235	4
62	1060	1
62	290	3
62	118	2
62	1016	4
62	473	4
62	281	3
62	546	4
62	405	3
62	472	2
62	924	1
62	685	2
62	866	2
62	1028	1
62	294	1
62	245	2
62	597	2
62	252	3
62	225	3
62	1132	2
62	827	2
62	21	3
62	931	1
62	98	4
62	114	4
62	509	4
62	238	5
62	511	4
62	12	4
62	474	4
62	191	5
62	188	3
62	64	4
62	171	4
62	318	5
62	199	4
62	423	3
62	527	4
62	55	5
62	168	5
62	56	5
719	456	1
62	204	3
62	462	2
62	483	4
62	176	5
62	134	4
62	172	5
62	97	2
62	8	5
62	22	4
62	59	4
62	651	4
62	498	4
62	170	3
62	209	4
719	659	4
719	216	4
62	195	5
62	70	3
62	180	4
62	196	4
62	69	4
62	76	4
62	955	4
62	44	3
62	228	3
62	1077	3
62	4	4
62	89	5
62	210	4
62	215	3
62	86	2
62	71	4
62	65	4
62	153	4
62	157	3
62	190	5
62	521	5
62	357	4
62	173	5
62	1073	4
62	582	4
62	33	1
62	466	3
62	144	3
62	514	3
62	96	4
62	856	4
62	128	2
62	183	4
62	512	4
62	463	4
62	174	4
62	164	5
62	179	4
62	68	1
62	431	2
62	83	5
62	699	4
62	132	5
62	443	3
62	135	4
62	568	3
62	528	5
62	28	3
62	182	5
62	91	4
62	464	4
62	1131	3
62	747	3
62	959	4
62	921	2
62	81	4
62	673	2
62	213	4
62	652	4
62	605	3
62	815	3
62	729	3
62	82	4
62	216	4
62	655	3
62	710	3
62	739	2
62	704	2
62	660	4
62	1118	3
62	47	4
62	382	3
62	241	1
62	554	1
62	403	4
62	433	5
62	1018	3
62	380	5
62	207	3
62	451	3
62	421	5
62	723	2
62	230	2
62	159	3
62	72	3
62	62	3
62	227	1
62	162	4
62	436	3
62	402	3
62	448	2
62	715	2
62	708	3
62	559	3
62	697	4
62	716	4
62	1136	3
62	229	3
62	232	3
62	664	4
62	702	2
62	365	2
62	387	2
62	569	1
62	1107	1
62	1135	2
62	712	4
62	949	4
237	286	3
62	53	2
62	1074	4
237	134	5
237	474	5
237	98	4
237	357	4
237	513	5
237	176	3
62	1133	4
237	489	4
237	100	5
237	483	5
237	169	5
62	217	2
237	58	4
237	408	5
237	238	4
237	28	4
62	665	2
62	774	1
237	502	4
237	705	3
237	525	4
237	423	4
237	499	2
237	479	5
237	190	4
237	197	4
237	211	4
62	541	3
237	494	4
237	187	3
237	485	4
237	1192	5
237	659	4
237	199	4
237	23	4
237	528	5
62	78	2
62	155	1
237	183	5
237	514	4
237	179	4
237	83	4
237	127	5
237	178	4
237	64	5
62	1130	4
237	153	3
237	498	4
62	1091	3
62	138	1
62	401	3
62	167	2
237	9	4
237	180	4
237	656	4
237	174	4
237	185	4
237	191	4
237	603	5
870	713	4
870	9	5
870	10	4
870	1134	4
870	124	4
870	458	1
870	1008	3
870	148	2
921	288	3
921	328	5
921	294	4
921	245	1
921	322	3
921	304	2
921	323	4
921	678	5
921	181	5
921	1016	4
921	280	3
921	237	3
921	845	4
921	1	3
921	240	1
921	15	4
921	275	1
921	282	2
921	121	5
921	924	3
921	25	3
921	125	3
921	405	3
921	471	2
921	147	3
921	257	3
921	1060	2
921	815	5
921	284	4
921	274	4
921	151	3
921	1047	1
921	472	2
921	24	3
921	111	4
921	1028	4
921	411	2
921	929	1
921	252	4
921	1279	2
921	760	2
921	762	2
921	763	3
921	369	1
921	820	3
921	1287	1
921	122	2
921	1051	3
921	1034	3
921	934	3
921	96	4
921	215	4
921	778	3
921	194	3
921	79	4
921	72	4
921	136	4
921	185	3
921	69	4
921	395	3
921	254	3
921	410	2
921	422	3
921	71	4
921	1317	2
921	560	2
921	276	1
921	367	4
921	50	4
921	227	3
921	230	3
921	380	4
921	720	4
921	222	5
921	932	3
921	400	4
921	1032	5
921	419	5
921	143	5
921	797	3
921	128	1
921	728	3
699	322	3
699	748	2
699	991	3
699	308	4
699	878	3
699	321	3
583	286	4
583	268	5
583	258	4
583	276	4
583	483	5
583	513	5
583	519	5
583	708	5
583	83	4
583	663	4
583	195	4
583	198	4
583	530	4
583	100	5
583	209	4
583	200	5
583	55	4
583	655	5
583	175	5
583	602	4
583	7	5
583	12	5
583	524	5
583	239	2
583	265	4
583	357	5
583	425	5
233	202	5
605	528	5
605	180	4
605	143	1
605	523	5
605	135	5
605	475	3
605	527	4
605	210	3
605	22	4
605	531	4
605	496	5
605	582	4
605	133	5
605	237	3
605	70	3
605	174	3
605	521	5
605	282	4
605	238	1
605	153	4
605	508	5
605	137	5
605	64	5
605	69	5
605	98	5
605	483	5
605	100	5
605	79	5
605	132	5
605	187	5
605	754	3
605	111	3
605	274	3
605	1040	2
605	934	4
605	318	5
605	215	3
605	357	5
605	191	5
605	601	5
605	176	4
605	526	5
605	15	5
605	949	5
605	371	5
605	14	5
605	597	3
876	286	5
876	288	3
876	289	3
876	294	4
876	878	2
876	511	5
876	276	4
876	187	4
876	19	5
876	178	4
876	174	4
876	523	5
876	527	5
876	604	5
876	238	4
876	318	5
876	435	4
876	529	4
876	22	4
876	531	4
876	48	5
605	121	1
605	930	2
605	405	3
605	118	3
605	831	1
605	546	2
605	827	3
376	268	3
376	301	3
376	321	3
376	328	3
376	289	3
48	269	1
48	309	3
48	286	3
48	323	3
370	302	5
370	269	5
48	690	4
48	306	4
48	294	3
370	294	1
48	289	1
370	321	2
48	259	4
48	308	5
370	322	3
48	243	3
48	680	3
370	323	2
906	286	5
906	307	3
906	300	3
48	266	3
48	988	2
906	991	3
906	321	4
370	257	5
906	270	4
376	154	4
370	56	2
370	613	2
370	174	3
370	390	1
370	114	3
48	603	4
48	483	5
48	183	5
48	428	4
376	603	4
376	514	4
370	497	3
370	657	3
370	265	5
48	427	4
48	480	4
48	357	5
48	28	2
48	1063	3
48	527	4
370	525	4
370	705	3
48	1064	4
48	136	4
48	523	5
48	656	4
48	519	3
370	173	3
370	14	3
370	116	3
370	137	4
370	50	4
48	174	5
48	56	3
48	50	4
48	479	4
48	524	3
370	64	4
370	210	3
370	135	4
370	222	3
376	705	3
376	707	4
376	357	4
376	663	3
48	193	2
48	215	4
48	423	4
370	31	3
48	433	3
48	496	5
48	202	4
48	172	5
48	1065	2
48	654	5
48	228	3
370	175	3
370	511	4
370	604	4
48	609	4
48	185	4
48	194	4
48	647	4
48	650	3
370	181	4
370	22	4
370	153	2
906	7	3
906	285	5
906	100	4
906	9	4
48	425	3
48	529	4
48	71	3
370	134	4
370	608	4
370	433	3
370	425	3
906	273	4
370	480	4
370	493	5
370	195	4
48	170	4
48	132	5
48	210	3
48	522	2
370	835	5
370	183	4
370	484	4
370	98	4
48	209	5
48	528	5
48	191	5
48	511	5
48	195	5
48	98	5
48	187	5
48	181	5
48	302	4
48	661	5
370	52	4
370	514	4
370	199	4
370	136	4
370	523	3
370	435	3
370	856	3
370	494	3
370	659	4
370	923	4
370	427	5
370	607	5
370	193	4
419	286	4
419	269	4
370	285	3
906	408	4
906	124	4
906	1009	2
370	176	4
370	661	5
419	306	5
370	603	5
370	107	4
906	475	3
906	742	3
906	276	5
906	10	4
419	300	4
906	125	4
906	1011	4
906	221	4
370	631	4
370	12	4
370	170	4
370	238	4
370	443	5
370	100	4
370	423	4
370	678	4
370	650	5
370	172	4
906	15	3
906	471	3
906	740	4
906	676	5
370	57	5
370	209	5
370	42	3
906	237	4
906	277	3
906	129	4
906	284	4
419	257	4
419	405	3
419	275	5
906	287	5
906	744	4
906	283	4
419	50	5
906	405	3
906	628	5
906	117	4
419	79	4
419	1	4
419	604	5
419	191	4
906	473	4
906	121	4
310	258	3
419	69	4
419	617	4
419	174	5
419	173	5
419	705	5
419	28	3
906	823	3
906	544	4
310	304	5
419	488	5
419	89	3
419	100	5
419	1451	4
419	134	5
310	748	3
419	212	1
419	494	3
419	197	5
906	696	4
906	240	3
310	1022	5
419	223	4
419	514	4
419	478	5
419	615	5
419	181	4
419	14	5
558	286	4
558	124	4
558	275	4
558	1068	2
558	137	4
558	744	4
310	251	5
310	832	1
310	222	3
558	9	4
558	283	3
558	14	4
310	116	5
310	181	4
310	275	5
310	536	4
558	15	3
310	1386	1
310	50	5
310	24	4
310	14	5
310	740	4
558	508	5
558	19	5
558	100	5
558	269	4
558	847	4
558	285	5
558	20	5
558	116	5
558	936	5
558	253	5
310	1142	5
310	274	3
310	845	5
310	257	5
310	294	1
302	307	4
302	748	1
302	258	3
302	303	2
302	333	3
302	270	2
302	301	4
302	309	2
302	328	3
302	289	3
302	323	2
302	988	2
302	322	2
302	271	4
302	245	2
302	294	1
302	299	2
302	879	2
302	266	2
302	358	3
302	680	2
211	687	2
211	457	4
211	286	4
211	303	3
338	286	4
338	310	3
338	269	4
338	306	4
338	294	1
338	990	4
338	301	4
895	748	3
895	294	4
895	328	4
895	301	4
895	988	3
895	885	2
895	181	5
895	13	5
895	1	4
895	222	3
895	100	4
895	275	5
503	303	5
503	269	5
503	319	3
503	306	5
503	321	2
895	283	4
895	284	3
895	50	5
338	275	5
338	204	3
338	83	2
503	1194	5
503	137	5
895	1014	3
895	117	3
338	215	3
338	483	4
338	211	4
895	597	2
895	151	5
338	480	5
338	514	5
895	742	4
338	133	4
338	654	5
338	484	5
338	1	3
338	132	2
503	14	3
503	127	5
503	50	5
338	497	3
503	286	3
338	792	4
338	100	4
338	169	5
338	216	4
338	607	4
338	168	3
338	513	5
338	208	3
503	124	5
503	1	5
338	479	5
338	213	5
338	498	4
503	10	5
503	283	5
338	650	5
338	606	3
338	490	5
503	20	5
338	1124	4
338	170	5
503	19	5
503	181	5
503	475	2
338	604	4
503	100	5
503	297	5
338	523	3
338	516	5
503	13	3
503	221	5
338	174	4
338	486	3
503	740	5
503	275	5
503	293	4
338	582	5
338	427	4
338	488	5
338	525	4
338	189	4
533	435	4
533	483	4
338	511	4
338	197	5
533	192	3
338	86	4
338	517	5
503	237	4
338	196	2
338	478	3
338	180	4
533	380	4
338	56	3
338	134	5
785	269	5
785	288	3
533	169	4
533	12	4
533	98	4
503	116	5
785	301	4
338	135	5
338	408	5
338	494	3
338	443	5
503	277	4
785	886	3
338	613	3
338	435	4
338	212	4
338	194	3
385	286	3
321	474	4
321	496	4
321	603	5
321	134	3
321	1194	5
321	64	3
321	479	4
338	663	5
338	708	5
338	474	4
385	340	4
321	170	4
321	56	4
321	604	5
321	127	3
338	143	2
533	97	2
533	385	4
503	405	3
503	546	4
503	25	4
590	754	3
338	603	5
338	52	5
321	498	5
321	647	3
785	294	4
785	748	3
503	121	3
338	79	4
338	462	4
590	19	5
590	124	5
590	1129	3
590	285	5
785	995	3
533	203	4
338	175	4
338	382	5
338	945	4
533	96	4
533	747	5
590	744	4
321	50	4
321	221	5
321	7	4
785	661	3
785	168	4
785	496	4
785	137	2
533	187	4
503	823	2
590	100	5
321	19	4
321	14	3
503	130	5
533	318	5
533	69	4
533	568	5
533	498	4
533	143	4
533	186	3
590	14	5
321	124	3
321	287	3
503	1317	4
590	137	5
590	150	5
321	100	4
707	1176	2
590	298	2
590	237	3
785	56	4
321	286	4
590	111	3
590	15	3
533	215	4
385	304	3
797	286	2
785	174	5
785	22	4
797	269	3
785	423	2
533	22	4
533	489	4
590	515	3
590	9	3
590	13	4
385	874	3
47	269	4
47	258	4
47	286	3
785	195	4
47	292	4
785	79	4
321	283	3
321	276	3
707	303	3
707	294	2
707	286	5
797	327	2
797	309	3
533	528	4
321	1331	4
785	50	5
797	300	2
47	268	4
47	289	4
47	262	5
47	302	5
47	321	4
47	305	5
785	209	3
590	676	4
533	921	2
533	496	5
47	324	3
47	340	5
47	288	2
47	322	2
47	874	3
533	195	4
590	547	4
707	319	5
707	242	4
707	1022	3
797	243	2
797	294	3
797	748	1
415	269	4
47	307	4
47	303	4
47	306	4
590	293	3
415	328	5
415	258	4
797	336	2
797	328	2
797	259	3
785	69	4
785	1	4
785	12	4
533	673	3
47	683	3
47	304	3
590	6	5
533	708	2
321	730	3
707	305	5
797	687	2
797	307	2
590	116	5
590	1017	4
533	66	4
533	82	4
533	1147	3
415	323	2
415	322	4
797	988	1
797	948	1
785	1050	3
785	318	4
785	183	5
590	274	3
590	591	3
590	1014	3
533	378	4
797	127	4
415	754	4
797	50	5
590	126	5
533	550	4
533	549	4
533	403	3
533	43	4
590	284	2
590	476	3
415	748	5
797	257	5
797	298	3
797	181	5
590	282	2
590	255	1
533	180	3
533	193	4
533	190	2
533	511	4
533	134	4
533	56	3
533	659	4
707	882	4
415	243	1
707	995	4
590	244	3
797	990	2
533	161	4
533	451	2
533	65	4
385	337	4
590	1009	3
533	371	3
590	125	3
797	1023	3
533	949	4
785	152	4
785	273	3
321	736	4
321	663	2
590	546	1
590	1061	2
797	1254	2
321	190	4
590	130	1
590	864	1
533	627	2
797	781	5
321	116	3
415	684	3
415	432	4
415	479	4
321	419	4
321	143	3
707	311	4
385	285	5
385	236	2
590	127	4
590	286	5
590	275	4
590	287	4
590	248	4
590	475	4
590	1331	4
590	740	4
590	276	4
590	221	4
321	483	5
321	30	4
321	215	3
385	127	4
321	182	3
415	531	5
415	136	5
415	195	5
321	514	4
321	48	4
321	175	3
533	676	5
385	293	3
385	224	2
385	256	4
385	508	2
321	224	3
321	855	3
321	430	3
797	340	2
797	720	2
321	45	4
321	87	3
321	527	3
321	135	4
321	485	4
321	199	4
415	1524	5
415	180	5
415	483	5
321	197	5
321	432	5
321	705	3
321	357	4
321	611	4
321	435	5
321	1126	3
321	497	5
415	174	5
415	204	4
415	56	5
415	154	4
321	131	4
385	253	3
385	181	1
321	478	4
321	83	4
321	198	4
321	654	4
385	1007	3
415	185	4
415	480	5
415	641	3
385	283	2
385	100	4
385	251	2
385	1353	4
385	276	3
321	213	4
321	515	5
321	633	5
321	275	4
321	205	5
321	530	4
321	211	4
321	615	5
321	480	4
321	607	4
385	1010	3
385	50	1
385	151	2
385	1097	5
385	919	4
321	20	3
385	1160	2
385	1012	3
385	1129	5
385	257	3
321	484	5
321	207	3
321	186	4
321	526	3
321	382	3
321	631	4
385	111	2
361	258	3
361	286	5
321	86	4
321	531	4
321	462	4
321	513	4
321	510	5
321	494	4
47	301	4
321	212	3
321	529	4
321	132	5
361	514	5
361	83	3
361	194	4
361	435	5
361	150	2
361	652	4
361	655	3
47	323	2
47	327	4
321	191	3
361	1103	4
361	168	4
361	100	5
361	517	5
361	70	4
361	524	4
321	499	3
321	614	3
321	463	3
321	704	3
47	995	3
47	1022	3
321	8	4
321	9	4
361	813	4
361	475	4
361	430	5
361	367	3
361	502	4
361	238	4
361	186	3
361	285	4
361	56	4
361	204	4
361	47	4
361	179	4
361	531	5
361	207	4
385	273	2
361	165	5
361	190	5
385	473	3
804	310	4
804	307	4
804	328	4
385	533	4
361	170	5
361	213	5
361	166	4
361	60	4
321	133	5
321	52	3
321	180	4
385	1008	4
321	173	4
361	14	4
361	59	4
361	639	4
321	1101	3
321	657	4
804	988	4
385	290	3
321	523	3
321	59	4
361	275	4
361	283	4
804	322	5
804	748	4
804	678	4
804	259	4
385	250	3
385	455	4
321	32	3
321	89	3
385	24	3
804	243	3
804	984	4
361	197	5
361	237	4
361	97	4
361	451	3
361	727	3
361	1119	3
361	216	5
321	491	3
321	153	4
321	863	3
804	1025	4
804	323	4
361	762	2
361	949	4
361	694	4
361	692	4
361	173	5
804	260	2
804	358	3
385	458	3
385	249	2
804	50	4
385	235	5
361	26	3
361	202	3
361	86	4
361	212	5
361	319	5
804	181	5
804	127	3
321	942	3
321	60	4
321	511	4
385	405	2
361	111	3
361	707	4
361	421	3
361	709	5
361	88	4
361	934	3
321	659	4
385	871	1
804	250	4
804	515	5
361	155	3
361	387	3
361	1152	2
804	257	5
361	794	3
361	274	3
89	321	4
321	1028	2
361	66	4
361	739	4
804	292	2
804	294	5
804	1016	4
321	493	4
321	174	3
321	61	5
804	245	4
804	1244	2
804	252	4
89	875	3
321	651	3
321	193	3
361	90	2
361	781	2
361	737	4
361	1074	3
361	1041	2
361	402	3
361	49	3
804	1615	4
804	254	4
321	521	2
361	12	4
361	603	5
361	513	5
361	98	5
361	23	5
361	176	4
361	273	3
361	504	4
361	185	5
361	684	4
321	194	3
804	993	2
361	156	4
361	525	4
361	443	3
361	654	4
361	55	2
361	222	2
361	657	5
89	277	4
89	100	5
361	129	4
361	183	4
361	234	4
361	203	5
361	228	4
361	466	4
361	673	4
361	79	4
89	93	2
89	275	5
89	475	5
89	15	5
321	709	4
321	216	4
385	480	5
385	945	5
385	23	5
361	218	3
361	659	5
361	121	2
361	148	1
89	845	2
89	137	1
89	127	5
321	1050	3
321	507	3
321	428	4
321	519	4
385	357	4
385	1536	5
804	153	4
804	510	5
361	53	2
361	742	1
361	770	3
361	226	3
89	117	5
89	14	4
804	423	3
804	56	3
804	210	5
89	237	4
385	173	4
385	176	2
385	427	4
804	228	4
804	198	5
89	952	2
89	236	5
804	208	5
361	498	4
361	705	5
361	50	5
361	28	3
361	276	4
89	7	5
385	656	5
385	12	3
804	357	5
804	204	4
804	318	5
804	216	4
89	150	5
89	111	4
385	523	4
361	178	5
361	611	4
361	527	4
804	174	5
804	523	5
361	333	2
361	269	4
89	762	3
89	181	4
89	222	5
804	98	5
89	151	5
804	474	4
804	89	4
385	194	3
385	496	2
385	134	5
385	705	3
385	479	5
804	479	4
89	283	4
89	240	4
385	1021	5
385	160	4
385	318	2
385	61	2
385	175	4
89	405	3
804	154	3
385	520	3
385	606	4
385	488	5
804	79	4
804	558	3
804	483	5
89	25	5
89	815	4
804	213	3
804	654	3
89	235	5
89	121	5
385	1128	3
89	13	2
804	96	5
804	432	3
89	221	1
804	176	4
804	128	5
426	754	1
804	1065	3
804	177	5
804	238	4
804	184	5
385	482	3
385	56	5
385	204	1
385	55	2
385	187	4
385	133	1
804	215	5
804	196	4
804	527	4
804	192	4
426	289	2
385	48	5
89	107	5
426	332	4
361	340	3
385	89	4
385	209	4
385	79	3
385	58	4
385	511	4
804	529	4
804	81	4
426	641	4
426	648	3
426	609	3
426	492	5
426	705	5
804	646	4
804	513	5
804	603	5
385	114	5
385	461	4
385	659	4
385	498	3
385	87	3
804	187	4
804	496	5
426	511	4
426	133	5
426	510	4
426	489	5
426	617	3
385	201	4
385	47	4
804	82	5
804	647	5
804	172	4
804	230	4
804	64	5
426	631	3
804	191	4
804	164	4
385	429	4
385	483	4
385	153	4
385	81	3
426	606	5
426	318	5
426	174	3
804	97	4
804	480	5
804	202	4
426	504	4
426	605	4
426	132	4
426	136	4
385	654	5
385	238	5
804	188	4
385	168	3
385	657	4
385	172	2
804	239	4
804	692	5
804	443	5
804	203	4
426	191	4
426	659	4
426	204	3
426	100	4
804	55	4
426	657	5
426	208	4
385	98	4
385	486	2
385	732	3
385	604	4
804	4	4
804	91	4
426	483	5
426	50	4
426	525	4
426	673	4
385	1069	4
385	128	5
804	498	5
804	199	5
804	1050	3
804	161	4
804	10	4
804	615	5
804	180	4
385	197	4
385	208	3
385	504	4
804	655	4
804	121	4
804	168	5
53	199	5
53	64	5
385	136	3
804	173	4
804	151	3
804	662	4
804	205	4
804	194	4
804	143	3
385	59	2
804	25	4
53	96	4
728	286	3
728	748	3
53	100	5
53	25	4
804	71	4
804	209	3
53	24	3
804	195	5
53	568	4
804	23	4
385	215	2
385	484	4
385	199	3
53	174	5
53	228	3
53	156	4
804	639	4
804	222	5
385	1506	4
385	419	2
728	319	3
804	434	4
804	425	4
53	258	4
804	1	5
385	558	2
385	433	4
385	177	4
728	323	3
804	186	4
804	588	4
804	969	4
804	468	4
426	200	2
426	491	4
426	199	5
426	494	3
426	651	4
426	182	2
426	1020	4
385	428	3
385	180	4
385	183	3
804	431	4
804	160	4
804	284	4
804	742	4
426	482	5
426	427	5
426	98	4
728	289	3
728	322	4
804	1056	4
426	488	5
426	478	4
426	654	5
426	524	4
426	474	4
804	495	3
804	31	4
804	511	4
804	526	4
804	663	5
804	568	4
728	678	4
728	304	4
426	496	3
426	653	4
804	157	4
804	234	4
426	1079	3
728	243	2
426	481	5
53	284	2
53	250	2
843	271	5
843	258	4
843	300	3
843	690	5
843	270	4
804	87	4
804	11	4
53	50	4
804	99	4
804	616	3
385	32	5
385	30	5
53	7	3
53	151	4
53	15	5
804	514	4
385	514	4
385	661	4
53	181	4
804	528	4
385	408	5
53	845	3
385	144	3
385	435	3
385	727	1
804	197	4
804	227	4
804	70	4
102	879	3
385	1158	5
385	447	3
728	25	4
728	237	4
728	546	2
728	287	4
728	124	3
843	56	3
843	675	5
385	99	2
385	497	5
385	1495	3
53	257	4
385	92	3
385	503	3
385	42	1
53	118	4
385	205	2
53	628	5
728	1355	4
728	508	4
53	281	4
728	282	4
728	471	4
728	116	4
843	672	3
843	234	4
843	164	3
843	7	5
843	447	2
843	637	2
843	448	4
843	218	2
843	443	4
53	924	3
385	693	4
385	811	4
385	1121	4
385	671	3
728	742	4
728	117	4
728	871	2
728	100	5
53	121	4
53	748	2
53	1087	4
53	546	4
843	185	3
843	217	4
385	385	1
385	500	4
385	745	4
728	15	4
843	674	2
843	436	2
843	219	2
843	379	2
728	147	4
843	444	2
843	452	2
843	446	3
843	53	2
843	860	3
728	285	4
843	800	4
843	561	4
843	665	3
843	569	1
843	413	2
843	551	3
843	288	4
843	635	2
843	590	3
843	440	1
843	441	2
843	563	2
843	145	3
843	667	2
804	455	5
804	123	4
843	98	3
843	657	3
804	7	4
804	125	4
804	237	4
804	841	4
804	235	5
804	928	4
843	431	3
843	228	4
843	230	3
804	405	4
804	826	3
804	763	4
804	411	3
804	24	5
804	290	4
843	183	5
804	108	3
804	291	4
843	636	4
843	222	3
804	1047	3
804	476	3
804	831	3
843	226	3
843	265	3
804	546	3
804	473	4
804	118	4
843	227	3
843	229	3
804	413	4
804	1060	3
804	925	4
804	685	4
843	159	2
843	628	2
843	581	3
804	240	4
843	77	2
804	756	3
804	472	3
804	926	4
804	597	3
804	456	3
843	121	3
804	982	4
804	981	3
804	932	3
804	105	3
804	120	3
426	178	4
426	608	4
426	429	5
426	99	4
426	428	2
426	168	3
843	450	2
843	449	3
804	929	3
843	1157	3
804	930	3
804	820	4
804	1291	3
426	519	4
426	848	4
426	836	3
426	1064	4
804	1079	4
804	406	3
804	824	3
426	613	3
426	671	4
426	432	3
426	1116	4
426	211	4
426	661	4
426	1204	4
426	601	3
426	404	3
804	32	3
804	135	3
804	22	5
804	504	3
804	631	3
426	603	5
426	480	5
426	493	4
804	435	3
804	632	3
804	193	4
843	298	2
804	670	4
426	527	3
426	610	4
804	175	4
804	609	3
385	191	2
426	135	3
426	663	4
426	614	4
426	435	3
426	486	3
804	419	3
385	367	4
426	484	5
843	210	3
843	174	4
843	181	3
843	530	3
843	89	5
843	50	3
385	525	4
843	96	3
843	144	3
843	172	3
843	195	4
804	282	4
804	433	4
426	607	4
426	23	4
426	526	4
426	1451	4
426	196	4
843	182	2
804	444	4
843	566	3
843	177	3
843	188	2
804	951	3
804	156	4
804	737	3
426	616	4
426	134	4
426	646	3
843	82	3
843	385	3
843	515	3
804	1101	3
804	211	4
804	739	4
426	197	4
426	633	4
804	566	4
843	679	4
426	143	3
426	835	3
426	490	4
426	418	3
804	746	4
804	134	4
804	69	4
804	144	4
804	185	4
804	414	4
843	161	2
843	62	4
426	205	4
426	194	4
804	182	4
843	403	2
