500	237	3
500	1010	4
500	1160	5
500	762	4
500	1009	4
500	1048	3
541	173	5
541	168	4
541	659	5
500	845	4
500	846	3
500	405	4
500	235	5
541	210	5
500	763	3
500	118	3
500	121	3
500	125	3
500	740	3
500	284	3
541	477	4
541	73	4
541	393	3
500	1226	4
541	88	3
500	117	4
500	25	3
500	3	4
500	1008	4
500	274	3
500	411	2
500	120	3
500	476	2
500	252	2
500	930	3
541	66	4
541	1041	3
500	370	3
500	532	4
500	1047	3
500	1324	2
500	409	4
500	831	3
541	476	5
541	1185	2
541	756	4
541	63	3
541	235	1
541	763	3
541	90	4
541	399	3
541	274	4
541	781	5
541	110	4
541	585	2
541	1047	2
541	376	3
541	1036	2
541	395	2
83	25	2
83	756	4
83	235	1
83	866	3
83	828	3
83	412	1
83	832	3
83	1165	2
83	1016	4
83	323	4
83	252	4
83	338	4
83	248	3
83	862	4
83	781	4
83	993	2
83	259	2
83	751	3
385	896	5
83	580	4
83	240	1
541	174	4
541	79	5
541	82	3
541	38	3
541	62	4
541	118	4
541	121	3
541	405	3
541	810	3
541	826	3
500	275	1
500	183	4
500	134	5
500	89	4
500	174	2
500	59	4
500	182	2
500	216	4
500	168	4
500	709	4
500	172	2
500	443	4
500	58	3
500	448	3
500	208	4
500	179	4
500	98	4
500	479	5
500	517	4
500	69	4
500	223	4
500	238	4
500	498	4
500	531	3
500	611	5
500	514	5
500	735	4
500	56	5
500	708	5
500	483	4
500	151	3
500	28	3
500	42	5
500	1166	4
500	45	4
500	509	4
500	202	4
500	204	3
500	210	3
500	836	5
500	582	4
500	82	4
500	175	5
500	371	4
500	425	4
541	234	5
500	170	5
500	714	2
500	164	4
541	452	3
500	215	1
500	584	1
500	1111	4
500	60	5
500	964	4
500	529	4
500	8	4
541	1	4
541	143	4
541	8	5
541	404	4
541	418	5
541	584	3
541	500	4
541	95	4
541	140	5
541	501	4
541	588	4
541	419	5
541	91	5
500	97	4
500	462	4
500	568	1
541	465	4
541	71	5
541	432	4
541	755	5
541	625	4
541	151	3
541	99	4
541	417	4
541	420	4
541	627	4
541	946	5
541	1035	3
500	781	3
500	640	4
541	142	5
541	102	4
541	623	3
541	1409	4
541	622	3
541	1091	3
500	469	4
541	1078	4
541	1412	1
500	660	2
500	196	4
541	812	3
541	560	3
500	522	4
500	135	5
500	727	2
541	278	2
500	282	4
500	143	3
500	39	4
500	31	4
500	557	3
500	639	4
541	654	3
500	996	1
500	211	3
500	464	4
500	30	4
500	421	4
500	729	4
541	931	3
500	402	3
500	423	3
500	70	4
500	387	2
500	61	4
541	543	4
500	1195	4
500	1616	4
500	559	4
500	699	3
500	1135	3
500	721	1
500	381	4
500	386	3
500	234	3
500	133	3
500	1018	3
500	77	3
500	393	3
500	367	3
500	44	1
500	88	4
500	662	2
500	49	4
500	217	4
106	1028	3
500	971	5
106	274	3
500	72	4
870	315	2
870	182	5
106	285	4
500	1469	1
500	396	3
500	159	2
500	755	3
500	1069	4
500	569	4
500	412	1
500	553	2
106	15	3
106	9	4
500	739	2
500	768	2
106	280	2
500	62	3
500	665	3
500	552	1
500	122	3
106	1115	4
500	821	2
500	43	3
106	828	2
500	780	3
500	827	2
106	107	4
500	775	1
500	161	2
500	94	2
106	244	4
500	554	3
106	275	4
500	407	3
500	1057	3
500	1311	1
500	383	3
607	887	3
607	487	4
607	100	4
607	483	4
607	485	3
607	435	3
607	474	4
607	174	3
607	498	4
607	137	4
607	211	5
607	494	5
607	528	4
607	482	5
607	180	4
607	511	5
607	238	4
607	19	3
607	222	3
607	847	4
607	950	3
607	107	4
607	275	4
607	475	4
607	121	2
607	311	4
607	707	4
607	213	4
607	855	4
607	529	4
607	212	3
607	86	4
607	45	4
607	382	3
607	462	4
607	56	5
607	30	4
699	10	4
699	222	3
699	1615	3
226	286	4
226	270	4
226	258	5
226	242	5
226	480	4
226	179	4
226	408	5
226	169	5
226	176	4
226	203	5
226	652	3
226	109	4
226	150	4
226	474	3
226	56	4
226	92	2
226	507	2
226	209	3
226	98	5
226	174	4
226	191	4
226	89	5
226	513	3
226	12	5
226	509	4
226	182	1
226	180	4
226	28	4
226	23	3
226	97	3
226	527	4
226	69	4
226	7	4
226	24	4
226	147	3
226	405	4
226	224	4
226	14	5
226	275	3
226	283	2
226	9	5
226	236	3
226	596	3
226	713	5
226	508	4
226	813	4
226	25	4
226	370	3
226	1117	3
226	250	4
279	901	4
472	890	4
472	689	4
472	455	4
472	742	5
472	678	4
472	826	3
472	1079	4
472	743	4
472	1095	4
472	120	5
472	1002	4
472	931	2
195	213	4
195	921	3
846	258	3
846	270	3
846	269	5
846	748	3
846	294	3
846	289	4
846	271	5
846	288	4
846	302	5
846	268	4
846	751	5
846	601	5
846	210	5
846	527	5
846	69	5
846	513	5
846	657	5
846	485	5
846	493	5
846	431	5
846	494	5
846	514	3
846	496	3
846	178	4
846	134	4
846	79	4
846	180	5
846	265	5
846	194	4
846	479	4
846	176	4
846	190	5
846	135	4
846	638	4
846	519	4
846	239	4
846	96	4
846	181	5
846	177	3
846	492	3
846	228	5
846	44	1
846	174	5
846	168	5
846	12	5
846	318	5
846	604	4
846	95	3
846	464	2
846	317	3
846	430	3
846	478	4
846	429	2
846	525	4
846	524	3
846	173	4
846	98	4
846	507	3
846	480	5
846	498	4
846	136	3
846	8	4
846	490	4
846	241	4
846	511	5
846	83	4
846	199	5
846	187	4
846	127	5
846	61	3
846	491	3
846	699	3
846	357	4
846	603	5
846	474	5
846	526	4
846	520	5
846	89	5
846	50	5
846	615	5
846	56	5
846	510	4
846	523	4
846	191	5
846	484	5
846	175	5
846	1124	4
846	183	4
846	1451	4
846	211	2
846	82	2
846	218	4
846	654	5
846	23	4
846	182	5
846	651	3
846	735	2
846	204	3
846	71	4
846	205	5
846	684	5
846	705	3
846	195	4
846	521	3
846	483	5
846	482	5
846	421	4
846	1286	4
846	792	4
846	1069	4
846	504	5
846	64	4
846	558	4
846	610	4
846	435	5
846	463	5
846	22	4
846	11	5
846	505	5
846	806	3
846	648	5
846	488	5
846	428	3
846	209	4
846	608	4
846	238	5
846	747	3
846	528	5
846	197	4
846	91	4
846	193	5
846	789	4
846	87	4
846	433	4
846	432	3
846	516	4
846	198	5
846	59	4
846	131	3
846	515	5
846	92	4
846	234	5
846	837	5
846	1118	5
846	794	5
846	226	4
846	650	5
846	133	4
846	633	3
846	161	4
846	213	3
846	185	5
846	31	4
846	179	5
846	568	4
846	216	4
846	33	5
846	518	4
846	203	5
846	60	4
846	42	5
846	530	5
846	489	4
846	770	5
846	219	4
846	188	3
846	55	5
846	640	1
846	630	3
846	443	4
846	28	5
846	497	5
846	606	4
846	708	3
846	487	4
846	1101	3
846	200	4
846	721	4
846	955	3
846	1479	3
846	230	3
846	403	3
846	68	3
846	614	5
846	942	4
846	660	3
846	509	4
846	662	3
846	47	5
846	655	3
846	778	4
846	143	5
846	212	5
846	499	4
846	132	5
846	495	4
846	661	4
846	732	4
846	663	4
846	727	4
846	39	3
846	736	4
846	566	5
846	659	5
846	4	5
846	506	3
846	1109	3
846	427	4
846	88	4
846	141	4
846	486	5
846	723	2
846	468	4
846	186	5
846	2	5
846	419	5
846	99	4
846	378	4
846	679	3
846	1206	3
846	382	3
846	404	4
846	1050	4
846	674	4
846	48	5
846	426	1
846	1179	2
846	1540	3
846	57	2
846	367	4
846	51	4
846	425	5
846	70	4
846	215	5
846	385	5
846	550	4
846	609	5
846	46	4
846	76	4
846	578	3
846	559	5
846	58	4
846	470	5
846	192	5
846	697	5
846	746	3
846	1248	4
846	65	3
846	97	4
846	602	4
846	196	4
846	469	2
846	52	4
846	66	4
846	232	3
846	86	5
846	787	4
846	580	5
846	1530	2
846	423	4
846	1473	5
846	26	4
846	693	5
846	101	4
671	98	4
846	675	2
846	451	4
846	941	2
846	715	4
846	780	4
846	380	3
846	588	4
846	702	4
846	612	5
846	1018	4
846	549	4
846	772	4
846	673	4
846	728	4
808	288	3
846	739	4
846	1055	3
846	54	3
846	555	2
846	139	2
846	396	5
846	716	3
846	768	4
846	802	2
846	29	2
808	333	4
846	944	2
846	393	3
846	233	5
846	208	5
846	448	5
808	286	4
808	751	3
808	270	4
846	202	5
846	80	4
846	627	4
846	731	3
846	672	4
846	692	3
808	271	3
808	332	4
846	585	2
846	719	2
846	401	5
846	949	2
846	720	4
808	300	4
671	226	3
846	184	5
846	227	4
846	570	4
846	1267	3
846	569	3
846	554	4
846	73	4
846	1035	4
846	229	3
846	414	4
846	786	4
846	1249	3
846	737	4
671	925	3
671	356	3
671	5	2
671	1073	3
671	504	4
671	159	5
671	33	5
808	245	4
846	172	4
808	312	3
808	325	1
808	748	4
808	875	4
846	1078	2
808	313	5
808	750	5
808	302	5
808	340	5
808	872	5
808	264	5
808	327	5
808	262	5
808	294	5
808	346	5
846	90	2
846	217	4
846	729	4
846	142	3
846	1107	4
846	417	4
846	581	4
846	72	4
846	849	3
846	386	3
846	377	2
846	392	2
846	836	5
846	576	4
846	1518	2
846	1148	3
846	642	5
846	63	3
846	1221	3
846	622	4
671	628	3
671	288	5
846	67	4
846	441	4
846	40	2
846	436	4
846	102	2
846	755	3
846	381	4
846	1411	4
846	785	4
846	738	4
846	1045	3
846	1110	3
846	373	3
846	1220	2
846	1218	4
846	810	3
846	665	4
846	365	2
846	562	5
846	1439	2
846	1182	2
846	1478	4
846	796	1
846	1178	2
846	1188	2
846	1066	3
846	110	3
846	575	2
846	1168	4
846	391	3
846	415	2
846	700	2
846	387	3
846	140	4
846	1239	2
846	552	4
846	36	2
846	1297	3
846	376	2
846	540	2
846	231	2
846	1133	2
846	94	4
846	586	2
846	1311	2
846	565	2
846	542	3
846	561	3
846	616	3
846	398	1
846	1004	3
846	1041	4
846	1210	2
846	967	3
846	1044	4
846	53	3
846	1209	1
846	41	3
846	1074	3
846	1029	1
846	623	1
846	400	1
846	560	1
846	452	3
846	449	3
846	388	3
43	312	4
43	272	5
43	315	4
43	539	3
83	864	4
43	892	3
43	751	2
43	421	3
43	117	4
43	792	1
43	276	4
43	26	5
43	114	5
43	705	4
43	491	4
43	131	3
43	86	4
43	12	5
43	70	4
43	140	4
43	153	5
43	172	4
43	531	4
43	238	2
43	52	4
43	203	4
43	143	4
43	946	4
43	371	4
43	648	5
43	97	5
43	471	3
43	317	2
43	568	4
43	778	5
43	418	4
43	385	5
43	144	4
43	47	1
43	283	2
43	274	5
43	241	4
43	284	5
43	215	5
43	210	5
43	161	4
43	423	4
43	732	4
43	1056	3
43	277	1
43	82	4
43	966	4
43	118	4
43	208	5
43	939	3
43	222	4
43	845	5
43	496	5
43	501	4
43	596	3
43	742	5
43	77	3
43	631	2
43	71	4
43	88	5
43	684	4
43	382	5
43	111	4
43	588	4
43	1035	4
43	14	2
43	211	4
43	280	3
43	58	3
43	660	4
43	1053	3
43	692	5
43	686	3
43	121	4
43	217	2
43	951	3
43	566	3
43	486	4
43	1055	2
43	231	4
43	291	3
43	699	4
43	550	3
43	755	3
43	73	4
43	204	4
43	405	4
43	625	4
43	747	4
43	815	4
43	597	3
43	956	1
43	944	2
43	1048	3
43	91	3
43	402	4
43	403	4
43	63	3
43	1047	3
43	49	4
43	729	4
43	17	3
43	866	4
43	393	4
43	580	3
43	950	3
43	226	3
43	40	3
43	559	1
43	581	3
43	367	4
43	54	3
43	781	3
43	155	4
43	542	3
43	785	3
43	51	1
374	1513	2
54	268	5
484	248	4
484	315	3
693	288	2
693	1136	3
693	509	3
693	88	3
693	378	2
693	199	3
693	402	3
693	855	2
693	25	4
719	255	2
216	697	4
216	313	5
216	182	4
216	315	5
216	216	4
719	293	3
719	778	3
257	921	5
501	1007	4
533	313	5
533	222	5
533	258	4
819	346	5
819	302	5
819	862	2
819	268	4
819	246	4
819	1537	5
152	763	5
152	155	5
152	393	5
152	1301	5
152	775	4
152	790	5
152	871	3
152	401	3
152	783	4
152	716	5
152	364	4
152	780	5
299	889	3
299	345	4
487	356	4
487	955	5
487	672	4
487	1425	4
487	88	4
487	426	3
487	732	5
487	768	3
487	1217	3
159	254	3
159	294	4
159	1258	1
159	288	3
159	72	3
159	364	1
159	67	1
159	1002	3
159	1221	5
159	1014	4
455	259	2
455	255	2
159	249	4
159	588	2
43	290	4
43	278	3
43	473	3
43	120	4
43	409	3
43	756	3
43	411	3
43	3	2
860	315	3
487	559	3
43	1054	3
43	122	2
43	820	2
43	931	1
487	727	3
43	1057	2
487	781	3
671	1491	1
671	583	3
671	443	3
671	654	3
671	53	3
671	203	3
671	742	5
671	452	4
671	581	2
671	986	2
671	54	3
671	379	3
671	566	4
671	511	3
671	22	4
671	526	2
671	550	3
671	89	5
152	241	4
671	182	4
671	174	5
671	144	4
671	96	5
671	568	5
671	82	4
671	241	5
671	172	5
671	11	4
671	195	5
671	947	3
671	184	3
671	455	4
671	177	4
671	1597	1
671	210	5
671	68	3
671	2	4
671	510	3
671	385	5
671	161	5
152	220	5
152	255	5
152	724	5
671	4	5
671	405	3
671	576	5
152	88	5
671	188	2
671	147	1
671	38	5
671	685	5
671	265	3
671	231	3
671	29	3
671	679	3
671	720	3
671	849	3
671	27	3
671	546	5
671	810	2
671	838	3
671	562	5
671	686	3
671	1222	3
671	1303	3
671	597	4
671	1215	3
671	578	3
671	570	3
671	472	5
671	802	3
671	62	5
671	554	4
487	230	5
487	720	4
487	578	3
487	49	4
671	779	3
671	1239	3
894	346	4
894	345	4
671	88	4
671	553	5
671	237	5
671	451	4
297	272	5
487	160	4
487	43	3
487	735	4
487	229	3
487	393	4
487	921	5
487	62	3
487	1035	4
487	686	4
487	27	5
487	85	2
487	790	3
487	1209	4
487	803	2
487	941	3
487	1188	3
487	783	4
487	1440	4
541	1315	1
541	993	4
541	257	5
541	255	3
483	313	2
483	318	3
487	399	5
487	739	2
487	549	4
541	1074	1
541	542	1
541	769	1
541	1442	1
541	877	1
541	259	1
541	50	5
541	181	5
541	254	3
541	474	5
541	459	5
541	139	3
483	432	3
483	101	2
483	99	3
483	91	3
483	173	4
483	462	3
75	294	3
75	678	3
75	322	1
75	289	1
75	323	2
75	988	2
75	25	5
75	100	5
75	864	4
75	129	3
75	475	5
75	273	5
75	1	4
487	73	3
75	408	4
75	13	5
75	137	4
75	508	4
75	477	4
75	147	3
75	685	4
75	405	4
75	123	3
75	117	4
75	125	3
487	540	2
487	809	2
75	222	5
75	845	3
487	403	4
487	67	3
75	756	2
75	237	2
75	952	5
75	476	1
75	825	1
75	284	2
75	926	3
75	546	3
75	121	4
75	290	4
75	235	4
75	291	1
75	1152	1
75	151	5
75	111	4
75	1017	5
75	1001	1
75	1028	4
75	742	1
75	240	1
75	410	5
75	108	4
75	1048	4
75	220	1
75	1150	4
487	541	3
75	472	4
75	866	2
75	473	3
75	411	5
75	118	3
75	1059	1
75	1151	2
75	409	3
75	460	5
487	94	3
487	1220	4
487	779	2
487	572	1
75	225	2
487	231	1
75	597	3
75	696	4
75	1047	3
75	820	3
75	413	2
487	802	4
75	824	1
75	831	3
75	833	2
75	301	4
75	304	2
75	271	5
487	1044	3
487	1074	1
487	586	2
75	79	5
75	114	4
75	496	5
75	56	5
75	427	4
75	196	4
75	190	5
487	38	2
586	127	4
586	181	4
586	222	3
586	50	4
586	820	4
586	257	3
586	284	3
586	117	4
586	742	3
586	123	3
586	250	3
586	276	3
586	273	5
586	237	4
586	410	3
586	288	4
586	249	2
586	591	3
586	187	4
586	806	4
586	23	2
586	423	2
586	22	3
586	172	4
586	232	3
586	185	2
586	174	4
586	195	4
586	385	3
586	153	2
586	188	2
586	79	4
586	238	2
586	203	3
586	210	4
586	96	4
586	183	4
586	83	2
586	76	5
586	144	4
586	173	3
586	651	3
586	186	2
586	496	3
586	69	4
586	164	2
586	11	3
586	56	5
586	234	3
586	219	3
586	218	3
586	559	5
586	184	2
586	17	5
586	436	2
586	569	3
586	200	4
586	379	4
586	452	3
586	672	2
586	53	5
586	217	5
586	551	2
586	800	3
586	665	3
586	431	3
586	177	3
586	550	4
586	228	3
586	809	3
586	92	3
586	39	4
586	568	3
586	230	2
586	241	4
586	176	3
586	226	4
586	405	5
586	403	4
586	33	5
586	231	3
586	227	2
586	68	4
586	121	5
586	82	2
586	808	3
586	281	3
586	27	3
586	265	5
586	29	5
586	233	4
586	566	3
586	578	3
586	576	3
586	118	4
586	161	5
586	679	3
586	720	4
586	229	3
586	761	3
586	849	3
586	779	3
586	1407	3
586	397	3
586	930	2
586	541	3
586	586	2
70	313	4
70	300	4
70	751	4
70	678	3
70	264	4
586	841	3
70	257	4
70	298	5
70	50	4
70	172	5
586	254	4
70	228	5
70	450	1
70	229	3
70	222	4
70	230	4
70	181	4
70	483	5
586	939	4
586	156	4
70	496	4
70	48	4
586	31	4
586	470	4
586	628	3
70	993	3
70	24	4
70	403	4
70	231	3
586	1046	3
70	8	4
70	419	5
70	260	2
70	449	2
70	150	3
70	338	2
70	576	2
70	542	2
70	1	4
70	135	4
70	168	4
70	95	4
70	588	5
586	928	3
70	451	4
586	44	3
586	356	4
70	186	4
586	159	4
586	77	3
70	69	4
586	581	2
586	148	3
70	28	4
586	1042	4
70	174	5
586	1090	3
586	1273	4
586	978	2
586	696	3
70	210	4
586	1207	2
70	83	4
586	318	3
586	182	3
586	427	3
586	693	3
586	28	3
586	468	3
586	676	3
586	215	4
70	546	2
586	735	3
586	467	4
586	655	4
586	51	4
586	160	4
70	538	2
70	71	3
70	1035	3
70	380	3
70	289	3
70	473	3
70	411	3
70	204	3
70	762	3
70	559	3
70	109	3
70	176	4
586	202	4
70	202	4
586	204	3
586	240	3
586	393	3
70	417	3
586	235	3
70	507	4
70	343	4
70	423	5
70	96	4
586	1218	5
586	80	2
586	85	3
70	206	3
586	239	3
586	1047	3
586	1249	3
586	67	5
586	763	4
586	756	1
586	790	3
586	780	4
70	432	3
586	926	4
586	411	2
70	501	4
70	99	4
70	132	4
70	128	4
70	398	2
586	72	2
70	88	4
586	451	4
70	227	3
70	265	4
70	161	3
70	214	3
70	511	5
586	155	3
70	82	4
70	91	3
70	554	3
586	295	3
586	54	3
70	393	4
70	399	4
70	482	4
586	3	5
286	268	4
286	272	5
286	345	4
286	312	4
586	358	4
286	1280	5
286	341	5
286	884	5
286	1265	5
286	330	5
286	336	5
286	883	5
286	906	5
533	25	4
450	288	3
450	750	3
450	315	4
450	878	2
170	292	5
170	300	5
170	245	5
170	322	5
170	328	3
170	984	5
170	258	3
819	177	4
819	147	5
819	182	4
819	255	1
819	70	4
819	381	4
201	242	4
201	750	3
201	313	5
201	292	3
201	302	4
201	268	4
201	258	2
201	303	2
201	286	2
201	895	3
201	991	4
201	346	4
201	896	3
201	751	3
201	324	5
201	682	3
201	288	4
201	340	5
201	332	2
201	333	2
201	886	1
201	334	4
201	319	2
201	304	2
201	331	4
201	260	4
201	271	4
201	315	3
201	321	3
201	325	5
201	289	2
201	358	1
201	326	2
201	357	4
201	651	4
201	185	5
201	28	3
201	56	5
201	318	5
201	12	4
201	172	5
201	210	2
201	71	3
201	98	4
201	1069	2
201	432	3
201	187	3
201	1131	5
201	482	4
201	173	3
201	216	4
201	207	3
201	527	3
201	221	3
201	195	3
201	556	4
201	479	4
201	408	4
201	64	3
201	642	4
201	48	3
201	182	4
201	100	4
201	607	4
201	128	2
201	483	3
201	847	2
201	515	5
201	509	3
201	59	4
201	480	4
201	276	5
201	1039	3
201	192	4
201	1355	1
201	86	4
201	1425	3
201	521	2
201	658	3
201	1070	5
201	196	4
201	171	3
201	421	2
201	127	5
201	656	4
201	87	3
201	1137	4
201	454	2
201	156	4
201	4	4
201	23	4
201	582	5
201	213	4
201	1193	4
201	855	4
201	190	4
201	198	4
201	1194	4
201	1073	2
201	212	4
201	26	4
201	45	2
201	57	4
201	61	2
201	702	1
201	381	3
201	70	3
201	640	4
201	206	2
201	960	2
201	737	2
201	1268	4
201	1006	2
201	174	3
201	1187	3
201	22	2
201	188	4
201	11	4
201	222	3
201	511	3
201	435	4
201	518	4
201	7	3
201	568	3
201	79	4
201	181	2
201	92	3
201	183	4
201	144	4
201	184	3
201	89	3
201	176	4
201	232	2
201	803	2
201	685	3
201	96	4
201	686	2
201	431	1
201	566	3
201	273	2
201	281	2
201	583	1
201	770	3
201	385	2
201	405	4
201	228	3
201	403	3
201	825	1
201	39	1
201	33	4
201	2	2
201	117	2
201	241	2
201	68	2
201	230	3
201	455	3
201	558	2
201	200	5
201	201	4
201	234	5
201	441	1
201	844	2
201	443	3
201	448	3
201	17	3
201	447	5
201	436	3
201	559	2
201	637	3
201	164	3
201	773	4
201	217	3
201	672	2
201	219	4
201	670	4
201	777	1
201	567	3
201	1098	2
201	514	3
201	202	3
201	475	4
201	116	1
201	1100	4
201	655	4
201	209	3
201	789	3
201	211	3
201	69	2
201	137	4
201	423	4
201	124	3
201	962	4
201	589	3
201	204	4
201	1424	3
201	705	3
201	238	3
201	9	3
201	772	5
201	223	4
201	160	5
201	197	4
201	654	3
201	466	4
201	469	4
201	157	4
201	1063	3
201	1065	3
201	588	4
201	1056	2
201	923	3
201	317	3
201	275	4
201	747	2
201	1	3
201	93	5
201	42	4
201	1192	3
201	134	4
201	505	3
201	1211	3
201	1166	3
201	65	4
201	461	4
201	603	4
201	644	3
201	693	4
201	531	2
201	1427	2
201	735	3
201	1426	2
201	25	3
201	95	3
201	186	3
201	240	3
201	513	3
201	1428	4
201	10	3
201	1422	2
201	226	3
201	31	1
201	979	2
201	123	2
201	684	3
201	121	2
201	649	3
201	943	3
201	218	4
201	506	4
201	129	4
201	55	4
201	285	4
201	82	4
201	203	5
201	191	4
201	50	4
201	179	5
201	413	3
201	406	1
201	767	4
201	370	1
201	853	4
201	37	2
201	667	2
201	396	3
201	53	3
201	800	2
201	774	1
201	440	2
201	665	2
201	452	1
201	551	1
201	438	1
201	563	1
201	379	3
201	145	3
201	590	1
201	955	3
201	692	3
385	384	1
385	616	4
899	50	5
899	742	4
899	117	4
899	275	4
899	181	3
899	455	3
899	222	4
899	685	3
899	258	5
899	471	4
899	282	5
899	237	4
899	740	5
899	111	4
899	250	2
899	1	3
899	147	2
899	1016	3
899	255	4
899	121	5
899	257	4
899	125	3
899	284	3
899	748	4
899	25	3
899	597	2
899	546	2
899	827	2
899	934	3
899	751	4
899	717	1
899	694	5
899	190	4
899	172	4
899	173	3
899	96	4
899	194	5
899	174	5
899	69	3
899	176	4
899	144	3
899	209	5
899	423	4
899	28	5
899	83	4
899	655	4
899	427	5
899	179	2
899	180	3
899	463	4
899	357	4
899	496	5
899	603	4
899	518	4
899	71	4
899	283	4
899	238	2
899	746	4
899	318	4
899	197	4
899	31	3
899	203	4
899	8	4
899	98	4
899	228	3
899	483	4
899	95	5
899	474	3
899	385	3
899	479	4
899	64	4
899	89	4
899	204	4
899	568	4
899	73	4
899	188	2
899	527	4
899	186	4
899	498	4
899	168	4
899	208	3
899	135	4
899	195	4
899	216	5
899	658	2
899	515	3
899	239	3
899	193	3
899	470	4
899	48	4
899	214	4
899	66	4
899	265	4
899	356	2
899	1101	5
899	218	4
899	588	3
899	433	4
899	640	1
899	414	2
899	428	4
899	229	2
899	79	5
899	291	4
899	499	3
899	133	3
899	153	5
899	151	2
899	161	4
899	177	3
899	51	1
899	202	4
899	157	4
899	154	5
899	367	4
899	435	3
899	230	4
899	684	3
899	410	1
899	747	1
899	566	3
899	2	3
899	660	4
899	710	3
899	431	1
899	200	4
899	234	4
899	213	4
899	663	4
899	724	5
899	732	3
899	231	1
899	403	3
899	29	2
899	254	2
580	258	5
580	300	3
580	329	3
580	271	5
580	343	5
580	294	4
580	348	3
580	289	5
580	323	2
580	358	4
580	687	3
580	286	4
580	7	3
580	100	3
580	50	5
298	286	4
298	485	3
298	172	4
580	471	3
298	174	5
298	588	4
580	181	5
298	69	4
580	250	5
298	211	5
298	133	3
298	603	5
580	871	4
580	1014	3
580	619	3
580	123	4
580	1	3
580	249	5
580	257	5
580	282	5
580	222	3
580	15	3
580	825	4
580	125	3
298	483	5
580	25	3
580	121	4
580	455	4
298	742	3
298	50	5
298	181	4
298	993	4
298	282	4
580	147	3
580	288	5
298	275	3
580	148	4
200	313	5
580	252	5
580	1028	3
200	288	5
298	471	4
298	127	5
580	866	4
298	125	3
580	3	5
200	286	4
200	748	3
200	294	4
200	323	3
200	984	3
298	1	5
298	1346	3
580	829	2
580	597	1
580	151	2
580	748	2
580	281	2
580	405	2
580	546	1
298	477	4
298	9	4
298	121	4
298	237	5
298	284	4
298	257	4
298	596	3
298	311	3
298	333	5
200	245	3
298	261	4
200	9	4
200	196	4
200	890	4
200	892	4
200	358	5
298	504	3
298	194	5
298	99	3
298	842	4
298	427	5
298	153	3
298	178	5
200	24	2
200	652	2
200	758	3
200	405	3
200	820	3
200	934	2
200	112	3
200	409	2
200	123	4
298	496	5
298	511	4
298	199	4
298	604	5
298	265	4
298	98	4
200	546	3
200	15	4
200	282	4
200	280	4
200	472	4
200	107	3
200	235	2
200	1028	2
200	265	5
200	22	4
200	568	5
200	45	3
200	228	5
200	230	5
200	50	5
200	135	4
200	692	3
200	174	5
200	483	5
200	528	4
200	318	5
200	432	5
200	205	4
200	28	5
200	357	5
200	79	5
200	143	5
200	588	5
200	673	5
200	173	5
200	183	5
200	191	5
200	172	5
200	88	4
200	89	5
200	478	5
200	69	5
200	169	5
200	195	5
200	204	5
200	392	5
200	99	5
200	56	4
200	462	4
200	496	5
200	208	5
200	8	4
200	210	5
200	98	5
200	161	4
200	95	5
200	227	5
200	451	4
200	431	5
200	179	4
200	48	2
200	402	4
200	495	3
200	465	4
200	188	4
200	193	4
200	660	3
200	419	4
200	202	5
200	423	5
200	58	4
200	378	5
200	141	4
200	215	4
200	515	5
200	234	4
200	380	5
200	96	5
200	71	4
200	393	4
200	218	5
200	609	3
200	443	5
200	501	4
200	1073	3
200	11	5
200	72	4
200	584	4
200	549	4
200	33	4
200	509	4
200	239	3
200	523	4
200	176	5
200	177	4
200	82	5
200	527	4
200	385	5
200	229	5
493	300	4
493	258	5
200	755	5
200	68	5
200	241	4
200	582	4
200	470	4
200	622	3
493	262	3
493	751	5
200	91	4
200	1091	4
200	43	3
493	271	1
493	879	4
493	328	4
493	288	4
200	420	5
493	886	2
493	327	5
493	754	3
200	54	4
200	679	4
200	559	4
493	876	1
493	264	3
200	365	5
200	140	4
493	358	4
493	678	3
493	260	1
493	323	4
493	881	1
200	1217	4
200	429	5
200	447	4
200	951	5
493	338	4
200	94	4
200	739	4
200	2	4
493	687	1
493	343	3
493	890	3
200	401	2
200	578	5
200	226	4
200	720	4
200	580	2
200	62	5
493	1278	5
493	742	3
493	124	3
493	369	2
200	1411	3
200	1219	3
493	100	5
493	181	5
200	38	3
200	674	4
493	7	3
493	250	4
200	586	4
200	576	4
200	63	4
493	222	3
493	1	3
493	127	3
493	117	5
493	109	4
493	762	4
200	1139	3
200	570	4
200	391	4
200	802	4
493	150	5
493	257	5
493	475	3
493	151	3
200	449	5
200	139	3
200	552	4
200	29	4
493	1016	4
435	294	4
200	542	3
200	768	4
493	763	4
493	24	4
493	235	2
435	288	4
493	284	4
493	252	4
493	405	2
200	665	4
200	812	4
435	895	3
435	258	4
435	300	2
435	333	3
200	560	4
493	298	3
493	925	3
435	264	3
435	271	4
435	299	4
435	331	5
200	1419	5
200	231	4
435	268	5
200	771	4
200	1228	4
435	751	4
435	343	5
435	307	5
200	373	4
435	327	3
435	748	4
200	132	5
493	180	4
493	96	4
435	260	3
435	245	2
493	171	5
435	687	2
493	204	5
493	11	3
435	358	4
435	890	1
493	357	5
493	56	4
493	209	5
493	196	4
493	89	4
493	182	5
435	527	4
493	156	1
435	169	5
493	69	5
493	48	4
435	79	4
493	423	2
493	71	5
435	64	5
493	265	5
435	56	5
435	9	4
435	144	4
435	474	3
435	179	5
435	173	5
493	201	5
493	170	3
493	22	5
493	173	4
435	216	3
435	603	3
435	195	5
435	693	3
493	806	3
493	746	4
493	168	5
435	132	3
435	22	4
435	423	2
435	228	4
435	31	5
435	191	4
493	174	3
435	496	4
435	433	5
435	153	3
435	193	3
435	69	4
493	60	2
493	959	2
493	61	4
435	42	3
435	177	5
435	710	4
493	95	5
493	652	5
493	79	5
493	647	4
435	273	5
493	188	5
493	195	3
435	58	3
435	76	3
435	462	5
435	201	4
435	684	4
435	182	4
435	117	3
493	275	1
435	713	5
435	318	5
435	792	4
435	392	3
435	55	5
435	154	4
435	12	5
435	83	4
435	203	4
493	98	4
493	274	5
435	1069	4
435	89	4
435	163	3
435	187	4
435	168	5
435	208	4
435	659	4
493	1126	2
493	483	5
435	434	2
435	11	5
435	427	3
493	50	5
435	8	3
435	215	2
435	98	5
435	7	4
493	172	5
435	1225	3
435	196	4
435	91	4
493	210	5
435	176	5
435	1103	4
435	194	4
435	211	4
435	174	5
435	200	5
435	81	3
435	470	2
493	115	4
435	127	4
435	45	5
493	121	5
493	455	5
435	100	3
435	943	3
435	1	5
435	430	5
493	273	4
493	833	2
493	546	5
493	597	4
435	367	3
435	185	4
435	652	4
435	214	4
435	184	5
435	135	3
435	385	5
435	115	4
435	357	4
493	1013	1
493	1088	2
435	655	2
435	210	4
435	28	3
435	96	5
435	39	3
435	156	4
435	709	4
435	778	4
435	86	4
435	568	2
435	95	3
435	1401	4
493	186	5
493	208	4
435	68	4
435	202	4
435	188	4
435	479	3
493	175	4
435	382	3
435	431	3
435	10	5
435	1268	5
493	239	5
493	154	4
435	171	5
493	238	3
435	402	3
435	265	3
435	588	4
493	462	2
493	192	3
493	435	5
435	520	4
435	1128	2
435	222	3
493	527	5
493	431	5
493	234	5
493	82	5
435	946	2
435	721	4
435	924	3
435	199	5
435	49	4
435	152	4
435	82	5
435	1204	3
435	845	3
493	693	4
493	65	4
435	4	4
435	15	3
435	190	4
435	157	4
493	550	4
435	128	3
435	919	5
435	746	4
435	596	4
435	101	3
493	176	5
435	455	3
435	181	5
435	71	3
493	183	5
493	12	3
493	191	4
435	448	3
435	578	5
435	435	3
493	134	3
493	528	5
435	235	4
435	404	2
435	755	2
435	501	3
493	684	4
493	317	3
493	91	3
435	1240	4
435	584	3
435	109	4
493	318	5
435	1047	3
435	447	3
493	59	5
435	673	3
435	732	4
435	696	3
435	559	3
493	404	4
435	204	3
435	186	4
435	820	1
435	73	3
435	52	5
435	587	3
435	54	4
435	136	4
435	25	5
435	118	2
435	125	3
435	317	2
435	290	3
435	411	3
435	164	2
435	50	5
435	465	2
435	1044	4
435	573	1
435	631	2
435	17	2
435	108	1
435	405	4
435	420	4
435	175	4
435	625	2
435	549	3
435	183	5
435	234	4
435	172	5
435	44	2
435	2	4
435	674	2
435	566	4
435	1109	3
435	33	3
435	637	4
493	25	4
435	1039	4
435	162	1
435	90	4
435	403	4
435	111	3
435	443	3
493	249	4
435	72	4
435	230	3
435	762	4
435	821	2
435	742	4
435	85	4
435	640	4
435	394	4
435	609	4
435	675	3
493	410	4
435	159	5
435	151	3
435	284	2
493	118	4
435	141	2
493	974	3
435	67	4
493	411	1
435	23	4
435	546	4
435	432	3
435	239	4
435	953	3
435	628	5
435	380	3
435	5	2
435	561	2
435	24	4
435	441	3
493	333	4
435	1411	1
435	366	2
435	226	4
435	217	4
435	160	5
435	554	3
435	218	3
435	627	3
435	658	3
435	206	5
435	167	3
435	1133	2
435	672	1
435	399	3
435	550	3
435	616	2
435	1028	2
435	121	3
435	780	2
435	148	3
435	597	3
435	760	1
435	649	3
435	1185	1
435	697	4
435	825	3
435	227	4
435	679	3
435	1074	2
435	291	4
435	576	3
435	53	3
435	401	3
435	585	3
435	781	3
435	472	2
435	451	4
435	768	3
435	123	2
435	38	2
435	40	3
435	763	5
435	473	3
435	635	3
435	229	2
435	386	4
435	381	4
435	80	2
435	393	2
435	961	1
435	929	2
435	715	3
435	786	4
435	62	3
435	436	4
435	219	5
435	542	1
435	29	3
435	161	3
435	155	3
435	410	5
435	63	2
435	729	2
435	84	2
435	567	3
435	1419	2
545	520	4
545	28	4
435	240	3
435	720	2
435	722	3
435	790	4
435	800	4
435	562	5
435	1217	3
545	404	4
545	196	4
435	105	3
435	476	3
435	797	3
545	215	3
545	69	4
435	944	2
435	27	1
435	3	3
435	818	2
435	572	2
545	633	3
435	1228	2
435	926	3
435	862	1
435	577	3
435	665	3
545	193	3
545	31	4
435	1151	1
435	376	2
435	1231	2
435	930	3
435	569	3
435	409	3
545	491	3
435	384	3
435	636	4
435	571	2
545	135	4
435	444	3
435	225	3
435	717	3
435	413	2
545	729	3
545	423	4
435	756	3
435	139	2
435	21	4
545	378	3
545	434	3
545	419	3
435	928	3
435	1552	3
435	541	4
545	474	3
435	249	4
545	205	4
435	255	3
435	250	4
435	246	5
435	685	2
435	257	4
435	1016	4
545	968	5
435	298	4
435	1014	2
545	54	4
545	132	4
435	424	1
435	841	2
545	78	2
545	1228	3
435	824	1
545	380	3
435	831	2
435	122	3
435	252	2
435	412	3
545	77	3
435	826	2
435	1034	2
435	1061	3
435	369	1
545	386	2
545	739	4
435	1215	3
435	406	3
435	977	2
435	983	2
435	1291	1
435	743	3
435	834	5
435	254	3
545	578	4
545	139	3
545	142	3
201	467	2
201	150	4
201	175	2
201	32	3
201	806	3
201	193	3
201	180	3
201	1398	4
201	97	2
201	673	3
201	697	4
201	695	1
201	425	3
201	46	4
201	708	4
201	20	2
201	239	1
201	237	4
201	1229	3
201	544	2
201	591	3
201	284	3
201	715	4
201	1163	1
201	215	2
201	282	2
201	458	4
201	508	4
201	1103	3
201	58	4
201	81	1
201	733	3
201	464	1
201	972	3
201	956	4
201	146	1
201	1010	3
201	792	4
201	699	3
201	950	3
201	47	4
201	1136	1
201	471	2
201	1174	5
201	1401	2
201	15	3
201	125	2
201	856	3
201	1153	2
201	76	4
201	549	3
201	1135	5
201	631	2
201	51	2
201	924	3
201	148	1
201	1227	1
201	581	3
201	77	2
201	1045	2
201	1128	4
201	387	2
201	380	1
201	1011	3
201	1423	3
201	546	2
201	1008	3
201	27	3
201	1224	2
201	980	3
201	676	2
201	468	4
201	660	3
201	36	1
201	1208	4
201	402	2
201	587	4
201	729	2
201	1220	2
201	823	3
201	1245	4
201	366	2
201	1421	3
201	1170	4
201	29	3
201	1267	3
201	537	3
201	1169	4
201	462	1
201	919	3
201	8	3
201	99	3
201	596	4
201	473	3
70	151	3
70	596	3
70	121	3
70	15	3
70	472	3
70	225	3
70	597	3
70	405	3
70	191	3
70	143	5
70	208	4
70	173	4
70	79	4
70	197	4
70	1065	4
70	404	4
70	211	3
70	684	3
70	193	4
70	169	4
70	568	3
70	185	4
70	418	3
70	527	4
70	152	4
70	183	4
70	655	4
70	89	4
70	189	4
70	584	3
70	746	3
70	431	3
70	429	3
70	175	3
70	139	3
70	946	3
70	739	2
70	101	3
70	755	3
70	142	3
70	94	3
70	217	4
70	63	3
70	625	3
70	1133	3
70	1146	3
70	1145	3
257	313	5
70	383	2
70	1030	2
257	245	4
70	408	4
699	268	4
70	820	1
699	831	2
699	597	3
699	413	3
699	596	3
699	21	3
699	1033	4
699	828	3
699	112	3
699	1336	3
385	262	4
688	302	5
688	307	4
688	326	5
688	304	5
688	329	5
688	898	5
688	341	5
688	1127	5
688	309	5
688	754	5
688	359	5
688	682	5
688	349	5
688	288	5
688	879	5
688	339	5
688	749	5
688	1234	5
688	332	5
688	336	2
688	678	5
688	259	5
688	877	5
688	338	5
298	205	5
298	357	5
298	204	4
298	705	4
298	526	5
298	435	5
298	498	5
298	183	3
298	530	5
298	484	4
298	356	3
298	318	5
298	430	5
298	507	4
298	482	5
298	79	5
298	215	5
298	479	5
298	527	5
298	28	4
298	58	4
298	8	5
298	419	5
298	523	4
298	185	3
298	317	4
298	465	4
298	474	4
298	144	4
298	660	3
298	208	5
298	193	5
298	202	3
298	946	3
298	196	4
298	210	5
298	91	2
298	168	5
298	22	4
298	143	5
298	134	5
298	203	3
298	132	5
298	514	4
298	71	5
298	118	4
298	200	3
298	651	5
298	423	5
298	486	3
298	402	3
298	187	5
298	97	4
298	679	3
298	652	3
298	393	4
298	951	4
298	213	3
298	23	4
298	88	5
298	197	4
298	503	4
298	186	4
298	195	4
298	432	4
298	549	4
298	152	3
298	281	3
298	502	5
298	625	4
298	418	4
298	1142	4
298	274	3
298	845	3
298	252	4
298	276	2
298	820	4
298	864	3
298	866	3
298	151	3
298	473	3
298	294	3
298	546	3
296	242	4
296	292	5
296	313	5
296	304	3
296	948	1
296	750	5
296	286	5
296	309	1
296	303	4
296	268	4
296	269	5
296	301	5
296	898	4
296	289	3
296	315	5
296	294	1
296	259	1
296	688	1
296	1251	5
296	285	5
296	258	5
296	50	5
296	127	5
296	100	5
296	9	4
296	251	5
296	1142	5
296	19	5
296	221	5
296	275	4
296	475	4
296	515	5
296	124	5
296	150	1
296	246	4
296	255	2
296	508	5
296	24	2
296	10	2
296	222	5
296	298	1
296	279	4
296	628	5
296	297	4
296	14	4
296	13	3
296	121	5
296	1	5
296	845	5
296	250	2
296	111	3
296	282	4
296	15	3
296	137	4
296	950	4
296	256	5
296	117	3
296	274	4
296	1284	4
296	248	5
296	293	5
296	287	4
296	240	1
296	237	5
296	696	4
296	284	4
296	815	3
296	685	4
296	7	5
296	244	1
296	1009	3
296	257	5
296	1007	4
296	455	1
296	20	5
296	544	4
296	1160	4
296	151	2
407	844	2
296	281	2
296	846	2
296	125	5
407	248	4
407	222	4
407	258	4
407	70	4
407	255	4
296	652	4
296	22	4
296	480	5
296	211	4
296	528	5
296	357	5
296	79	4
296	521	4
296	48	5
296	98	5
296	435	5
296	11	5
296	32	4
296	144	4
296	194	5
296	172	5
296	705	5
296	191	5
296	199	5
296	923	5
296	523	4
296	485	5
296	23	5
296	632	5
296	469	5
296	510	5
296	134	5
296	198	5
296	228	4
296	961	5
296	96	5
296	61	3
296	56	5
296	55	5
296	483	5
296	210	3
296	484	4
296	1073	5
296	462	4
296	429	5
296	482	5
296	89	5
296	963	5
296	498	5
296	855	5
296	504	5
296	153	4
296	654	5
296	179	4
296	45	5
296	663	5
296	277	5
296	427	5
296	181	5
296	276	5
296	180	5
296	659	5
296	114	5
296	187	5
296	272	5
296	238	4
296	83	5
296	186	3
296	514	5
296	209	4
296	204	5
407	521	3
407	969	4
407	455	3
407	257	4
407	993	4
286	137	4
407	476	2
198	300	2
198	690	3
198	258	4
671	201	3
671	204	5
198	748	2
198	323	2
198	343	3
198	682	3
671	864	3
671	66	5
198	50	5
198	127	5
198	298	1
198	222	3
198	181	4
198	1	4
198	25	2
198	117	1
198	1142	5
851	875	5
198	15	3
851	1025	2
198	291	2
851	330	3
198	137	4
198	1117	3
851	332	1
198	475	4
198	249	2
198	871	1
198	276	3
198	7	4
198	1245	4
198	93	3
198	410	1
198	24	2
198	248	3
198	455	3
198	237	2
198	108	3
198	6	2
198	121	3
198	1014	2
198	148	3
198	151	4
198	280	3
198	405	2
198	763	3
198	118	2
198	823	2
198	411	1
198	1244	2
198	979	5
198	820	1
198	369	1
198	122	1
198	1094	1
198	824	2
198	427	4
198	707	2
198	156	3
198	97	3
198	176	4
198	172	4
198	265	3
198	64	4
198	228	3
198	187	4
198	175	3
198	200	4
198	480	4
198	195	3
198	357	5
198	180	3
198	474	5
198	100	1
198	11	4
198	56	5
198	651	4
198	498	3
198	173	4
198	531	5
198	55	3
198	382	4
198	69	4
198	318	4
198	204	3
198	98	4
198	210	4
198	95	3
198	183	5
198	168	4
198	198	4
198	429	4
198	70	3
198	203	3
198	186	5
198	238	4
198	654	5
198	693	3
198	193	4
198	234	3
198	153	4
198	201	3
198	31	3
198	923	3
198	746	4
198	182	4
198	527	4
198	434	3
198	135	5
198	196	3
198	154	4
198	215	4
198	132	4
198	431	3
198	58	3
198	658	3
198	188	5
198	197	4
198	65	2
198	423	3
198	217	4
198	526	4
198	381	3
198	214	4
198	433	2
198	511	4
198	96	4
198	81	5
198	174	5
198	692	2
198	73	3
198	71	3
198	161	3
198	51	3
198	356	3
198	216	4
198	23	4
198	79	3
198	549	3
198	164	3
198	208	3
198	470	3
198	27	2
198	89	5
198	660	4
198	631	3
198	640	3
198	191	4
198	568	3
198	509	4
198	559	3
198	684	3
198	385	3
198	1169	4
198	727	4
198	518	3
198	143	3
198	131	3
198	184	3
198	230	3
198	402	3
198	447	4
198	655	4
198	428	4
198	629	4
198	179	4
198	241	3
198	959	3
198	185	3
198	501	4
198	33	3
198	403	4
198	636	3
198	229	3
198	367	3
198	939	3
198	218	3
198	673	3
198	82	3
198	128	3
198	581	3
198	462	3
198	4	3
198	652	3
198	101	5
198	942	4
827	272	4
920	313	5
920	302	4
920	272	3
920	311	3
920	310	4
920	288	3
920	346	4
920	286	2
920	350	4
920	1612	4
920	332	3
920	270	3
920	307	3
920	333	4
920	340	4
920	292	3
920	328	2
920	301	2
920	682	3
920	300	3
920	331	3
920	258	4
920	347	4
920	245	2
920	299	2
920	268	3
851	1675	3
815	313	5
910	313	4
910	751	3
910	288	3
910	1012	4
657	302	2
657	340	4
657	301	3
657	300	2
657	690	4
657	269	5
657	286	4
657	346	4
657	294	5
657	327	1
657	258	2
657	873	3
97	408	5
97	135	5
97	482	5
97	168	4
97	430	5
97	496	2
97	132	5
97	98	4
97	173	3
97	435	4
97	192	1
97	100	2
97	28	5
97	661	5
97	205	2
97	603	4
97	174	4
97	79	5
97	83	1
97	194	3
97	429	4
97	228	5
97	655	5
97	189	4
97	222	5
97	169	5
97	1	4
97	183	5
97	89	5
97	172	4
97	7	5
97	195	5
97	204	5
97	484	3
97	432	4
97	193	4
657	475	4
657	508	4
657	7	3
657	922	4
657	1	3
657	9	4
657	111	5
97	466	3
97	202	5
97	50	5
97	423	5
97	191	5
97	357	5
657	455	1
97	115	5
97	97	5
97	82	4
97	428	4
97	23	5
657	744	4
657	273	3
97	186	3
97	175	5
97	69	5
97	431	3
97	919	5
97	197	3
97	133	1
97	153	5
97	1126	3
97	526	3
97	96	5
97	208	5
97	670	5
657	282	3
97	434	4
97	32	5
97	663	5
657	109	1
657	151	4
657	117	4
657	1009	4
657	118	1
657	628	3
95	539	4
95	471	5
95	294	2
95	862	1
815	1157	2
815	252	2
815	82	4
435	313	5
276	751	4
276	74	3
168	313	5
168	294	4
168	258	4
168	323	3
168	300	5
168	748	2
168	259	2
168	325	1
168	678	1
201	375	3
168	988	2
168	181	4
168	117	5
168	742	5
168	15	5
168	100	4
524	269	4
524	286	5
168	9	1
168	282	5
524	302	5
524	311	4
168	1	5
168	273	4
168	1012	5
168	619	3
168	7	1
168	1278	3
168	255	1
168	280	4
168	924	2
168	1016	5
168	295	4
168	596	4
168	257	5
168	276	1
168	291	4
168	845	4
168	871	3
168	121	4
168	125	4
168	222	5
168	685	3
168	123	3
168	275	3
168	409	4
168	1028	2
168	274	4
168	25	5
168	288	1
168	405	4
168	472	3
168	1197	5
168	866	5
168	126	5
168	546	3
168	118	4
168	281	2
168	763	2
168	744	5
168	458	1
168	151	5
168	1047	2
168	597	3
168	284	2
168	473	2
168	411	1
168	1051	4
168	930	3
168	235	2
168	819	4
168	225	5
168	252	1
168	931	3
352	302	4
352	181	4
352	79	4
352	89	5
352	50	5
352	176	5
352	195	4
352	183	5
352	17	2
352	431	2
352	39	5
352	55	1
352	92	3
352	228	3
352	172	5
352	385	4
352	174	5
352	56	5
665	286	4
665	346	2
665	319	4
665	294	2
665	328	4
665	271	2
665	748	4
665	301	4
665	538	4
665	687	2
352	182	5
352	96	4
352	568	5
352	82	3
352	210	3
352	273	2
352	144	5
352	4	3
665	475	3
665	100	3
352	194	3
352	173	1
352	746	4
352	692	3
352	216	4
665	274	3
352	129	5
352	653	3
352	12	4
352	657	4
352	100	4
352	98	5
352	156	4
665	50	4
665	762	4
665	121	2
665	1	4
352	86	4
665	685	2
352	234	4
352	7	3
352	175	1
665	117	4
665	287	4
665	255	4
665	815	4
665	9	4
665	249	5
665	111	4
665	237	3
665	7	4
665	866	3
665	222	3
665	15	4
665	742	4
665	293	4
665	126	4
665	508	2
665	597	3
665	473	4
665	151	3
665	147	4
665	282	4
665	535	4
665	1028	4
665	476	4
665	410	3
665	924	4
665	763	4
665	833	3
665	472	3
665	411	4
665	240	5
665	405	3
665	24	3
665	125	4
665	546	2
665	926	3
665	1047	1
665	1315	4
665	1040	4
665	620	3
665	456	4
665	1132	2
665	369	4
665	931	3
665	105	2
665	181	4
665	1009	4
665	471	3
665	248	4
665	1048	4
665	298	3
665	109	4
665	127	4
665	1061	4
665	307	3
665	845	4
665	257	3
665	756	3
665	1283	3
665	343	3
665	427	5
665	188	4
665	69	5
665	239	3
665	143	4
665	191	3
665	65	4
665	172	4
665	186	4
665	98	4
665	134	4
665	417	3
665	234	3
665	483	4
170	323	3
665	216	4
665	200	4
665	566	2
665	210	4
665	96	3
665	79	3
665	33	2
665	183	4
665	71	4
665	357	4
665	154	3
665	432	4
665	196	4
665	496	3
665	185	4
665	378	3
665	1225	2
665	684	3
665	12	4
665	97	2
665	699	4
665	177	3
665	631	2
665	421	4
665	88	3
665	418	4
665	56	5
665	423	4
665	202	3
665	194	3
665	157	3
665	265	3
665	133	3
665	238	4
665	156	5
665	588	4
665	721	3
665	195	3
665	135	4
665	31	3
665	215	2
665	527	3
665	214	4
665	89	4
665	660	4
665	393	3
665	92	4
665	419	4
58	269	4
58	313	5
58	268	5
58	9	4
58	50	4
58	408	5
58	109	4
58	237	4
58	116	5
58	813	5
58	137	5
58	257	5
58	181	3
58	124	5
58	1	5
58	127	4
58	13	3
58	284	4
58	20	1
58	151	3
58	100	5
58	150	4
58	25	4
58	246	5
58	283	1
58	1008	1
58	475	5
58	1012	4
58	111	4
58	7	5
58	222	4
58	182	4
58	204	4
58	663	2
58	1063	1
58	652	5
58	98	4
58	194	3
58	134	5
58	640	5
58	189	3
58	773	4
58	32	5
58	709	5
58	603	5
58	568	4
58	645	5
58	1006	2
58	655	5
58	654	5
58	462	4
58	12	5
58	153	5
58	1084	4
58	185	2
58	490	4
58	1070	4
58	42	4
58	169	4
58	1098	4
58	176	4
58	144	4
58	8	4
58	156	5
58	511	5
58	1100	2
58	425	5
58	960	4
58	730	5
58	11	5
58	209	5
58	210	4
58	955	4
58	923	5
58	318	3
58	474	4
58	1019	4
58	198	3
58	195	4
58	692	2
58	497	2
58	1103	5
58	135	4
58	223	5
58	850	5
58	558	5
58	433	5
58	203	5
58	238	5
58	651	4
58	501	2
58	193	3
58	480	3
58	483	5
58	275	5
58	89	3
58	463	3
58	172	5
58	584	5
58	61	5
58	174	4
58	228	5
58	684	4
58	64	5
58	45	5
58	200	3
58	214	2
58	732	3
58	514	5
58	216	3
58	173	5
58	56	5
58	1104	2
58	340	4
201	679	3
201	233	4
201	265	3
201	231	2
201	578	2
201	118	1
201	597	2
201	227	4
201	62	1
201	636	2
30	892	4
30	751	3
679	286	5
679	288	4
679	327	4
679	294	1
679	322	3
679	268	4
679	748	4
737	171	4
737	169	4
737	180	4
737	89	4
737	100	5
737	475	4
737	156	5
737	154	4
737	137	5
737	196	3
737	96	2
737	474	5
737	64	4
737	174	2
737	160	4
737	11	3
737	501	1
737	12	4
737	186	5
737	357	5
737	58	4
737	173	4
737	192	5
737	427	3
737	47	3
737	32	4
737	22	4
737	428	4
737	258	5
737	222	3
737	187	5
737	127	5
737	175	5
815	257	3
815	222	4
815	258	4
524	322	4
524	895	4
524	259	3
524	301	4
524	321	3
524	304	4
524	289	4
524	748	2
524	508	5
524	100	5
524	129	5
524	14	5
524	116	4
524	117	3
524	124	5
524	273	3
524	285	3
524	237	3
524	471	4
524	277	3
524	676	3
524	950	4
524	845	5
524	111	5
524	126	4
524	221	4
524	281	2
524	222	2
524	472	3
524	290	2
524	284	3
524	13	4
524	928	4
679	751	5
783	750	4
783	269	4
783	288	3
783	286	3
783	300	4
783	258	4
783	292	4
783	333	4
783	876	4
783	301	4
783	346	5
783	331	3
783	334	3
783	345	4
783	307	5
783	294	3
783	271	5
783	872	4
783	328	4
783	335	3
783	880	4
783	881	4
783	299	5
783	887	5
783	260	4
783	948	3
783	264	4
783	330	1
783	343	5
783	895	4
924	258	3
924	286	3
924	322	2
924	896	4
924	300	2
671	219	3
671	559	4
557	346	2
557	750	4
557	1070	2
557	288	1
557	892	3
159	1254	1
159	451	5
159	1037	2
159	195	3
159	96	4
311	750	5
311	258	4
311	751	3
311	754	3
311	306	4
648	304	5
127	294	4
311	300	4
127	750	1
127	288	5
127	690	1
311	310	4
311	329	4
311	321	3
127	268	1
127	901	5
127	300	5
127	258	5
311	326	2
311	294	4
311	322	4
311	748	4
311	348	4
127	748	5
311	315	5
311	323	3
127	343	5
648	475	1
311	539	4
311	12	4
311	82	5
311	188	4
311	483	4
311	622	3
311	56	5
311	178	5
311	186	3
311	493	4
311	8	4
311	1221	4
311	209	2
311	747	3
311	98	5
311	64	5
311	134	5
311	216	5
127	286	1
311	211	3
311	485	1
311	127	4
311	22	4
311	195	4
311	174	5
311	318	5
311	173	5
311	604	3
311	23	3
311	58	3
311	31	4
311	496	5
311	494	4
311	480	4
311	1116	3
311	651	4
311	79	4
311	692	4
311	133	3
311	210	5
311	523	5
311	648	4
311	202	4
311	939	2
311	241	3
311	921	4
311	181	4
311	528	4
311	194	4
311	172	5
311	191	4
311	177	5
127	243	5
311	180	4
311	187	4
311	967	3
311	83	5
311	232	3
311	265	5
311	143	3
311	198	3
311	550	3
311	592	5
311	71	4
311	89	5
311	650	3
127	228	5
127	222	5
127	230	5
127	271	5
127	50	4
127	227	4
127	229	5
311	526	5
311	504	4
311	234	4
311	419	3
311	230	5
311	498	4
311	433	3
127	380	5
127	62	5
127	450	5
127	449	4
311	70	4
311	69	5
311	215	4
311	170	5
311	39	4
311	662	4
311	213	4
311	99	5
311	654	3
311	661	3
311	193	5
311	684	4
311	699	4
311	50	5
311	176	4
311	357	5
311	208	4
311	482	4
311	28	5
311	468	4
311	470	3
311	76	4
311	425	2
311	44	3
311	491	4
311	203	5
311	431	4
311	530	3
311	705	3
311	511	4
311	418	4
311	520	5
311	778	4
311	660	4
311	131	3
311	86	5
311	588	4
311	702	3
311	239	3
311	385	5
311	196	5
311	228	5
311	568	5
311	66	4
311	179	2
311	136	5
311	238	4
311	97	4
311	614	4
311	205	5
311	724	4
311	404	3
311	168	4
311	655	4
311	465	4
311	88	4
311	729	4
311	518	3
311	553	3
311	81	3
311	505	4
311	515	4
311	432	4
311	199	4
311	1050	3
311	584	3
311	499	4
311	183	5
311	487	4
311	479	5
311	132	4
311	951	3
311	519	3
311	621	4
311	423	5
311	775	3
311	161	4
311	365	4
311	679	4
311	204	5
311	732	4
311	966	4
311	227	4
311	356	4
311	96	5
311	387	4
311	47	2
311	415	3
311	1297	4
311	965	3
311	63	3
311	72	4
311	197	4
311	1217	3
311	639	4
311	716	4
311	443	3
311	77	5
311	200	4
311	448	5
311	444	2
311	715	2
311	231	4
311	562	3
311	386	3
311	367	3
311	527	4
311	849	3
311	739	4
311	642	4
311	449	3
311	68	1
311	1479	3
311	700	3
311	5	3
311	416	4
311	796	3
311	403	4
311	768	2
311	233	4
311	229	5
311	570	4
311	62	3
311	941	4
311	630	5
311	578	2
311	1035	4
311	38	3
311	501	5
311	671	3
648	281	3
648	127	3
311	51	4
311	1222	3
311	366	5
311	785	3
311	755	4
311	726	3
311	417	3
311	495	4
311	393	4
311	380	4
311	627	4
311	392	5
311	761	3
311	428	4
311	549	2
311	645	5
311	942	5
311	566	4
311	623	2
311	371	5
311	581	3
648	294	3
648	123	4
311	723	4
311	94	3
311	73	4
311	1042	3
311	559	2
311	141	4
311	402	4
311	43	4
311	469	5
311	436	3
311	576	3
311	399	4
311	794	4
311	946	4
311	1046	3
311	781	2
311	720	3
311	420	1
311	1041	3
311	218	4
311	378	5
311	708	5
311	212	3
311	101	4
311	226	4
311	451	3
648	717	4
311	944	4
311	54	4
311	41	3
311	783	3
311	91	3
311	1232	4
311	192	3
311	510	4
311	484	4
311	509	3
648	1258	2
311	135	4
311	185	2
311	735	4
311	521	4
311	1119	4
648	368	2
648	678	3
311	845	4
311	222	4
311	117	4
311	121	4
648	756	2
648	840	1
648	1376	2
648	456	2
648	254	3
648	407	4
648	104	1
648	103	1
648	412	1
648	1337	3
648	878	3
648	112	2
648	743	1
648	520	4
648	176	4
648	172	5
648	204	5
648	474	4
648	143	4
648	191	5
648	500	5
648	385	5
648	429	4
648	498	3
648	71	3
648	454	3
648	526	3
648	144	4
648	178	4
648	195	5
648	98	4
648	199	4
648	234	5
648	318	3
648	95	3
648	179	4
648	183	5
648	423	4
648	484	5
648	185	5
648	662	3
648	152	5
648	432	5
648	96	5
648	479	4
648	211	4
648	184	5
648	527	4
648	180	1
924	285	4
924	50	5
924	276	2
924	127	3
924	283	4
924	181	3
924	1	5
924	100	4
924	471	4
671	255	5
207	1283	4
207	87	4
207	1242	5
207	328	2
207	476	2
207	224	3
58	300	4
96	182	4
96	187	5
96	173	3
96	673	4
96	484	5
96	525	2
96	156	4
96	89	5
96	519	4
96	50	5
96	514	4
96	190	4
96	174	5
96	8	5
96	645	5
96	318	5
96	483	5
96	423	5
96	196	4
96	216	4
96	445	4
96	474	4
96	478	2
96	183	4
96	23	5
96	195	5
96	42	1
96	127	5
96	98	5
96	200	5
96	238	4
96	91	5
96	144	4
96	64	5
96	56	5
96	234	4
96	486	3
96	194	2
96	198	5
96	435	3
96	79	4
96	96	4
96	87	4
96	1	5
96	153	4
96	181	5
96	265	5
96	83	3
96	176	4
96	479	4
96	100	5
96	7	5
96	185	5
96	170	5
96	1154	5
96	1232	5
653	286	4
653	310	4
653	471	2
653	222	3
653	282	3
653	1014	2
653	248	3
653	984	4
653	328	4
758	272	4
195	198	3
195	328	4
58	310	4
790	268	4
790	294	2
790	288	4
790	259	2
790	328	3
790	748	1
790	678	3
790	687	1
790	1025	1
790	117	5
790	181	4
790	246	4
790	1	3
790	116	4
790	100	2
790	50	4
790	258	3
790	123	3
790	15	5
790	222	3
790	283	2
790	237	4
790	742	4
790	546	1
790	282	4
790	475	3
790	121	3
790	275	4
790	109	3
790	7	4
790	13	3
790	249	3
790	298	5
790	111	3
790	284	4
790	273	5
790	248	4
790	25	2
790	1016	2
790	405	3
790	274	3
790	10	1
790	151	4
790	685	4
790	597	3
790	931	2
790	762	5
790	825	3
790	108	3
790	472	2
790	235	1
790	1282	5
790	1014	2
790	1244	1
790	928	3
790	926	2
790	864	4
790	763	3
790	1028	3
790	1048	4
790	240	3
790	826	1
790	1215	1
790	1165	2
790	105	2
790	411	3
790	122	2
790	1040	2
790	368	2
318	269	5
318	294	4
318	750	4
318	301	4
318	340	4
318	321	4
318	326	4
318	312	4
318	898	4
318	315	5
318	892	3
318	307	3
318	286	3
318	305	2
318	289	3
318	275	4
318	284	3
318	282	4
318	100	5
318	15	5
318	285	4
318	127	5
318	257	5
318	14	4
318	1012	4
935	286	5
935	313	5
935	300	4
935	181	4
935	1	3
935	127	4
935	100	3
935	257	2
935	283	4
935	237	5
935	15	5
935	117	4
935	255	4
935	742	5
935	685	4
935	281	5
935	471	4
935	274	5
935	9	1
935	924	4
935	1016	4
935	121	4
935	476	4
935	1048	3
935	282	4
935	125	4
935	597	4
935	815	4
935	620	2
935	284	4
935	118	4
935	405	4
935	864	5
935	934	4
935	546	4
935	717	4
935	148	4
935	120	3
935	846	4
521	288	3
521	268	5
521	751	3
521	258	4
521	271	3
521	300	3
521	1022	4
521	343	3
521	748	3
521	50	4
521	222	4
521	1	2
521	109	5
521	181	4
521	100	3
521	475	3
521	121	2
521	117	4
521	246	4
521	7	3
521	1016	3
521	25	2
521	250	3
521	125	3
521	108	3
521	257	3
521	1012	3
521	240	3
521	248	3
521	298	3
521	763	4
521	829	2
521	273	3
521	235	3
521	13	2
521	151	3
521	249	4
521	597	2
521	1014	3
521	206	5
521	405	2
521	1013	1
521	1059	1
521	147	4
521	833	2
521	1244	3
521	827	1
521	826	2
521	290	3
521	742	3
521	168	4
521	520	3
521	427	3
521	183	3
521	79	4
521	474	3
521	22	4
521	69	3
521	195	4
521	176	4
521	96	4
521	204	4
521	12	5
521	191	4
521	173	4
521	203	3
521	8	3
521	11	4
521	182	3
521	228	4
521	97	3
521	172	3
521	153	4
521	568	3
521	238	3
521	188	4
521	154	2
521	210	3
521	732	3
521	31	3
521	746	4
521	144	3
521	156	4
521	229	2
521	87	3
521	186	4
521	184	4
521	23	3
521	163	3
521	380	3
521	679	3
521	202	3
521	56	4
521	431	4
521	1240	3
521	393	3
521	226	4
521	42	5
521	174	4
521	423	3
521	684	3
14	319	1
711	778	4
711	345	4
711	1160	5
711	272	5
679	249	3
679	484	4
679	154	4
679	83	5
679	28	5
679	172	5
679	50	5
679	318	5
679	357	5
679	174	3
679	8	2
679	153	2
679	169	3
679	173	5
679	527	4
679	483	5
679	520	4
679	64	4
679	223	5
679	100	3
679	423	3
679	143	2
679	531	4
679	204	3
679	181	5
679	97	3
679	70	4
679	132	4
679	710	4
679	222	4
679	56	4
679	184	4
679	419	3
679	432	4
679	168	5
679	42	4
679	196	4
679	721	3
679	69	4
679	95	3
679	1	3
679	111	3
679	290	2
679	588	3
679	291	4
679	727	4
679	215	3
679	73	4
679	241	3
679	416	3
679	568	2
679	121	2
679	109	3
679	63	3
869	288	3
869	242	2
869	294	3
869	312	2
869	315	3
869	237	4
869	181	3
869	116	4
869	50	4
869	275	4
869	282	3
869	276	4
869	13	3
869	596	3
869	298	3
869	240	4
869	25	2
869	125	3
869	126	2
869	284	1
869	815	1
869	15	1
869	287	2
869	846	2
869	1382	3
869	1163	2
869	118	1
869	1061	1
869	1134	1
869	476	1
869	1047	2
869	756	1
869	411	4
869	1132	1
869	1079	2
869	696	2
869	122	3
869	100	5
869	127	5
869	249	4
869	269	4
869	1014	4
869	310	4
869	412	5
869	151	5
869	253	4
869	515	5
700	181	5
700	28	3
700	651	4
700	173	5
700	169	3
700	174	4
700	50	5
700	56	3
700	222	3
700	202	3
700	423	4
700	98	3
700	48	4
700	144	4
700	180	3
700	96	4
700	73	3
700	531	4
700	79	3
700	318	4
700	168	3
318	137	4
318	255	4
318	237	5
318	628	4
318	25	5
318	405	2
318	458	4
318	763	3
318	1014	2
318	815	3
318	508	4
318	866	4
318	248	3
318	1160	5
318	1048	4
318	864	2
318	121	1
318	1023	2
318	24	4
318	476	4
318	105	1
318	1120	3
318	934	4
318	648	5
318	692	4
318	423	5
318	56	3
318	194	5
318	64	4
318	174	4
318	8	4
318	134	5
318	265	4
318	208	4
318	657	5
318	50	2
318	187	4
318	474	4
318	842	2
318	12	4
318	480	4
318	509	5
318	659	4
318	132	4
318	216	4
318	419	5
318	531	4
318	66	4
318	485	5
318	143	5
318	196	3
318	1063	3
318	697	5
318	414	4
318	197	5
318	435	5
318	210	4
318	191	5
318	517	3
318	357	4
318	865	2
318	524	3
318	162	5
318	1204	2
318	481	4
318	482	5
318	735	5
318	204	5
318	215	2
318	792	2
318	318	5
318	142	4
318	58	4
318	732	5
318	655	4
318	205	3
318	193	3
318	88	4
318	712	4
318	70	5
318	385	4
318	157	5
318	211	5
318	133	4
318	566	4
318	796	3
318	514	2
318	610	5
318	182	4
318	69	5
318	527	5
318	404	3
318	356	4
318	968	3
318	140	4
318	161	3
318	1050	4
318	403	2
318	47	2
318	631	4
318	63	3
