user	item	rating	time
848	153	5	887039271
848	210	5	887039271
848	170	5	887039271
848	186	5	887039271
848	520	5	887039329
848	647	5	887039329
848	478	5	887039531
848	584	3	887039531
848	480	5	887040025
848	512	5	887040025
848	23	2	887040025
848	89	5	887040097
848	195	3	887040097
848	42	2	887040097
848	655	4	887040097
848	141	4	887040159
848	216	5	887040159
848	125	5	887040159
848	200	2	887040302
848	661	3	887040302
848	479	5	887040302
848	108	5	887040302
532	532	3	887040858
532	235	3	887041328
848	430	5	887041354
848	95	5	887041354
532	864	4	887041540
848	523	5	887042341
848	72	5	887042341
848	485	5	887042341
848	199	5	887042341
848	179	5	887042377
848	451	4	887042377
848	435	3	887042427
848	529	5	887042871
848	32	5	887042871
92	313	5	887042925
848	633	3	887043040
848	484	5	887043040
848	530	5	887043040
848	202	5	887043040
848	433	3	887043180
848	151	4	887043180
848	1126	5	887043265
848	207	5	887043265
848	134	5	887043265
848	121	4	887043266
848	403	4	887043266
848	69	2	887043340
848	419	5	887043421
848	109	4	887043421
848	971	5	887043421
848	164	5	887043421
848	517	5	887043514
848	490	5	887043514
848	588	3	887043514
848	97	5	887043607
848	421	5	887043777
848	747	5	887043777
848	1021	5	887043777
848	514	5	887043777
848	489	5	887043821
848	945	5	887043821
894	900	3	887044070
894	905	3	887044109
848	196	5	887044238
894	885	2	887044250
848	152	5	887046166
848	610	5	887046259
848	582	4	887046329
848	663	5	887046329
848	238	4	887046329
848	1101	5	887046533
848	845	5	887046565
848	215	5	887046565
848	973	5	887046619
848	708	4	887046619
848	509	4	887046674
848	755	5	887046674
848	181	5	887046674
848	566	4	887046823
848	25	5	887046890
848	405	5	887046915
848	71	5	887046915
848	855	5	887046915
848	241	5	887047243
848	118	2	887047243
848	603	5	887047308
848	133	4	887047308
848	679	3	887047674
848	476	3	887047674
450	347	4	887047775
848	265	4	887047808
848	428	5	887047809
848	443	5	887047921
848	393	5	887047962
848	163	5	887048073
848	501	3	887048073
848	805	5	887048111
848	1065	2	887048154
102	313	3	887048184
848	739	5	887048260
848	88	4	887048260
848	162	2	887048541
848	1118	5	887048573
848	214	5	887048573
848	732	5	887048573
531	288	1	887048686
531	302	5	887048686
531	327	3	887048718
531	286	5	887048741
531	311	4	887048763
531	690	5	887048789
531	259	1	887048789
531	990	5	887048789
531	332	4	887048813
531	751	4	887048836
531	908	1	887048836
531	289	3	887048862
531	300	4	887048862
531	312	5	887048899
531	338	1	887048938
531	688	1	887048998
531	245	4	887049049
531	898	5	887049081
531	329	5	887049081
531	748	4	887049081
531	323	5	887049081
531	905	4	887049166
531	892	3	887049187
531	358	1	887049187
531	895	2	887049214
531	1316	4	887049214
531	894	1	887049214
531	890	1	887049341
531	457	1	887049341
531	313	5	887049364
102	288	2	887051621
102	338	2	887051723
606	248	5	887058736
606	258	4	887058788
606	620	4	887059014
606	333	5	887059213
606	260	3	887059561
606	993	5	887059716
606	833	5	887060394
606	763	5	887060488
838	313	5	887060659
838	258	5	887060659
838	311	4	887060659
838	302	4	887060659
838	300	2	887060778
838	750	4	887060879
838	748	3	887060972
838	271	4	887060972
838	289	5	887061035
838	286	4	887061035
606	255	5	887061723
606	1016	3	887062032
838	50	5	887063657
838	127	5	887063657
838	124	4	887063696
838	9	4	887063696
838	181	5	887063696
838	255	4	887063937
838	93	3	887063937
838	283	5	887063994
838	100	4	887063994
838	257	5	887064014
838	1	5	887064024
838	718	5	887064051
838	7	5	887064072
838	275	5	887064193
838	713	4	887064193
838	993	3	887064231
838	24	4	887064231
838	121	2	887064248
838	596	5	887064275
838	455	4	887064275
838	249	4	887064315
838	919	5	887064316
479	340	1	887064320
838	222	4	887064356
838	111	4	887064357
479	338	1	887064372
838	274	4	887064388
479	680	3	887064404
479	688	1	887064434
838	1115	4	887064476
838	298	3	887064476
838	235	2	887064515
838	405	4	887064589
479	1244	3	887064647
479	535	3	887064690
479	118	3	887064767
838	276	4	887064825
838	254	3	887065606
838	28	4	887065709
838	191	5	887065709
838	705	5	887065750
838	87	4	887065750
838	96	4	887065781
838	1039	5	887065782
838	173	5	887065782
838	83	5	887065807
838	223	3	887065807
838	114	4	887065822
838	22	4	887065878
838	945	4	887065917
838	204	4	887066040
838	408	4	887066040
838	480	4	887066078
838	174	4	887066078
838	172	5	887066143
838	584	4	887066143
838	175	3	887066186
838	70	4	887066207
838	134	3	887066304
257	345	4	887066556
838	45	4	887066644
838	494	4	887066644
838	168	5	887066678
838	1005	4	887066678
838	128	4	887066724
838	732	4	887066782
838	71	3	887066782
838	56	5	887066782
838	153	4	887066783
838	82	4	887066783
838	8	4	887066972
838	190	4	887066988
838	419	5	887066989
838	187	3	887067019
838	206	4	887067020
838	12	4	887067063
838	318	5	887067085
838	487	4	887067126
838	385	4	887067127
838	497	5	887067162
838	72	4	887067162
838	568	4	887067309
838	179	5	887067340
838	210	4	887067359
838	238	4	887067359
838	228	4	887067390
838	169	4	887067390
838	60	4	887067575
838	69	4	887067609
838	143	5	887067631
43	313	5	887076865
576	276	3	887080905
576	50	4	887081005
576	181	4	887081041
576	255	3	887081086
758	752	3	887086705
914	313	3	887121969
914	197	4	887122028
914	371	4	887122029
914	451	2	887122085
914	778	5	887122085
914	216	3	887122324
914	692	3	887122324
914	381	3	887122325
914	781	5	887123464
914	724	3	887123464
914	736	3	887123465
914	732	2	887123465
914	643	4	887123886
914	1259	1	887123886
914	1406	4	887123886
914	1355	1	887123886
914	111	1	887124121
914	88	2	887124121
914	387	3	887124121
914	775	3	887124121
914	155	5	887124121
914	739	2	887124376
914	402	5	887124376
751	347	4	887134587
751	315	3	887134587
751	300	2	887134622
751	272	4	887134672
751	538	4	887134672
751	270	4	887134730
751	305	2	887134730
751	310	3	887134816
751	301	5	887134816
751	332	3	887134842
751	748	2	887135437
299	313	3	887135516
299	347	4	887135610
450	607	5	887135753
450	611	5	887135833
450	1303	4	887136016
299	752	3	887136060
450	520	5	887136083
450	865	4	887136139
450	177	4	887136369
450	647	4	887136622
450	23	5	887136837
450	1192	5	887137066
450	715	3	887137066
450	1039	5	887137271
450	356	4	887138756
450	54	4	887138820
450	1518	4	887138957
450	1107	4	887138957
450	546	4	887139019
450	43	4	887139080
450	77	4	887139143
450	693	3	887139232
450	470	5	887139517
450	284	4	887139517
450	729	4	887139517
450	1284	3	887139594
450	1603	3	887139728
450	570	4	887139728
450	823	3	887139729
450	1311	4	887139844
450	1044	4	887139844
896	310	4	887157208
896	302	2	887157234
896	300	2	887157234
896	258	5	887157258
896	271	1	887157278
896	872	3	887157322
896	307	3	887157636
896	325	1	887157732
896	260	2	887157732
896	182	4	887157924
896	187	5	887157924
896	234	4	887157925
896	273	5	887157947
896	22	5	887157947
896	204	4	887157947
896	493	5	887157978
896	789	2	887157978
896	55	3	887157978
896	199	3	887158005
896	515	3	887158029
896	496	4	887158029
896	525	5	887158164
896	153	4	887158165
896	238	3	887158165
896	239	4	887158165
896	480	3	887158185
896	97	4	887158265
896	588	5	887158265
896	9	4	887158266
896	228	5	887158266
896	318	4	887158294
896	730	4	887158294
896	100	3	887158294
896	87	4	887158295
896	497	3	887158332
896	210	4	887158332
896	11	2	887158333
896	144	4	887158333
896	483	3	887158333
896	482	3	887158359
896	98	5	887158359
896	76	3	887158359
896	603	4	887158384
896	661	4	887158384
896	427	4	887158384
896	79	5	887158384
896	282	2	887158555
896	95	4	887158555
896	172	5	887158555
896	127	5	887158578
896	1	4	887158579
896	435	4	887158579
896	132	3	887158579
896	265	4	887158604
896	1194	3	887158604
896	191	4	887158604
896	12	3	887158604
896	96	5	887158635
896	48	4	887158635
896	836	3	887158635
896	198	4	887158636
896	180	5	887158660
896	481	4	887158683
896	173	5	887158683
896	275	4	887158713
896	203	5	887158713
896	479	3	887158713
896	237	5	887158714
896	168	4	887158738
896	28	2	887158738
896	478	5	887158739
896	39	2	887158739
896	420	4	887158739
896	705	5	887158768
896	69	5	887158768
896	136	5	887158768
896	200	4	887158768
896	209	3	887158790
896	241	5	887158791
833	347	3	887158791
896	181	5	887158829
896	511	5	887158830
896	223	4	887158830
896	31	3	887158830
896	124	4	887158830
896	274	2	887158865
896	709	3	887158866
896	429	5	887158866
896	468	2	887158866
896	201	3	887158900
896	15	3	887158900
896	143	4	887158901
896	64	4	887158926
896	135	3	887158926
896	71	5	887158927
833	144	4	887158945
833	226	3	887158946
833	802	1	887158946
833	550	2	887158946
833	1143	4	887158946
896	651	4	887158958
896	215	5	887158959
896	684	4	887158959
896	188	3	887159011
896	952	4	887159012
896	1045	3	887159012
896	1240	4	887159012
896	141	3	887159012
896	508	2	887159035
896	82	3	887159068
896	462	3	887159069
896	461	3	887159069
896	317	4	887159069
896	186	4	887159069
896	222	4	887159109
896	655	4	887159109
896	134	5	887159109
896	425	2	887159110
896	1101	2	887159110
896	414	3	887159145
896	7	4	887159145
896	23	2	887159145
896	686	3	887159146
896	1098	3	887159146
896	423	3	887159172
896	4	3	887159173
896	117	2	887159173
896	402	4	887159173
896	692	4	887159173
896	196	3	887159173
896	526	4	887159211
896	19	2	887159211
896	50	5	887159211
896	154	3	887159212
896	518	3	887159234
896	430	3	887159234
896	25	3	887159261
896	632	2	887159261
896	1221	2	887159261
896	89	5	887159262
896	735	3	887159262
896	431	3	887159262
896	161	3	887159302
896	1214	2	887159302
896	484	4	887159302
896	128	4	887159321
896	164	4	887159321
896	121	3	887159343
896	8	5	887159343
896	24	4	887159344
896	73	3	887159368
896	206	3	887159368
896	387	2	887159368
896	91	2	887159369
896	88	5	887159426
896	474	3	887159426
896	596	2	887159426
896	147	2	887159464
896	742	1	887159464
896	202	2	887159464
896	393	3	887159464
896	631	2	887159464
896	636	3	887159464
896	133	2	887159502
896	647	3	887159502
896	190	5	887159530
896	320	3	887159530
896	129	4	887159531
896	966	4	887159531
896	845	3	887159531
896	58	3	887159531
896	470	2	887159531
896	83	5	887159554
896	1672	2	887159554
896	211	4	887159554
896	157	4	887159555
896	195	4	887159578
896	184	3	887159578
896	587	3	887159603
896	568	2	887159603
896	175	2	887159603
896	713	2	887159630
896	179	2	887159630
896	710	4	887159657
896	216	5	887159658
896	746	3	887159658
896	489	5	887159674
896	732	4	887159674
896	436	3	887159692
896	739	2	887159723
896	371	2	887159723
896	455	2	887159723
896	527	4	887159723
896	123	3	887159748
896	380	2	887159748
896	118	2	887159805
896	379	2	887159805
896	566	4	887159805
896	597	4	887159854
896	108	3	887159854
896	660	5	887159872
896	654	3	887159895
896	715	3	887159895
896	658	4	887159895
896	86	1	887159926
896	820	2	887159926
896	504	3	887159926
896	708	2	887159926
896	1134	3	887159950
896	51	2	887159951
896	422	3	887159972
896	471	3	887159972
896	284	4	887159972
896	774	3	887159973
896	2	3	887160000
896	42	4	887160000
896	582	2	887160040
896	744	3	887160040
896	1119	3	887160040
896	637	2	887160041
896	101	3	887160070
896	70	4	887160086
896	152	3	887160116
896	1018	3	887160116
896	1267	2	887160165
896	392	3	887160187
896	1248	2	887160187
896	559	3	887160187
896	33	2	887160209
896	942	4	887160209
896	549	2	887160209
896	367	4	887160227
896	160	3	887160247
896	77	4	887160270
896	808	3	887160270
896	405	2	887160270
896	226	3	887160270
896	1622	2	887160296
896	1011	2	887160296
896	92	1	887160296
896	68	3	887160313
896	1208	3	887160339
896	229	4	887160399
896	1351	2	887160399
896	385	4	887160426
896	557	3	887160426
896	232	3	887160427
896	85	3	887160427
896	356	3	887160427
896	1217	2	887160446
896	674	2	887160446
896	721	4	887160465
896	685	3	887160465
896	219	3	887160500
896	662	3	887160529
896	403	1	887160554
896	1028	2	887160554
896	212	2	887160582
896	1046	2	887160583
896	54	2	887160606
896	148	2	887160606
896	233	2	887160631
896	1423	2	887160631
896	616	3	887160653
896	768	2	887160653
896	578	2	887160653
896	1406	3	887160676
896	572	2	887160676
896	542	3	887160677
896	576	2	887160677
896	640	2	887160701
896	770	5	887160702
896	591	3	887160702
896	642	2	887160702
896	1681	3	887160722
896	426	2	887160722
896	46	2	887160750
896	765	4	887160750
896	1522	2	887160750
896	809	2	887160771
896	231	1	887160771
896	291	3	887160795
896	679	3	887160813
896	411	2	887160842
896	1183	2	887160842
896	384	2	887160860
896	550	2	887160880
896	1231	1	887160880
896	159	2	887160880
896	29	2	887160916
896	80	2	887160938
896	546	2	887160938
896	810	1	887160958
896	1284	2	887160958
896	798	2	887160983
896	67	2	887160983
896	472	2	887160983
896	1078	3	887160983
896	139	2	887161033
896	928	3	887161033
896	1220	1	887161033
896	1042	2	887161151
896	399	1	887161151
896	43	3	887161171
896	281	2	887161172
896	386	3	887161172
896	802	2	887161172
896	217	2	887161198
896	235	1	887161198
896	570	2	887161198
896	763	2	887161199
896	554	2	887161199
896	672	2	887161218
896	473	2	887161393
896	1222	2	887161393
896	1112	3	887161393
896	1074	2	887161393
896	145	1	887161413
896	800	3	887161448
896	562	2	887161448
896	398	2	887161469
896	840	2	887161469
896	575	2	887161469
896	569	2	887161488
896	62	2	887161488
896	1249	2	887161518
896	225	1	887161518
896	1303	4	887161518
896	824	1	887161541
896	476	2	887161541
896	1004	2	887161542
896	849	2	887161563
896	801	2	887161564
896	1437	1	887161564
896	452	3	887161564
896	174	5	887161710
896	230	4	887161728
896	227	4	887161728
896	450	1	887161728
896	752	1	887161916
456	268	5	887165395
456	286	3	887165765
456	346	5	887165765
456	258	4	887165802
576	257	4	887168556
576	9	3	887168978
576	259	2	887168978
576	475	1	887168978
576	324	2	887168978
576	248	4	887169019
578	288	3	887229335
578	346	3	887229335
578	313	5	887229355
578	300	4	887229386
578	751	3	887229503
578	245	3	887229523
506	333	4	887230118
896	27	1	887235026
896	720	1	887235026
896	53	1	887235026
896	719	1	887235026
896	1471	1	887235026
896	696	1	887235027
896	458	1	887235027
896	20	1	887235027
896	257	4	887235105
896	313	4	887235122
896	250	3	887235144
896	248	4	887235249
896	245	4	887235265
896	993	4	887235498
896	751	4	887235605
896	327	5	887235643
896	880	4	887235664
896	665	1	887235690
896	176	5	887235690
896	183	4	887235690
896	343	1	887235690
896	299	1	887235709
896	328	1	887235731
896	358	1	887235749
896	887	2	887235769
896	760	2	887235788
896	288	3	887235788
896	895	2	887235788
241	690	2	887249482
241	346	3	887249482
241	286	5	887249482
241	310	4	887249576
241	302	3	887249576
241	750	5	887249576
241	268	4	887249576
241	300	4	887249685
241	887	4	887249685
241	682	2	887249745
241	288	5	887249745
241	307	4	887249795
241	313	4	887249795
241	332	3	887249841
241	880	5	887249889
241	350	2	887249889
241	270	3	887250026
241	292	4	887250084
241	895	2	887250085
241	335	3	887250085
241	294	3	887250085
241	689	3	887250085
241	343	2	887250085
592	900	4	887257094
592	885	2	887257199
592	898	2	887257199
385	1103	3	887269178
472	682	4	887297923
768	65	4	887305100
322	751	2	887313611
322	303	3	887313611
322	346	3	887313611
322	272	4	887313698
322	258	4	887313698
322	127	4	887313801
322	216	3	887313850
322	156	4	887313850
322	185	5	887313850
322	194	5	887313850
322	479	5	887313892
322	489	3	887313892
322	234	4	887313893
322	655	5	887313946
322	48	4	887313946
322	12	4	887313946
322	33	4	887313946
322	197	5	887313983
322	591	3	887313984
322	192	5	887313984
322	608	3	887314027
322	150	4	887314027
322	656	5	887314027
322	1019	4	887314073
322	508	4	887314073
322	92	4	887314073
322	654	5	887314118
322	507	4	887314119
322	505	4	887314119
322	1	2	887314119
322	64	5	887314148
322	513	4	887314185
322	89	3	887314185
322	9	4	887314212
322	157	5	887314244
322	188	3	887314244
322	521	5	887314244
322	318	4	887314280
322	653	4	887314310
322	196	4	887314352
322	514	4	887314352
322	179	5	887314416
322	23	5	887314417
322	32	5	887314417
322	182	5	887314417
322	483	5	887314417
322	313	5	887314417
322	302	5	887314417
322	603	5	887314417
322	528	5	887314418
322	50	5	887314418
254	286	1	887346861
254	269	2	887346935
254	97	5	887346963
254	8	5	887347000
254	140	4	887347350
254	1	3	887347350
254	622	4	887347350
254	126	3	887347350
254	22	4	887347350
254	1183	4	887347350
254	94	3	887347350
254	403	3	887347350
254	662	4	887347350
254	429	4	887347350
254	1443	4	887347382
254	258	4	887347560
254	243	2	887347834
751	751	4	887396425
80	887	4	887401236
80	154	3	887401307
80	87	4	887401307
80	483	5	887401328
80	215	5	887401353
80	199	2	887401353
80	213	3	887401407
80	79	4	887401407
80	531	4	887401430
80	100	5	887401453
80	64	5	887401475
80	86	5	887401496
80	514	3	887401533
80	699	3	887401533
80	205	5	887401533
80	50	3	887401533
80	234	3	887401533
80	45	4	887401585
80	208	5	887401604
80	423	3	887401643
80	58	4	887401677
80	582	3	887401701
80	466	5	887401701
80	237	4	887401732
80	194	3	887401763
924	117	2	887421305
924	13	3	887421305
141	333	5	887424639
655	315	4	887424720
655	302	4	887424720
141	300	5	887424721
655	242	4	887424795
655	286	3	887424831
655	359	3	887424883
655	306	3	887424883
141	1280	1	887424890
655	347	3	887424948
655	1022	3	887424948
655	900	3	887424991
655	995	3	887424991
655	301	2	887424991
655	328	2	887425025
655	1265	3	887425025
655	903	3	887425070
655	289	3	887425070
655	294	3	887425103
655	271	3	887425103
655	321	3	887425103
655	325	2	887425197
655	330	2	887425295
655	515	4	887425458
655	1143	3	887425458
655	50	4	887425458
655	935	3	887425498
655	1538	3	887425498
655	295	3	887425530
655	298	4	887425564
655	1252	3	887425601
655	181	3	887425601
655	1016	3	887425601
655	1380	4	887425625
655	936	3	887425625
655	250	3	887425625
655	1256	3	887425655
655	1082	3	887425655
655	1255	3	887425732
655	6	4	887425812
655	275	4	887425845
655	224	3	887425845
655	283	3	887425936
655	149	4	887425936
655	285	4	887425936
655	7	3	887425969
655	129	3	887426008
655	1375	3	887426008
655	1097	3	887426008
655	508	3	887426030
655	117	2	887426030
655	1356	3	887426059
655	124	3	887426087
655	1245	3	887426087
655	237	3	887426116
655	1171	3	887426200
655	125	2	887426200
655	741	3	887426201
655	13	3	887426237
655	591	3	887426237
655	1008	3	887426300
655	1319	3	887426373
655	273	4	887426373
655	236	3	887426407
655	458	3	887426407
655	845	2	887426446
655	975	3	887426446
655	1161	3	887426446
655	220	2	887426583
655	676	2	887426665
655	118	2	887426666
655	685	2	887426666
655	284	2	887426732
655	126	2	887426732
655	281	2	887426732
655	363	3	887426770
655	197	3	887426864
655	357	4	887426864
655	32	4	887426900
655	522	3	887426900
655	521	3	887426900
655	64	4	887426931
655	175	3	887426931
655	97	3	887426931
655	23	3	887426971
655	772	3	887426972
655	47	3	887426972
655	650	3	887427009
655	511	3	887427009
655	178	4	887427009
655	1108	3	887427083
655	1629	3	887427083
655	135	4	887427083
655	12	3	887427130
655	461	2	887427130
655	658	3	887427130
655	582	2	887427131
655	382	3	887427131
655	28	3	887427210
655	960	3	887427210
655	1169	3	887427210
655	1101	2	887427243
655	953	3	887427243
655	523	3	887427268
655	1400	3	887427268
655	708	3	887427307
655	867	4	887427307
655	11	2	887427307
655	193	3	887427307
655	190	3	887427338
655	735	3	887427338
655	26	3	887427338
655	1100	3	887427371
655	81	3	887427371
655	509	3	887427441
655	1045	3	887427473
655	160	3	887427473
655	558	4	887427506
655	1445	3	887427538
655	1136	2	887427568
655	527	3	887427568
655	724	3	887427600
655	58	3	887427600
655	744	2	887427636
655	468	3	887427681
655	1211	4	887427681
655	1135	3	887427743
655	57	3	887427743
655	469	3	887427778
655	1641	3	887427810
655	1113	3	887427810
655	1267	2	887427840
655	686	2	887427866
655	959	3	887427958
655	433	2	887428030
655	367	3	887428031
655	954	2	887428031
655	56	3	887428060
655	216	4	887428086
655	428	3	887428157
655	186	3	887428157
655	42	3	887428184
655	796	2	887428280
655	451	3	887428280
655	211	3	887428334
655	393	2	887428334
655	781	1	887428384
655	1167	3	887428384
655	1103	3	887428417
655	49	1	887428417
655	732	3	887428445
655	396	2	887428507
655	372	3	887428507
655	239	2	887428507
655	629	3	887428559
655	1061	2	887428623
655	476	2	887428671
655	1630	3	887428735
655	1623	4	887428735
655	1131	5	887428772
655	694	3	887428772
655	198	4	887428871
655	1506	3	887428871
655	1266	3	887428911
655	1121	3	887428938
655	1099	3	887428965
655	855	3	887428965
655	529	4	887428965
655	958	3	887428993
655	1535	3	887429023
655	1462	3	887429077
655	1149	3	887429107
655	1560	2	887429136
655	584	3	887429171
655	55	2	887429302
655	79	5	887429559
655	82	2	887429559
655	228	3	887429594
655	144	3	887429594
655	568	3	887429640
655	825	2	887429669
655	385	3	887429669
655	128	3	887429732
655	226	3	887429732
655	449	3	887429732
655	161	2	887429758
655	391	2	887429784
655	53	2	887429812
655	930	2	887429812
655	38	2	887429875
655	405	2	887429900
655	176	2	887429999
655	183	4	887429999
655	164	2	887430072
655	773	3	887430072
655	656	3	887430072
655	443	4	887430102
655	185	4	887430102
655	670	3	887430142
655	800	2	887430197
655	378	1	887430410
655	156	2	887430634
655	642	3	887430714
655	619	3	887430746
655	54	2	887430746
655	77	3	887430746
655	1208	3	887430746
655	594	3	887430778
655	1046	3	887430779
655	356	3	887430804
655	717	1	887430830
655	1090	3	887430855
655	728	2	887431019
655	794	1	887431019
655	402	2	887431019
655	553	2	887431019
655	722	1	887431047
655	764	1	887431074
655	1173	2	887431157
1	272	3	887431647
1	271	2	887431672
1	20	4	887431883
1	129	5	887431908
1	221	5	887431921
1	6	5	887431973
1	244	2	887431973
655	134	4	887431976
1	18	4	887432020
655	1635	3	887432079
655	610	4	887432283
655	899	2	887433492
655	337	2	887433538
655	1257	3	887433685
655	1278	2	887433780
379	502	5	887437190
195	326	3	887439400
655	1232	3	887472606
655	707	3	887472671
655	19	2	887472719
655	48	4	887472744
655	191	4	887472744
655	98	4	887472744
655	1147	3	887472767
655	895	3	887472767
655	1128	3	887472791
655	1018	3	887472791
655	288	3	887472814
655	750	2	887472879
655	333	2	887472879
655	1514	2	887472879
655	215	2	887472943
655	1465	2	887472943
655	559	2	887472965
655	786	2	887472965
655	1069	1	887473535
655	1636	4	887473570
655	531	4	887473570
655	528	5	887473570
655	631	4	887473570
655	603	4	887473605
655	1118	3	887473605
655	200	4	887473639
655	904	5	887473639
655	962	5	887473674
655	155	4	887473702
655	318	4	887473702
655	311	3	887473702
655	698	4	887473727
655	192	3	887473753
655	276	4	887473778
655	639	3	887473803
655	345	3	887473803
655	238	3	887473831
655	24	3	887473831
655	209	3	887473831
655	1111	3	887473856
655	223	3	887473856
655	789	3	887473879
655	1248	3	887473879
655	882	3	887473879
655	939	3	887473905
655	1098	3	887473905
655	310	3	887473937
655	684	3	887473965
655	195	3	887473965
655	863	3	887473995
655	246	3	887474020
655	1344	3	887474020
655	257	3	887474020
655	712	3	887474050
655	1070	4	887474050
655	512	3	887474050
655	543	3	887474050
655	268	3	887474077
655	654	3	887474077
655	605	3	887474241
655	317	3	887474269
655	644	3	887474288
655	645	3	887474288
655	1155	3	887474289
655	1197	3	887474289
655	1311	3	887474473
655	1005	4	887474605
655	896	4	887474605
655	1194	5	887474605
655	1516	3	887474630
655	466	3	887474630
655	249	3	887474630
655	381	3	887474656
655	921	3	887474656
655	1140	3	887474699
655	70	2	887474727
655	1029	1	887475032
655	1479	2	887475032
655	726	2	887475055
655	972	3	887475213
655	611	3	887475345
655	1112	2	887475641
655	945	2	887476008
655	729	2	887476031
655	300	3	887476919
655	715	3	887476942
655	203	3	887476943
655	69	3	887476943
655	87	3	887476943
655	1532	2	887476999
655	116	2	887476999
655	581	2	887477000
655	974	2	887477025
655	172	4	887477167
655	502	4	887477168
655	1010	3	887477191
655	204	3	887477192
655	159	3	887477216
655	702	2	887477262
655	265	3	887477314
655	1388	3	887477336
655	8	3	887477336
655	255	3	887477336
655	1153	3	887477336
655	1193	3	887477360
655	860	3	887477386
655	1475	3	887477386
655	212	3	887477409
655	966	3	887477409
655	425	3	887477409
655	690	2	887477489
655	1284	2	887477511
655	65	2	887477511
655	578	2	887488694
655	1638	3	887488947
655	537	3	887489086
655	1053	1	887489159
655	574	2	887489222
655	1213	2	887489282
655	1490	2	887489792
655	1529	2	887489792
655	785	2	887490946
655	1407	2	887491131
699	116	4	887503290
699	619	2	887503290
435	338	2	887509306
435	351	2	887509368
435	885	3	887509396
435	752	3	887509539
484	300	4	887519214
655	547	4	887523176
655	143	4	887523176
655	1378	3	887523176
655	291	3	887523177
655	700	3	887523200
655	1501	3	887523200
655	31	3	887523200
655	1448	3	887523224
655	806	3	887523224
655	632	3	887523224
655	170	3	887523224
655	880	2	887523271
655	1009	2	887523271
655	464	3	887523367
655	46	4	887523403
655	1585	4	887523403
655	520	3	887523427
655	1288	3	887523427
655	607	4	887523427
655	674	3	887523427
655	673	3	887523427
655	692	3	887523453
655	498	3	887523453
655	734	3	887523477
655	1174	3	887523477
655	1421	3	887523477
655	503	3	887523477
655	218	3	887523477
655	516	2	887523581
655	122	2	887523605
655	171	2	887523641
655	5	2	887523641
655	1042	2	887523641
655	1322	2	887523641
655	153	2	887523641
655	111	2	887523664
655	467	3	887523790
655	775	2	887523815
655	305	4	887523909
655	865	4	887523909
655	1044	3	887564483
655	831	2	887564549
655	651	4	887564613
655	927	3	887564613
655	59	4	887564613
655	60	3	887564614
655	61	3	887564614
655	44	2	887564639
655	132	3	887565138
870	253	4	887567321
195	877	3	887567629
829	153	4	887584684
829	733	2	887584684
595	1264	2	887588203
276	355	3	887601451
116	355	2	887605347
116	260	2	887605412
116	1020	3	887605454
655	157	3	887611445
655	1643	5	887611511
655	25	3	887611511
655	20	3	887611537
655	371	3	887611537
655	1041	3	887611537
655	233	3	887611537
655	950	3	887611566
655	1017	3	887611566
655	1134	3	887611594
655	471	3	887611594
655	4	2	887611649
655	51	2	887611677
655	550	2	887611677
655	1554	2	887611677
482	269	4	887643096
482	315	3	887643146
482	313	5	887643146
482	328	4	887643289
482	301	4	887643315
482	311	4	887643340
482	294	4	887643365
482	748	4	887643365
482	245	4	887643461
482	988	4	887643499
482	682	3	887644022
482	881	3	887644022
482	346	3	887644022
482	243	2	887644023
482	286	3	887644023
482	289	3	887644023
482	288	3	887644023
482	321	3	887644023
482	258	2	887644023
482	876	3	887644023
482	295	3	887644063
482	127	4	887644063
482	257	4	887644063
482	50	4	887644063
482	298	4	887644085
482	249	2	887644102
800	294	3	887645970
800	304	3	887645987
170	348	3	887646014
170	304	4	887646133
800	457	2	887646168
170	749	5	887646170
800	275	4	887646203
800	181	4	887646203
800	222	4	887646226
800	276	3	887646245
800	50	4	887646263
800	1	4	887646283
800	118	3	887646342
800	121	4	887646423
800	742	4	887646477
800	597	4	887646555
800	125	3	887646608
800	15	4	887646631
800	405	4	887646705
800	476	3	887646776
800	1047	3	887646804
800	223	5	887646979
800	292	5	887646979
800	257	4	887646980
800	289	4	887646980
800	864	4	887646980
800	751	4	887646980
800	25	4	887646980
800	237	4	887646980
800	300	4	887646980
800	127	4	887646980
655	782	3	887650483
655	1639	4	887650483
655	411	3	887650512
655	165	3	887650512
655	536	3	887650512
655	1233	3	887650512
655	205	3	887650538
655	240	3	887650538
655	1067	2	887650593
655	699	2	887650593
655	293	4	887650683
655	504	5	887650683
655	514	5	887650683
655	89	4	887650683
655	1578	3	887650714
655	723	3	887650851
655	214	3	887650851
655	1192	4	887650851
655	1	2	887650876
655	270	4	887650943
655	222	2	887650944
655	258	2	887650944
655	86	4	887650978
655	844	4	887650979
655	1062	3	887650979
655	1024	3	887650979
655	887	3	887650979
655	256	3	887651060
655	1011	3	887651060
655	96	3	887651060
655	121	3	887651060
655	533	2	887651114
655	202	2	887651114
655	500	2	887651149
655	572	2	887651149
655	815	2	887651149
515	313	4	887658604
515	1430	3	887658604
515	288	4	887658604
515	347	3	887658604
515	315	4	887658604
515	302	3	887658604
515	258	4	887658676
515	332	3	887658676
515	538	3	887658676
515	304	4	887658782
515	340	3	887658782
515	750	2	887658782
515	271	4	887658844
515	362	4	887658844
515	269	2	887658844
515	294	3	887658910
515	300	5	887658975
515	900	4	887658975
515	310	3	887658975
515	322	3	887659073
515	895	4	887659123
515	307	4	887659123
515	259	3	887659123
515	682	4	887659192
515	323	3	887659192
515	342	3	887659423
515	243	3	887659667
515	1399	4	887659718
515	687	3	887659718
515	292	3	887659805
515	344	2	887660131
515	748	2	887660131
515	326	2	887660131
515	289	1	887660131
515	286	2	887660131
515	328	2	887660131
515	690	2	887660131
515	329	2	887660131
515	905	2	887660131
515	893	1	887660131
450	166	5	887660440
450	403	4	887660440
450	191	5	887660440
450	170	5	887660440
450	86	4	887660440
450	633	5	887660440
450	648	5	887660503
450	487	4	887660504
450	287	4	887660504
450	419	5	887660504
450	657	4	887660504
450	114	5	887660504
450	92	4	887660650
450	237	5	887660650
450	310	4	887660650
450	739	4	887660650
450	613	4	887660650
450	90	4	887660650
450	493	4	887660722
450	510	4	887660722
450	428	4	887660722
450	1221	5	887660722
450	591	4	887660762
450	392	4	887660762
450	477	4	887660762
450	660	4	887660762
450	561	4	887660762
450	91	4	887660763
450	519	4	887660820
450	1226	4	887660820
450	235	3	887661217
450	29	3	887661438
450	73	3	887661438
450	145	3	887661438
450	530	3	887661843
450	283	3	887661961
450	1126	4	887661961
450	371	3	887661961
450	1116	3	887661961
450	231	3	887662002
450	484	3	887662002
450	225	4	887662002
450	254	3	887662083
642	292	2	887663326
642	220	4	887663380
83	631	2	887664566
83	249	2	887664680
83	64	5	887665422
83	255	5	887665422
83	38	5	887665422
83	82	5	887665423
83	393	5	887665423
83	755	5	887665423
83	79	5	887665423
83	663	5	887665423
83	405	5	887665423
83	543	2	887665445
83	234	4	887665548
83	127	4	887665549
83	161	4	887665549
83	233	4	887665549
83	69	4	887665549
83	546	4	887665549
83	768	4	887665549
83	106	4	887665549
83	385	4	887665549
83	294	3	887665569
83	508	2	887665655
83	477	2	887665798
510	300	5	887667439
510	313	5	887667439
510	286	3	887667439
510	258	4	887667465
510	333	3	887667465
510	292	4	887667524
510	288	3	887667545
510	876	2	887667574
510	245	3	887667574
510	325	1	887667575
510	324	1	887667618
510	299	3	887667681
510	294	3	887667681
510	748	3	887667707
510	259	2	887667708
510	289	2	887667751
510	326	4	887667751
510	323	4	887667752
510	322	3	887667752
510	687	2	887667752
510	1025	3	887667780
510	873	3	887667780
510	261	2	887667780
510	243	3	887667780
510	358	1	887667780
510	678	4	887667780
510	681	1	887667808
510	330	2	887667808
510	881	2	887667838
510	457	2	887667969
385	487	4	887670073
532	354	4	887672256
483	582	3	887677797
864	245	4	887686369
864	349	4	887686388
864	328	5	887686456
864	892	3	887686497
864	678	4	887686545
864	343	5	887686545
655	475	3	887693376
655	534	2	887693376
655	423	3	887693376
655	1195	3	887693376
452	603	4	887718667
452	61	1	887718917
452	60	1	887718917
452	874	2	887718965
452	419	4	887719030
452	265	3	887719158
500	546	4	887720050
500	249	3	887720111
500	147	3	887720583
533	1016	3	887721769
533	744	2	887721800
533	591	4	887721848
533	275	4	887721848
210	300	4	887730066
210	23	5	887730102
210	58	4	887730177
210	662	2	887730221
210	969	4	887730221
210	56	5	887730264
210	173	4	887730264
210	832	3	887730264
210	211	5	887730297
210	153	5	887730297
210	154	4	887730341
210	168	5	887730342
210	517	4	887730342
210	163	3	887730407
210	435	4	887730407
210	25	4	887730407
210	208	5	887730443
210	4	4	887730443
210	523	4	887730472
210	655	5	887730496
210	1118	4	887730496
210	514	5	887730532
210	792	3	887730532
210	821	3	887730532
210	210	5	887730532
210	186	4	887730532
210	70	4	887730589
210	152	5	887730676
210	204	5	887730676
210	732	4	887730676
210	274	5	887730676
210	763	2	887730750
210	1012	4	887730789
210	257	5	887730789
210	290	4	887730813
210	255	4	887730842
210	864	3	887730842
210	235	3	887730842
210	926	2	887730909
210	411	3	887730931
210	1028	3	887730931
210	50	5	887731014
210	1	5	887731052
210	181	5	887731082
210	276	5	887731147
210	127	5	887731230
210	65	4	887731305
210	708	5	887731391
210	315	5	887731417
210	301	4	887731435
43	302	4	887731794
210	243	2	887734998
210	327	4	887735288
210	180	4	887735872
210	176	4	887735960
210	568	4	887735960
210	392	3	887736017
210	187	5	887736017
210	174	5	887736045
210	134	5	887736070
210	484	4	887736070
210	651	4	887736140
210	28	4	887736175
210	114	4	887736175
210	357	5	887736206
210	132	4	887736206
210	527	5	887736232
210	182	5	887736232
210	185	4	887736232
210	172	5	887736261
210	403	4	887736322
210	230	3	887736323
210	135	5	887736352
210	79	4	887736352
210	197	5	887736393
210	205	4	887736393
210	161	5	887736393
308	313	3	887736408
308	259	3	887736408
308	309	1	887736408
308	322	2	887736408
308	319	4	887736408
308	321	3	887736408
308	288	4	887736408
308	294	3	887736408
308	264	2	887736408
308	678	3	887736408
210	195	4	887736429
210	179	3	887736429
210	657	4	887736429
210	98	5	887736429
210	97	5	887736454
308	1021	4	887736459
308	58	3	887736459
308	641	4	887736459
210	69	4	887736482
210	483	5	887736482
210	380	4	887736482
308	172	4	887736532
308	661	4	887736532
308	1	4	887736532
308	480	4	887736532
308	169	5	887736532
308	659	3	887736532
308	496	3	887736532
308	434	4	887736584
308	513	3	887736584
308	427	4	887736584
308	512	5	887736584
308	179	4	887736584
308	530	4	887736584
308	498	5	887736584
210	96	4	887736616
308	285	5	887736622
308	656	3	887736622
308	183	4	887736695
308	488	4	887736696
308	192	5	887736696
308	8	5	887736696
308	165	3	887736696
308	657	4	887736696
308	174	4	887736696
308	176	4	887736696
210	404	5	887736739
210	482	5	887736739
308	197	3	887736743
308	516	4	887736743
308	318	4	887736743
308	603	5	887736743
210	631	5	887736796
210	692	4	887736796
308	853	5	887736797
308	191	4	887736797
308	100	5	887736797
308	1073	3	887736798
308	487	4	887736798
308	521	3	887736798
308	208	4	887736798
308	45	4	887736843
308	582	3	887736843
308	483	3	887736843
308	238	5	887736843
308	48	4	887736880
308	863	3	887736881
308	654	5	887736881
210	956	3	887736900
308	56	5	887736924
308	185	4	887736925
308	129	5	887736925
308	510	3	887736925
308	848	4	887736925
210	99	4	887736937
308	276	4	887736998
210	501	4	887736998
308	484	3	887736998
308	404	3	887736998
308	653	5	887736999
308	175	5	887736999
308	423	5	887736999
308	664	5	887736999
308	28	3	887737036
308	528	3	887737036
308	432	4	887737036
308	640	4	887737036
210	200	5	887737040
308	163	4	887737084
308	202	4	887737084
308	607	3	887737084
308	523	4	887737084
308	234	3	887737084
308	273	2	887737084
210	234	4	887737108
308	170	3	887737130
308	95	4	887737130
308	223	4	887737130
308	511	5	887737130
308	210	4	887737130
210	465	4	887737131
210	402	5	887737171
210	188	3	887737171
210	684	3	887737171
308	699	4	887737193
308	475	4	887737193
308	419	4	887737194
308	9	4	887737194
308	283	3	887737194
308	467	4	887737194
308	182	5	887737194
210	160	4	887737210
308	127	4	887737243
308	12	5	887737243
308	673	4	887737243
308	135	5	887737243
308	70	4	887737244
210	121	4	887737244
308	493	3	887737293
308	23	5	887737293
308	92	4	887737293
308	81	5	887737293
327	286	2	887737328
308	709	3	887737334
308	634	4	887737334
308	201	5	887737334
308	98	3	887737334
210	735	4	887737338
210	423	5	887737338
210	202	5	887737338
327	302	3	887737355
327	258	1	887737355
308	237	3	887737383
308	19	3	887737383
308	64	4	887737383
327	327	3	887737402
308	50	5	887737431
308	32	5	887737432
308	486	4	887737432
308	942	3	887737432
308	96	4	887737432
308	517	4	887737483
308	215	3	887737483
308	583	4	887737483
308	522	3	887737484
308	153	5	887737484
308	435	4	887737484
210	443	4	887737487
210	420	4	887737487
210	953	3	887737488
327	886	2	887737493
327	333	2	887737493
308	461	4	887737535
308	492	3	887737535
308	211	4	887737535
308	602	4	887737536
308	91	4	887737536
308	515	3	887737536
210	654	5	887737559
327	336	2	887737569
308	79	4	887737593
308	684	3	887737593
308	168	4	887737593
308	116	4	887737594
308	792	3	887737594
308	806	4	887737594
308	558	4	887737594
210	216	4	887737603
210	222	4	887737603
210	88	4	887737603
327	268	4	887737629
327	269	3	887737629
327	682	3	887737629
327	874	3	887737629
327	311	3	887737629
210	447	5	887737631
210	755	3	887737631
308	505	3	887737647
308	22	4	887737647
308	1121	3	887737647
308	124	4	887737647
308	265	3	887737647
308	59	4	887737647
210	419	4	887737678
308	209	4	887737686
308	134	5	887737686
210	15	4	887737710
210	44	3	887737710
308	485	3	887737719
308	178	4	887737719
308	589	4	887737760
308	87	4	887737760
308	60	3	887737760
308	199	4	887737760
308	216	3	887737789
308	705	5	887737837
308	193	3	887737837
308	166	3	887737837
308	11	5	887737837
308	429	4	887737890
308	4	5	887737890
308	132	3	887737891
308	204	4	887737891
308	275	4	887737891
308	618	4	887737955
308	144	3	887737956
308	425	4	887737997
308	519	4	887737997
308	180	5	887737997
308	481	4	887737997
308	203	5	887737997
308	89	5	887738057
308	99	4	887738057
308	24	4	887738057
308	770	4	887738057
308	632	3	887738057
308	156	4	887738057
308	531	4	887738057
308	463	4	887738057
308	214	2	887738104
308	693	3	887738104
308	962	4	887738104
308	628	3	887738104
308	490	4	887738104
308	469	5	887738104
308	357	4	887738151
308	1286	3	887738151
308	154	4	887738152
308	186	4	887738152
308	482	5	887738152
308	205	3	887738191
308	506	4	887738191
308	42	4	887738191
308	133	3	887738225
308	642	5	887738226
308	455	4	887738226
308	157	5	887738268
308	921	4	887738268
308	1126	3	887738268
308	408	5	887738268
308	65	3	887738301
308	433	5	887738301
308	479	5	887738346
308	233	3	887738346
308	1515	4	887738346
308	171	4	887738346
308	965	4	887738387
308	466	5	887738387
308	1147	4	887738387
308	856	4	887738387
308	663	5	887738469
308	692	3	887738469
308	97	1	887738469
308	371	3	887738469
308	82	4	887738470
308	646	5	887738508
308	520	4	887738508
308	241	4	887738509
308	648	4	887738509
308	177	5	887738570
308	494	5	887738570
308	1019	4	887738570
308	504	4	887738570
308	367	4	887738571
308	403	4	887738571
308	514	4	887738619
308	195	5	887738619
308	499	3	887738619
308	123	3	887738619
308	117	3	887738620
308	613	4	887738620
308	69	2	887738664
308	655	4	887738664
308	164	4	887738664
308	218	5	887738717
308	802	3	887738717
308	160	4	887738717
308	509	4	887738717
308	584	4	887738717
308	430	4	887738717
308	219	3	887738717
308	274	3	887738760
308	55	3	887738760
308	187	5	887738760
308	736	3	887738760
308	525	5	887738847
308	184	4	887738847
308	610	4	887738847
308	7	4	887738847
308	732	4	887738847
308	550	4	887738847
308	578	2	887738847
308	588	5	887738893
308	507	3	887738893
308	109	3	887738894
308	629	4	887738894
308	597	3	887738933
308	47	4	887738933
308	30	4	887738933
308	200	5	887738933
308	611	4	887738971
308	1028	2	887738972
308	73	3	887738972
308	671	4	887739014
308	566	4	887739014
308	230	4	887739014
308	746	4	887739056
308	447	4	887739056
308	17	4	887739056
308	1456	4	887739056
308	181	4	887739095
308	162	4	887739095
308	843	3	887739095
308	1169	5	887739136
308	143	4	887739136
308	945	4	887739136
308	537	4	887739136
308	742	4	887739172
308	198	3	887739172
308	1421	4	887739212
308	811	4	887739212
308	615	3	887739213
308	633	4	887739257
308	194	5	887739257
308	436	4	887739257
308	477	4	887739257
308	71	4	887739257
308	1404	4	887739257
308	649	4	887739292
308	152	5	887739292
308	959	3	887739335
308	61	3	887739336
308	472	2	887739336
308	213	4	887739382
308	471	3	887739382
308	1065	5	887739382
308	131	4	887739383
308	15	3	887739426
308	428	5	887739426
308	526	3	887739426
308	679	4	887739426
308	826	3	887739427
308	805	4	887739471
308	121	3	887739471
308	31	3	887739472
308	822	4	887739472
308	291	3	887739472
308	1197	4	887739521
308	502	5	887739521
308	382	4	887739521
308	5	4	887739608
308	591	3	887739608
308	1006	4	887739608
308	739	4	887739639
308	1211	3	887739669
308	118	3	887739670
308	609	4	887739757
308	614	3	887739757
308	235	3	887739800
308	616	2	887739800
308	686	4	887739831
308	147	3	887739831
308	741	4	887739863
308	708	4	887739863
308	141	3	887739891
308	365	3	887739915
308	196	3	887739951
308	473	3	887739951
308	411	4	887739987
308	968	4	887739987
308	1045	4	887740033
308	239	3	887740033
308	747	3	887740033
308	755	3	887740033
308	501	4	887740099
308	842	3	887740099
308	1135	4	887740099
308	396	4	887740099
308	385	4	887740099
308	495	3	887740131
308	74	4	887740184
308	420	4	887740216
308	729	3	887740254
308	417	3	887740254
308	54	2	887740254
308	1154	2	887740367
308	559	4	887740367
308	393	4	887740367
308	675	4	887740367
308	392	4	887740367
308	231	3	887740410
308	660	3	887740410
308	569	3	887740410
308	44	4	887740451
308	72	4	887740451
308	581	4	887740500
308	546	3	887740500
308	966	3	887740500
308	443	3	887740500
308	1118	4	887740500
308	88	4	887740568
308	605	4	887740603
308	778	3	887740603
308	25	4	887740649
308	1046	4	887740649
308	568	5	887740649
308	402	4	887740700
308	825	4	887740700
308	715	5	887740700
308	579	3	887740700
308	378	3	887740700
308	21	3	887740729
308	77	3	887740788
308	66	4	887740788
308	148	3	887740788
308	161	3	887740788
308	226	3	887740833
308	356	3	887740833
308	49	3	887740833
308	712	4	887740833
308	448	3	887740866
308	1140	4	887740933
308	68	4	887740933
308	449	3	887741003
308	665	4	887741003
308	637	3	887741108
308	1411	4	887741150
308	107	4	887741150
308	139	3	887741179
308	85	4	887741245
308	1074	3	887741271
308	410	4	887741329
308	567	4	887741329
308	452	2	887741329
308	298	5	887741383
308	293	4	887741415
308	248	4	887741437
308	295	3	887741461
308	257	4	887741526
308	284	4	887741554
308	1252	3	887741604
308	255	4	887741693
308	151	4	887741795
393	362	3	887741960
393	258	4	887741960
393	288	3	887741960
393	315	5	887741960
393	751	2	887741960
393	272	4	887742006
308	824	3	887742013
393	310	4	887742040
393	347	4	887742040
393	270	5	887742040
393	313	4	887742040
393	538	3	887742071
308	928	4	887742103
393	690	4	887742110
393	304	4	887742110
393	683	4	887742110
308	1047	3	887742130
393	245	3	887742145
393	294	4	887742145
308	122	4	887742165
393	342	5	887742179
393	321	3	887742179
393	271	3	887742179
308	254	2	887742454
393	332	4	887742764
393	328	5	887742798
393	681	3	887742798
393	879	3	887742798
393	322	4	887742825
393	259	4	887742851
393	905	3	887742851
393	748	3	887742851
393	243	4	887742916
393	323	2	887742916
393	687	3	887742916
393	349	3	887742939
393	892	3	887742939
393	338	2	887742964
393	890	1	887742991
393	689	3	887742991
393	181	4	887743141
393	298	4	887743453
393	250	4	887743453
327	300	2	887743541
327	328	2	887743600
327	288	4	887743600
327	875	4	887743600
393	50	5	887743611
393	1197	3	887743611
393	1	3	887743611
393	596	4	887743611
327	324	3	887743644
327	294	3	887743644
327	749	3	887743644
327	271	3	887743644
393	126	4	887743647
327	895	3	887743670
327	260	1	887743705
327	678	3	887743705
327	245	1	887743705
327	301	3	887743725
327	264	2	887743725
327	321	3	887743761
327	338	1	887743815
327	589	3	887743936
327	172	4	887743986
327	474	3	887743986
327	197	4	887744023
327	7	3	887744023
327	537	4	887744023
393	282	4	887744053
393	275	4	887744053
393	100	1	887744053
327	508	2	887744064
327	186	2	887744064
327	183	3	887744065
327	210	3	887744065
327	83	2	887744101
327	340	4	887744167
327	14	4	887744167
327	856	4	887744167
327	344	4	887744167
327	313	4	887744167
327	22	4	887744167
327	89	4	887744167
393	845	4	887744202
393	248	4	887744202
393	291	4	887744202
327	12	3	887744205
327	507	4	887744205
327	182	4	887744205
327	175	2	887744205
327	169	2	887744205
393	125	4	887744239
393	283	3	887744239
393	222	4	887744239
327	176	4	887744240
327	1073	2	887744241
393	15	3	887744266
327	195	4	887744277
393	25	2	887744294
393	257	4	887744294
393	237	4	887744328
393	123	4	887744328
393	255	4	887744328
327	150	4	887744356
327	222	2	887744357
393	815	4	887744372
393	591	5	887744372
393	249	3	887744373
327	246	4	887744384
327	129	4	887744384
327	475	4	887744405
327	298	3	887744405
393	410	4	887744419
393	109	3	887744419
393	148	4	887744419
393	922	4	887744419
393	121	4	887744419
393	7	4	887744419
327	93	4	887744432
327	10	4	887744432
327	249	2	887744432
393	9	4	887744448
327	285	4	887744459
393	278	4	887744473
327	100	4	887744513
327	1070	4	887744513
327	174	4	887744513
327	506	3	887744513
393	685	3	887744517
393	459	4	887744517
393	742	4	887744517
393	274	4	887744549
393	147	5	887744549
393	471	4	887744549
393	546	2	887744578
393	118	4	887744578
393	932	3	887744578
393	405	4	887744626
393	833	4	887744626
393	628	4	887744626
393	840	4	887744658
393	108	2	887744658
393	1258	3	887744688
393	1016	5	887744688
393	924	4	887744688
393	476	3	887744688
393	1049	4	887744688
393	280	4	887744724
393	21	3	887744765
393	252	3	887744766
393	717	3	887745086
393	763	5	887745086
393	363	3	887745086
393	1014	3	887745086
393	1048	3	887745120
393	544	3	887745135
393	473	3	887745135
393	871	3	887745174
393	369	3	887745174
393	1028	3	887745174
393	1095	2	887745174
393	472	3	887745199
393	841	3	887745199
393	620	4	887745199
393	926	4	887745200
393	864	3	887745230
393	929	3	887745230
393	825	4	887745230
393	696	4	887745258
393	409	4	887745258
393	756	4	887745258
327	1007	4	887745272
327	250	2	887745272
393	111	3	887745293
393	597	3	887745293
393	3	3	887745293
393	1047	3	887745293
327	484	3	887745303
327	11	4	887745303
327	655	4	887745303
327	527	4	887745319
393	290	3	887745322
393	281	4	887745343
393	820	3	887745380
393	240	2	887745380
393	1337	3	887745380
393	1244	3	887745380
393	412	3	887745380
393	1120	3	887745409
393	1040	3	887745410
393	1001	4	887745410
393	870	3	887745454
393	831	1	887745454
327	23	4	887745463
327	718	4	887745494
327	237	4	887745494
393	456	3	887745501
393	411	2	887745501
393	977	4	887745501
327	181	4	887745537
393	1051	3	887745544
393	934	3	887745544
393	105	3	887745544
327	293	3	887745574
327	50	3	887745574
393	117	4	887745575
327	405	2	887745589
327	1	4	887745622
393	443	3	887745624
327	603	4	887745661
327	178	4	887745661
327	79	3	887745661
327	482	4	887745661
327	133	4	887745662
327	48	4	887745662
327	64	2	887745699
327	650	4	887745699
393	189	4	887745717
393	566	3	887745717
393	191	3	887745717
327	651	4	887745744
327	753	4	887745744
393	173	5	887745759
327	188	5	887745774
327	180	4	887745774
327	960	5	887745774
327	865	5	887745774
327	56	2	887745805
393	357	2	887745815
393	939	4	887745816
327	44	3	887745840
327	421	2	887745840
327	234	5	887745840
393	11	3	887745844
327	196	4	887745871
327	151	4	887745871
393	69	4	887745883
393	172	5	887745883
393	12	5	887745883
327	1012	2	887745891
327	1129	2	887745891
327	408	2	887745910
327	255	3	887745911
327	273	2	887745911
393	215	4	887745912
393	169	3	887745912
393	31	4	887745912
327	24	2	887745934
393	613	4	887745937
393	64	4	887745973
393	1039	3	887745973
393	79	4	887745973
393	22	4	887745973
393	318	3	887745973
393	89	3	887745973
393	202	3	887746015
393	789	1	887746015
393	56	2	887746015
393	1169	5	887746015
393	196	4	887746015
393	203	4	887746091
393	633	2	887746091
393	1468	4	887746091
393	496	5	887746119
393	223	4	887746119
393	128	3	887746145
393	8	3	887746145
393	82	4	887746174
393	144	3	887746174
327	558	4	887746196
327	447	4	887746196
327	98	4	887746196
393	2	4	887746206
393	73	4	887746206
393	418	3	887746207
393	385	4	887746207
393	132	2	887746207
327	164	3	887746219
327	219	4	887746219
393	194	4	887746239
393	778	3	887746301
393	265	4	887746301
393	204	4	887746301
393	154	2	887746302
327	672	2	887746328
327	559	2	887746328
327	218	3	887746328
327	217	3	887746328
393	1446	5	887746346
393	65	2	887746346
393	655	3	887746346
393	659	4	887746378
393	729	4	887746431
393	51	4	887746456
393	705	4	887746456
393	168	4	887746482
393	550	3	887746482
393	380	2	887746482
393	83	4	887746523
393	419	4	887746523
393	417	3	887746523
393	500	4	887746523
327	47	4	887746553
327	1019	3	887746665
327	461	3	887746665
327	42	3	887746665
327	13	2	887746665
327	1101	4	887746665
393	485	2	887746670
393	739	3	887746671
393	153	3	887746671
327	676	3	887746686
327	257	2	887746728
327	25	2	887746728
393	186	3	887746734
393	58	3	887746734
393	26	3	887746767
393	378	4	887746824
393	134	2	887746824
393	588	4	887746824
393	5	3	887746849
393	423	3	887746849
393	693	3	887746883
393	161	4	887746883
393	1058	4	887746916
393	465	4	887746916
393	431	2	887746965
393	451	3	887746995
393	210	4	887747108
393	553	3	887747108
393	135	1	887747108
327	631	3	887747133
327	502	3	887747134
327	32	4	887747266
327	26	3	887747299
327	198	4	887747337
327	173	4	887747337
327	154	4	887747337
327	275	4	887747338
327	357	4	887747338
327	200	4	887747338
327	127	4	887747338
327	514	4	887747338
327	811	4	887747363
327	644	3	887747410
327	238	4	887747410
327	710	4	887747410
327	806	4	887747617
327	65	2	887747617
327	156	4	887747668
327	658	2	887747668
327	209	4	887747939
327	28	3	887747971
327	1056	2	887747971
327	92	4	887748006
327	921	4	887748028
860	678	3	887754112
860	781	2	887754411
860	716	2	887754411
860	1041	2	887754411
860	846	2	887754411
500	358	4	887755810
879	300	3	887760802
879	292	4	887760823
879	751	2	887760879
879	304	4	887760912
879	294	3	887760951
879	181	4	887761088
879	255	4	887761156
879	125	5	887761174
879	597	2	887761229
879	127	5	887761249
879	237	4	887761309
879	596	2	887761380
879	763	5	887761425
879	151	3	887761425
879	222	4	887761460
879	866	5	887761460
879	1047	2	887761477
879	1284	3	887761562
879	118	3	887761562
879	685	4	887761865
879	25	4	887761865
879	276	4	887761865
879	117	4	887761865
879	1	4	887761865
879	111	4	887761865
879	50	4	887761865
879	121	4	887761865
879	15	4	887761865
879	282	4	887761865
674	304	3	887762296
674	294	4	887762296
674	288	3	887762296
674	300	3	887762296
674	313	5	887762296
674	315	3	887762296
674	751	3	887762398
674	292	4	887762415
674	245	4	887762430
674	678	3	887762480
674	15	4	887762584
674	50	4	887762584
674	181	4	887762603
674	257	4	887762641
674	742	5	887762714
674	125	5	887762779
674	127	5	887762799
674	763	5	887762799
674	1	4	887762799
674	222	3	887762839
674	685	3	887762861
674	405	4	887762861
674	117	5	887762861
674	121	4	887762881
674	827	4	887762899
674	323	3	887762937
674	255	4	887763012
674	1620	4	887763035
674	25	4	887763035
674	866	5	887763062
674	597	3	887763150
674	118	3	887763150
674	929	3	887763150
674	410	3	887763150
674	539	1	887763151
674	252	2	887763151
674	289	2	887763151
674	282	5	887763231
674	151	2	887763274
674	111	5	887763336
674	1197	3	887763386
436	347	4	887768398
436	340	5	887768445
436	288	4	887768445
655	1607	3	887768472
436	348	4	887768521
436	313	5	887768521
655	1395	3	887768594
436	264	2	887768669
436	327	5	887768694
436	895	4	887768717
436	748	3	887768738
436	325	3	887768756
436	172	3	887768945
436	133	3	887768982
436	157	5	887768982
436	454	4	887768982
436	187	5	887768982
436	742	5	887769050
436	168	3	887769050
436	642	4	887769079
436	392	4	887769079
436	427	3	887769105
436	265	3	887769106
436	469	3	887769128
436	182	5	887769150
436	504	4	887769151
436	381	4	887769209
436	204	5	887769209
436	655	5	887769233
436	273	4	887769233
436	435	4	887769256
436	98	4	887769280
436	710	4	887769281
436	425	4	887769335
436	174	3	887769335
436	1119	4	887769368
436	50	4	887769415
436	568	5	887769416
436	447	1	887769444
436	73	4	887769444
436	144	5	887769444
436	234	3	887769471
436	537	4	887769471
436	693	5	887769515
436	200	3	887769515
436	96	4	887769535
436	658	5	887769673
436	238	3	887769693
436	821	4	887769733
436	553	3	887769777
436	11	5	887769777
436	186	3	887769801
436	507	4	887769801
436	503	4	887769802
436	132	1	887769824
436	276	4	887769824
436	1206	3	887769868
436	39	3	887769887
436	127	5	887769930
436	47	4	887769930
436	239	3	887769952
436	856	4	887769952
436	423	4	887769992
436	746	5	887770015
436	179	3	887770015
436	125	4	887770037
436	95	4	887770037
436	23	4	887770064
436	219	5	887770064
436	216	4	887770064
436	143	2	887770092
436	721	3	887770092
436	92	3	887770115
436	83	5	887770115
436	287	4	887770169
436	159	4	887770192
436	367	4	887770217
436	81	3	887770244
436	90	3	887770266
436	986	3	887770300
436	43	2	887770300
436	99	3	887770344
436	592	3	887770379
436	1048	2	887770379
436	167	3	887770403
436	433	5	887770428
436	790	3	887770428
436	66	5	887770457
436	215	4	887770457
436	708	3	887770457
436	628	5	887770457
436	506	5	887770485
436	1248	3	887770485
436	925	4	887770507
436	1058	4	887770547
436	928	4	887770547
436	470	4	887770566
436	102	4	887770588
436	226	4	887770640
436	559	4	887770640
436	747	5	887770640
436	787	5	887770640
436	1468	5	887770668
436	715	4	887770668
436	1028	4	887770693
436	761	4	887770693
436	72	5	887770693
436	1489	2	887770731
436	785	2	887770731
436	595	5	887770731
436	1135	4	887771022
436	411	4	887771022
436	763	4	887771042
436	550	4	887771093
436	218	4	887771123
436	1522	2	887771123
436	794	4	887771123
436	26	3	887771146
436	217	4	887771146
436	845	5	887771269
436	649	5	887771269
436	869	4	887771722
436	762	4	887771722
436	585	3	887771722
436	65	4	887771753
436	111	4	887771773
436	1178	3	887771825
436	660	4	887771825
436	546	3	887771826
436	468	4	887771826
436	1053	4	887771853
436	723	3	887771853
436	739	4	887771853
436	635	3	887771875
436	161	4	887771897
436	278	2	887771924
436	38	3	887771924
436	400	3	887771924
436	1061	3	887771997
436	941	4	887771997
436	974	5	887771997
436	840	3	887771997
436	21	3	887772028
436	1227	2	887772028
436	581	4	887772060
436	1263	3	887772060
436	441	3	887772060
626	272	5	887772871
626	313	5	887772871
626	923	5	887772922
532	205	5	887788806
210	219	3	887808581
210	679	3	887808619
327	265	2	887818511
327	203	3	887818540
327	735	2	887818540
327	708	4	887818596
327	95	3	887818596
327	153	4	887818596
327	87	3	887818620
327	204	4	887818658
327	497	4	887818658
327	211	3	887818682
327	131	4	887818783
327	523	4	887818800
327	81	4	887818904
327	411	3	887818957
327	845	3	887818957
327	517	2	887818991
327	645	4	887818991
327	216	3	887818991
327	433	4	887818991
327	746	3	887818992
327	428	4	887819021
327	659	4	887819021
327	702	2	887819021
327	792	4	887819021
327	1069	4	887819136
327	4	4	887819161
327	959	5	887819161
327	152	3	887819194
327	88	2	887819194
327	90	3	887819194
327	949	4	887819316
327	239	3	887819316
327	70	4	887819316
327	455	2	887819316
327	1017	2	887819316
327	382	3	887819316
327	732	1	887819316
327	381	4	887819354
327	952	2	887819354
327	367	4	887819355
327	451	4	887819411
327	709	4	887819411
327	778	3	887819462
327	805	4	887819462
327	410	2	887819462
327	274	2	887819462
327	111	4	887819462
327	85	2	887819507
327	393	3	887819507
327	476	2	887819538
327	1067	4	887819538
327	396	3	887819538
327	232	4	887819538
327	72	2	887819582
327	663	4	887819582
327	66	3	887819582
327	108	3	887819614
327	1103	4	887819614
327	652	4	887819860
327	1170	4	887819860
327	478	4	887819860
327	498	4	887819860
327	715	4	887819860
327	1097	4	887819860
327	8	4	887819860
327	9	5	887819860
327	228	4	887820171
327	466	3	887820171
327	628	2	887820226
327	684	4	887820293
327	686	4	887820293
327	144	4	887820293
327	55	4	887820293
327	33	3	887820341
327	184	3	887820341
327	583	2	887820341
327	226	3	887820341
327	281	3	887820341
327	403	3	887820384
327	431	3	887820384
327	117	3	887820385
327	2	2	887820385
327	233	3	887820385
327	147	2	887820417
327	568	2	887820417
327	161	3	887820417
327	230	4	887820448
327	546	2	887820448
327	550	2	887820448
327	82	2	887820448
327	179	2	887820493
327	634	5	887820493
327	31	2	887820531
327	962	3	887820545
327	215	4	887820695
327	588	4	887820761
327	99	4	887820761
327	418	3	887820761
327	192	5	887820828
327	132	5	887820828
327	318	5	887820828
327	191	4	887820828
327	1098	4	887820828
327	305	5	887820828
327	896	5	887820828
327	168	4	887820828
327	919	5	887820828
327	201	5	887820828
327	160	4	887822209
327	494	4	887822400
327	1218	4	887822400
327	202	4	887822400
327	86	4	887822433
327	533	4	887822530
327	96	2	887822530
327	121	2	887822530
327	849	2	887822530
327	469	4	887822623
327	772	3	887822646
327	1141	3	887822681
327	425	3	887822681
327	582	4	887822711
327	69	2	887822711
327	1131	4	887822736
327	423	3	887822752
327	529	3	887822770
327	464	4	887822785
327	1075	4	887822832
327	419	4	887822832
894	344	4	887825614
504	678	4	887831115
504	310	4	887831273
504	307	4	887831273
504	288	5	887831273
504	258	5	887831273
504	292	5	887831273
504	323	4	887831274
504	300	4	887831274
504	245	4	887831274
504	330	4	887831274
504	322	4	887831274
504	50	3	887831293
504	928	4	887831353
504	25	4	887831419
504	620	4	887831419
504	281	4	887831447
504	411	4	887831447
504	476	5	887831447
504	100	5	887831486
504	127	5	887831510
504	9	4	887831567
504	295	4	887831567
504	248	4	887831622
504	121	4	887831642
504	151	4	887831678
504	628	4	887831678
504	117	4	887831694
504	298	4	887831717
504	257	5	887831753
504	237	3	887831753
504	181	3	887831773
504	276	3	887831790
504	846	4	887831806
504	118	3	887831838
504	282	4	887831838
504	742	4	887831860
504	106	3	887831879
504	546	4	887831947
504	240	1	887832012
504	1277	4	887832012
504	291	4	887832043
504	595	4	887832097
504	934	4	887832170
327	190	4	887832180
504	225	4	887832207
504	370	3	887832268
504	122	1	887832268
504	223	5	887832364
504	529	4	887832391
504	418	3	887832391
504	98	5	887832433
504	1050	4	887832433
504	651	4	887832531
504	197	4	887832531
504	183	3	887832531
504	385	4	887832571
504	729	5	887832571
504	479	4	887832571
504	318	5	887832593
504	133	5	887832593
504	419	3	887832643
504	56	3	887832643
504	210	4	887832643
504	194	3	887832668
504	357	4	887832705
504	1147	4	887832741
504	693	4	887832741
504	162	4	887832741
504	97	4	887832760
504	517	4	887832782
407	208	4	887832999
407	561	4	887832999
407	316	4	887833034
407	147	4	887833034
407	182	4	887833034
407	177	4	887833034
450	807	4	887834823
450	96	4	887834823
450	421	4	887834823
450	465	4	887834823
450	1222	3	887834953
450	252	3	887834953
450	82	3	887834953
450	373	3	887834953
450	778	3	887834953
450	717	4	887834953
450	259	3	887834953
450	728	3	887834953
450	478	5	887835272
450	1	4	887835272
450	142	5	887835352
450	210	3	887835408
450	837	4	887835478
450	771	3	887835478
504	632	3	887837701
504	631	4	887837701
504	99	3	887837739
504	176	3	887837739
504	211	4	887837739
504	58	3	887837740
504	69	4	887837918
504	82	4	887837918
504	180	4	887837918
504	505	4	887837957
504	503	4	887837958
504	1084	4	887837958
504	454	5	887838008
504	143	4	887838008
504	200	4	887838450
504	414	5	887838450
504	208	4	887838450
504	216	4	887838450
504	514	4	887838485
504	195	4	887838510
504	735	5	887838510
504	699	4	887838573
504	185	5	887838624
504	526	3	887838624
504	153	3	887838624
504	527	4	887838624
504	969	4	887838677
504	612	4	887838677
504	65	4	887838717
504	462	4	887838740
504	234	3	887838740
504	132	5	887838815
504	44	4	887838846
504	70	3	887838869
504	939	4	887838869
504	204	3	887838908
504	705	4	887838935
504	196	4	887838935
504	961	4	887839081
504	154	4	887839081
504	807	4	887839081
504	168	5	887839164
504	179	1	887839165
504	66	4	887839165
504	161	4	887839195
504	660	4	887839195
504	372	4	887839195
504	567	2	887839196
504	51	4	887839260
504	4	4	887839260
504	382	4	887839709
504	485	4	887839745
504	449	4	887839810
504	28	4	887839810
504	402	4	887839835
504	731	3	887840014
504	96	4	887840098
504	356	4	887840098
504	448	5	887840134
504	38	4	887840134
504	72	4	887840134
504	163	4	887840517
504	1439	4	887840517
504	187	3	887840559
504	1136	5	887840560
504	420	3	887840560
504	139	3	887840589
504	84	3	887840589
504	186	3	887840637
504	1210	3	887840637
504	77	4	887840681
504	655	4	887840713
504	559	5	887840745
504	214	4	887840764
504	399	4	887840882
504	1522	3	887840942
504	423	4	887840960
504	1093	1	887841073
504	1421	4	887841073
504	942	4	887841136
504	629	4	887841136
504	94	4	887841158
504	142	3	887841158
504	417	3	887841177
504	755	4	887841177
504	739	3	887841201
504	719	3	887841248
606	313	5	887841727
126	315	4	887853469
126	272	3	887853469
126	286	3	887853469
126	288	4	887853469
126	302	4	887853469
126	323	3	887853568
126	751	4	887853568
126	332	2	887853735
126	346	3	887853735
126	690	3	887853735
126	328	5	887853735
126	344	4	887853735
126	258	4	887853919
126	333	2	887853919
126	326	2	887853919
126	310	2	887854652
126	313	5	887854726
126	245	3	887854726
126	262	4	887854726
126	322	3	887854777
126	303	3	887854825
126	350	2	887854892
126	300	4	887854943
126	340	5	887854982
126	682	1	887855034
126	327	3	887855087
126	294	3	887855087
126	260	1	887855173
126	311	4	887855173
126	289	3	887855174
126	316	4	887855231
126	990	4	887855231
126	905	2	887855283
126	678	3	887855283
126	243	5	887855342
126	752	3	887855342
126	1175	5	887856958
655	955	3	887860615
655	753	3	887860615
655	435	2	887860616
707	880	2	887860711
654	313	5	887862952
654	302	5	887862964
654	268	1	887863017
654	300	5	887863017
654	751	3	887863034
654	288	3	887863064
654	332	4	887863081
654	748	4	887863081
654	294	3	887863127
654	689	3	887863194
654	336	3	887863227
654	50	5	887863323
654	237	4	887863339
654	742	4	887863339
654	508	1	887863355
654	25	1	887863381
654	408	5	887863381
654	181	3	887863381
654	275	5	887863394
654	124	4	887863412
654	591	5	887863412
654	116	4	887863436
654	258	4	887863436
654	100	1	887863436
654	283	5	887863471
654	151	4	887863471
654	246	1	887863471
654	147	3	887863488
654	282	3	887863513
654	255	2	887863513
654	222	5	887863534
654	1	4	887863557
654	250	1	887863557
654	15	3	887863557
654	14	2	887863557
654	137	4	887863596
654	248	2	887863596
654	845	4	887863613
654	274	4	887863635
654	111	4	887863635
654	109	3	887863635
654	24	4	887863651
654	121	4	887863757
654	278	3	887863757
654	1283	1	887863779
654	1115	3	887863779
654	13	1	887863780
654	596	3	887863802
654	257	4	887863802
654	825	3	887863826
654	455	3	887863826
654	1016	4	887863841
654	276	1	887863866
654	249	5	887863866
654	405	4	887863866
654	1009	3	887863885
654	546	4	887863885
654	291	4	887863914
654	284	4	887863914
654	118	2	887863914
654	370	2	887863914
654	476	3	887863914
654	473	2	887863933
654	535	3	887863962
654	1014	3	887863981
654	926	4	887863981
654	252	2	887864031
654	1048	3	887864050
654	3	3	887864071
654	756	4	887864071
654	146	3	887864105
654	1165	1	887864146
654	173	5	887864181
654	969	5	887864204
654	746	3	887864204
654	95	4	887864204
654	496	4	887864230
654	189	4	887864230
654	318	5	887864230
654	79	5	887864256
654	169	5	887864275
654	143	5	887864275
654	22	5	887864292
654	385	4	887864308
654	265	5	887864330
654	218	2	887864330
654	195	4	887864350
654	210	5	887864350
654	117	4	887864350
654	168	4	887864369
654	12	5	887864389
654	963	4	887864414
654	153	4	887864414
654	431	4	887864414
654	56	4	887864414
654	423	4	887864432
654	216	4	887864432
654	11	4	887864452
654	238	4	887864452
654	87	4	887864471
654	558	3	887864471
654	223	4	887864497
654	8	5	887864497
654	172	4	887864532
654	114	5	887864532
654	660	5	887864532
654	1020	4	887864566
654	215	4	887864587
654	418	4	887864588
654	28	5	887864610
654	71	3	887864610
654	204	4	887864610
654	98	5	887864641
654	69	4	887864641
654	70	4	887864663
654	83	5	887864680
654	1035	4	887864697
654	97	3	887864727
654	66	4	887864727
654	174	5	887864727
654	468	4	887864757
654	736	5	887864757
654	317	4	887864757
654	196	5	887864757
654	82	5	887864797
654	588	4	887864797
654	154	3	887864797
654	597	4	887864812
654	4	4	887864830
654	81	2	887864831
654	735	4	887864846
654	239	4	887864868
654	568	4	887864868
654	638	4	887864868
654	739	4	887864886
654	381	3	887864886
654	144	5	887864907
654	821	3	887864907
654	367	4	887864923
654	720	4	887864923
654	54	3	887864941
654	785	4	887864976
654	1285	4	887864998
654	462	4	887864998
654	128	5	887865053
389	1298	5	887868071
389	347	4	887868071
452	523	2	887889774
452	736	3	887890174
452	792	5	887890364
504	392	5	887908645
504	676	4	887908756
504	543	4	887908861
504	215	4	887908861
504	728	3	887908974
504	205	3	887909299
504	71	5	887909321
504	202	3	887909347
504	174	4	887909455
504	393	3	887909456
504	1263	4	887909532
504	716	4	887909532
504	167	3	887909556
504	141	3	887909578
504	499	4	887909595
504	490	4	887909816
504	447	4	887909816
504	88	3	887909839
504	585	2	887909864
504	548	2	887909864
504	504	4	887909890
504	212	4	887909911
504	465	3	887909936
504	54	4	887909936
504	773	3	887909936
504	561	4	887910023
504	1004	4	887910023
504	756	3	887910240
504	616	4	887910267
504	218	4	887910267
504	416	4	887910294
504	440	3	887910370
504	404	4	887910370
504	102	3	887910409
504	403	3	887910409
504	40	4	887910409
504	623	3	887910433
504	622	4	887910487
504	443	3	887910511
504	428	3	887910511
504	506	4	887910552
504	90	3	887910552
504	972	3	887910552
504	581	4	887910623
504	1041	3	887910694
504	664	3	887910718
504	158	3	887910737
504	537	3	887910811
504	1133	3	887910871
504	723	4	887910896
504	1090	4	887910961
504	1118	3	887911035
504	834	2	887911059
504	1444	3	887911133
504	400	3	887911277
504	441	4	887911314
504	1030	3	887911314
504	563	3	887911314
504	219	3	887911314
504	396	2	887911369
504	579	4	887911391
504	973	4	887911444
504	1442	3	887911444
504	1437	2	887911545
504	1110	2	887911583
504	1508	3	887911686
504	717	4	887911730
504	53	4	887911730
504	401	2	887911789
504	791	3	887911789
504	667	3	887911808
504	1135	4	887911854
504	725	3	887911973
504	452	2	887911974
543	313	3	887912223
504	371	3	887912236
504	199	4	887912236
543	302	4	887912238
504	1046	4	887912298
504	1415	3	887912335
504	67	2	887912382
504	364	2	887912382
504	575	3	887912401
504	238	3	887912416
504	386	3	887912431
504	384	2	887912447
504	5	4	887912462
504	63	3	887912504
504	633	3	887912542
504	75	4	887912568
504	451	1	887912584
504	1037	1	887912584
504	155	3	887912634
504	68	5	887912665
504	294	2	887912722
474	288	3	887914615
474	302	5	887914615
474	315	5	887914615
474	313	4	887914615
474	286	5	887914646
474	258	4	887914688
474	346	5	887914688
474	326	3	887914822
474	259	1	887914878
474	289	3	887914906
474	316	5	887914979
474	748	3	887914979
474	678	2	887915020
474	323	2	887915020
474	343	3	887915082
474	127	5	887915188
474	150	5	887915188
474	137	5	887915188
474	276	5	887915221
474	50	5	887915221
474	515	5	887915269
474	293	4	887915269
474	275	3	887915269
474	124	5	887915269
474	117	4	887915306
474	14	5	887915306
474	1134	3	887915306
474	471	3	887915307
474	591	3	887915366
474	237	4	887915366
474	126	4	887915366
474	116	5	887915366
474	100	5	887915413
474	7	5	887915414
474	628	4	887915414
474	283	3	887915437
474	508	3	887915437
474	222	4	887915479
474	475	4	887915479
474	181	5	887915511
474	257	3	887915511
474	1016	3	887915567
474	15	5	887915600
474	255	4	887915600
474	924	4	887915600
474	298	3	887915645
474	284	4	887915645
474	410	2	887915645
474	756	1	887915646
474	244	4	887915646
474	13	5	887915684
474	411	2	887915684
474	107	3	887915722
474	1009	4	887915722
474	685	3	887915784
332	313	5	887916125
332	258	5	887916151
332	288	5	887916151
332	300	5	887916188
474	111	4	887916203
474	151	3	887916203
474	1011	4	887916203
474	9	5	887916203
332	271	4	887916217
332	328	5	887916217
474	744	3	887916260
474	405	4	887916260
474	121	4	887916260
332	678	4	887916284
332	327	5	887916324
332	294	5	887916324
474	696	3	887916330
474	294	3	887916330
474	929	3	887916330
474	274	3	887916330
332	322	4	887916365
474	676	3	887916369
332	879	4	887916385
332	748	4	887916385
332	895	5	887916385
332	332	4	887916411
332	984	2	887916411
474	282	4	887916411
474	248	4	887916438
474	1028	1	887916438
332	181	5	887916529
332	237	5	887916529
332	295	3	887916529
332	222	4	887916529
332	1016	5	887916529
332	7	4	887916547
474	1014	3	887916567
474	291	4	887916567
474	252	4	887916567
332	117	4	887916575
332	298	4	887916575
332	257	4	887916575
474	25	5	887916608
332	1315	2	887916623
332	293	4	887916624
332	127	5	887916653
332	9	4	887916653
332	123	4	887916653
332	50	5	887916675
332	282	5	887916692
332	121	5	887916692
474	496	4	887923708
474	318	5	887923708
474	187	5	887923708
474	59	3	887923708
474	197	5	887923788
474	603	5	887923788
474	234	5	887923788
474	191	5	887923789
474	195	5	887923789
474	172	5	887923789
474	474	5	887923789
474	527	5	887923923
474	48	4	887923923
474	185	5	887923923
474	945	4	887923923
474	42	4	887923923
474	528	5	887923924
474	182	5	887923924
474	1123	4	887923924
474	427	5	887923924
474	489	4	887923972
474	479	5	887923972
474	190	3	887923972
474	487	4	887923972
474	176	5	887923972
474	134	4	887923972
474	79	5	887924027
474	64	5	887924027
474	173	5	887924027
474	98	5	887924027
474	657	5	887924028
474	180	5	887924028
474	97	5	887924028
474	616	4	887924028
474	655	5	887924083
474	56	5	887924083
474	238	4	887924083
474	523	5	887924083
474	663	4	887924084
474	204	4	887924084
474	506	5	887924084
474	135	5	887924424
474	507	4	887924424
474	179	5	887924424
474	483	5	887924424
474	423	5	887924425
474	505	5	887924425
474	486	4	887924425
474	89	5	887924425
474	265	5	887924425
474	504	5	887924469
474	654	5	887924469
474	1172	4	887924469
474	971	4	887924469
474	196	5	887924469
474	205	5	887924469
474	513	5	887924571
474	192	4	887924571
474	22	4	887924571
474	194	5	887924571
474	606	3	887924571
474	11	5	887924571
474	529	5	887924571
474	647	4	887924571
474	610	3	887924571
474	357	5	887924618
474	69	5	887924618
474	45	5	887924618
474	705	3	887924619
474	183	5	887924619
474	61	3	887924619
474	28	4	887924619
474	735	4	887924619
474	615	4	887924619
474	216	4	887924683
474	381	4	887924683
474	132	4	887924683
474	461	5	887924683
474	499	5	887924683
474	12	5	887924683
474	498	4	887924683
474	480	5	887925186
474	608	4	887925187
474	317	4	887925187
474	136	4	887925187
474	491	4	887925187
474	650	4	887925187
474	659	5	887925187
474	646	4	887925395
474	611	4	887925395
474	482	3	887925395
474	175	4	887925497
474	462	4	887925497
474	193	4	887925497
474	200	3	887925497
474	96	4	887925497
474	8	5	887925497
474	208	3	887925497
474	664	4	887925620
474	661	4	887925620
474	23	4	887925620
474	60	3	887925620
474	617	3	887925620
474	511	5	887925620
474	170	4	887925620
474	198	3	887925621
474	174	5	887925750
474	207	4	887925751
474	943	4	887925751
474	52	4	887925751
474	448	5	887925751
474	707	5	887925751
474	484	5	887925751
474	211	5	887925751
474	520	5	887925837
474	493	4	887925837
474	966	4	887925837
474	525	4	887925837
474	510	4	887925837
474	503	4	887925838
474	652	4	887925838
474	492	4	887925838
474	87	4	887925916
474	517	4	887925916
474	419	4	887925916
474	469	4	887925916
474	430	3	887925977
474	58	4	887925977
474	186	4	887925977
474	521	5	887925977
474	488	3	887925977
474	83	3	887925977
474	684	4	887925977
474	141	4	887926059
474	203	5	887926059
474	604	4	887926059
474	1113	3	887926059
474	490	5	887926059
474	671	3	887926105
474	963	5	887926105
474	178	4	887926105
474	88	4	887926106
474	77	5	887926106
474	497	5	887926106
474	1050	4	887926106
474	55	4	887926271
474	416	4	887926271
474	956	4	887926271
474	921	3	887926271
474	530	5	887926271
474	641	4	887926436
474	633	4	887926436
474	602	3	887926436
474	470	3	887926437
474	188	5	887926437
474	66	4	887926437
474	143	4	887926573
474	792	4	887926573
474	1020	3	887926573
474	31	4	887926573
474	435	5	887926573
474	76	4	887926573
474	566	5	887926632
474	923	4	887926632
474	514	4	887926632
474	518	4	887926633
474	737	4	887926633
474	161	4	887926633
474	215	5	887926804
474	648	4	887926804
474	485	4	887926804
474	478	4	887926804
474	171	4	887926804
474	68	3	887926804
474	836	3	887926804
474	71	5	887926872
474	519	4	887926872
474	227	4	887926872
474	607	4	887926872
474	436	3	887926873
474	848	4	887926998
474	44	3	887926998
474	431	4	887926999
474	660	5	887926999
474	549	5	887926999
474	1221	4	887926999
474	653	4	887926999
474	614	4	887926999
474	468	4	887926999
474	789	4	887927152
474	378	4	887927152
474	1124	4	887927152
474	729	4	887927152
474	642	4	887927152
474	414	4	887927153
474	996	3	887927153
474	481	4	887927153
474	1518	3	887927338
474	47	4	887927339
474	526	5	887927339
474	99	4	887927339
474	553	2	887927339
474	382	3	887927339
474	708	4	887927339
474	1200	4	887927339
474	199	5	887927456
474	86	4	887927456
474	463	5	887927457
474	72	3	887927457
474	509	5	887927457
474	699	4	887927457
474	618	4	887927457
474	213	4	887927509
474	609	4	887927509
474	26	4	887927509
474	736	3	887927509
474	131	4	887927509
474	92	4	887927509
474	601	5	887927509
474	692	4	887927588
474	4	5	887927588
474	380	4	887927588
474	649	4	887927588
474	218	4	887927588
474	212	4	887927670
474	385	4	887927670
474	605	3	887927670
474	168	3	887927670
474	651	5	887927670
474	209	5	887927670
474	1286	2	887927670
474	495	4	887927728
474	1045	4	887927728
474	582	5	887927728
474	584	5	887927728
474	1063	5	887927728
474	230	3	887927728
474	70	4	887928498
474	467	4	887928498
474	697	4	887928498
474	418	3	887928562
474	421	3	887928562
474	939	4	887928562
474	1421	4	887928562
474	210	5	887928562
474	434	4	887928562
474	709	5	887928755
474	630	3	887928793
474	356	5	887928793
474	73	3	887928793
126	319	2	887938081
332	125	5	887938224
332	815	4	887938224
332	742	5	887938224
332	284	5	887938245
332	1	4	887938245
332	685	4	887938277
332	273	5	887938277
332	472	3	887938277
332	276	3	887938299
332	240	4	887938299
332	255	4	887938330
332	118	5	887938330
332	871	3	887938351
332	471	4	887938351
126	353	5	887938392
126	878	5	887938392
126	884	5	887938392
126	681	5	887938392
126	881	5	887938392
126	337	5	887938392
126	266	5	887938392
332	1028	4	887938403
332	845	3	887938421
332	763	5	887938421
332	291	4	887938439
332	597	5	887938486
332	410	4	887938486
332	148	5	887938486
332	405	4	887938503
332	827	4	887938503
332	820	4	887938524
332	619	3	887938524
332	147	4	887938524
332	833	5	887938556
332	628	4	887938556
332	369	4	887938556
332	456	4	887938556
332	595	4	887938574
332	409	3	887938601
332	982	3	887938601
332	406	3	887938601
332	866	2	887938631
332	975	3	887938631
332	105	2	887938631
332	1150	3	887938631
332	1011	3	887938631
332	1047	3	887938652
332	841	4	887938669
332	106	4	887938687
332	756	2	887938687
332	225	3	887938706
332	928	5	887938706
332	235	3	887938723
332	411	4	887938738
332	717	3	887938760
332	831	3	887938760
332	696	3	887938760
332	840	4	887938781
332	1013	3	887938798
332	1244	4	887938798
332	824	3	887938818
332	120	4	887938818
332	370	2	887938849
332	122	5	887938886
332	983	2	887938886
332	934	2	887938886
332	22	5	887938934
332	210	5	887938981
332	41	5	887938997
332	679	5	887939021
332	195	5	887939051
332	96	5	887939051
332	159	5	887939071
332	226	5	887939092
332	550	5	887939092
332	144	5	887939092
332	470	5	887939157
332	1218	5	887939171
453	272	5	887941892
453	93	2	887941962
453	628	3	887942025
453	1017	3	887942122
453	248	4	887942143
453	975	2	887942451
453	1079	1	887942484
820	315	3	887954828
820	258	3	887954853
820	286	4	887954853
820	347	4	887954853
820	333	5	887954878
820	538	3	887954906
820	302	5	887954906
820	313	5	887954934
820	288	5	887954934
820	358	1	887954972
820	271	2	887955020
820	324	3	887955020
820	289	2	887955020
820	301	2	887955046
820	895	2	887955046
820	328	2	887955079
820	751	1	887955180
820	264	3	887955180
820	316	3	887955204
820	748	1	887955223
820	343	4	887955241
815	333	3	887978234
815	631	4	887978234
815	427	5	887978255
815	528	5	887978255
454	260	1	888000454
454	313	5	888000454
454	272	5	888007255
454	315	4	888015651
454	312	3	888015842
454	316	4	888015879
454	988	2	888015879
454	1105	3	888015988
758	362	5	888020763
758	316	5	888020827
640	302	5	888025971
640	186	5	888026047
758	1527	3	888039070
379	655	5	888044628
379	1075	3	888044628
379	517	4	888044628
49	270	2	888065432
49	302	4	888065432
49	347	3	888065487
49	346	4	888065527
49	904	2	888065527
49	313	3	888065527
49	995	3	888065577
49	300	1	888065577
49	262	5	888065620
49	268	3	888065620
49	301	3	888065640
49	294	1	888065702
49	324	4	888065702
49	325	3	888065744
49	334	4	888065744
49	289	4	888065744
49	312	3	888065786
49	343	2	888065786
49	358	1	888065805
49	878	2	888065825
49	258	2	888065895
49	10	3	888066086
49	283	3	888066086
49	475	4	888066109
49	116	4	888066109
49	1009	3	888066133
49	919	5	888066133
49	547	5	888066187
49	1068	3	888066187
49	1082	3	888066214
49	713	3	888066214
49	256	4	888066215
49	557	3	888066394
49	1075	2	888066424
49	1073	5	888066424
49	179	5	888066446
49	652	5	888066446
49	213	3	888066486
49	462	2	888066486
49	531	3	888066511
49	171	4	888066551
49	57	4	888066571
49	702	3	888066614
49	70	2	888066614
49	1021	5	888066647
49	52	2	888066647
49	640	1	888066685
49	382	2	888066705
49	1080	4	888066734
49	1018	2	888066755
49	698	2	888066776
49	737	1	888066828
49	501	3	888066979
49	432	5	888066979
49	91	5	888066979
49	95	2	888067031
49	418	3	888067031
49	99	4	888067031
49	588	4	888067031
49	240	3	888067031
49	625	3	888067031
49	420	4	888067031
49	946	2	888067096
49	627	2	888067096
49	542	2	888067096
49	71	3	888067096
49	101	3	888067164
49	1078	1	888067164
49	102	2	888067164
49	473	3	888067164
49	820	1	888067164
49	1066	2	888067187
49	1076	2	888067187
49	98	4	888067307
49	56	5	888067307
49	185	5	888067307
49	100	4	888067307
49	7	4	888067307
49	320	5	888067334
49	200	3	888067358
49	53	4	888067405
49	219	1	888067405
49	217	3	888067405
49	559	2	888067405
49	406	2	888067428
49	413	1	888067460
49	561	2	888067460
49	145	1	888067460
49	569	3	888067482
49	396	4	888067482
49	774	2	888067528
49	590	1	888067579
49	758	1	888067596
49	50	1	888067691
49	8	3	888067691
49	419	4	888067691
49	172	1	888067691
49	173	3	888067691
49	174	1	888067691
49	143	3	888067726
49	477	2	888067727
49	423	2	888067727
49	151	5	888067727
49	82	1	888067765
49	181	1	888067765
49	404	3	888067765
49	465	3	888067798
49	401	2	888067975
49	657	5	888068032
49	789	4	888068033
49	1077	4	888068057
49	12	4	888068057
49	55	4	888068057
49	741	4	888068079
49	129	2	888068079
49	121	1	888068100
49	581	3	888068143
49	583	4	888068143
49	628	4	888068167
49	39	2	888068194
49	123	1	888068195
49	148	1	888068195
49	594	3	888068245
49	159	2	888068245
49	54	2	888068265
49	77	1	888068289
49	38	1	888068289
49	931	2	888068336
49	328	2	888068651
49	1003	2	888068651
49	928	2	888068651
49	299	2	888068651
49	1	2	888068651
49	225	2	888068651
49	218	2	888068651
49	717	2	888068651
49	1083	2	888068651
49	17	2	888068651
49	514	4	888068686
49	813	3	888068686
49	168	5	888068686
49	204	1	888068686
49	111	2	888068686
49	154	5	888068715
49	208	4	888068715
49	175	5	888068715
49	47	5	888068715
49	1070	3	888068739
49	433	5	888068739
49	238	4	888068762
49	42	4	888068791
49	25	2	888068791
49	428	5	888068791
49	455	1	888068791
49	202	3	888068816
49	13	3	888068816
49	508	3	888068841
49	1067	3	888068842
49	287	4	888068842
49	3	3	888068877
49	209	5	888068877
49	93	5	888068912
49	239	2	888068912
49	1069	3	888068912
49	959	2	888068912
49	85	3	888068934
49	721	2	888068934
49	108	2	888068957
49	695	3	888068957
49	235	2	888068990
49	49	2	888068990
49	372	4	888069040
49	715	3	888069040
49	692	1	888069040
49	732	3	888069040
49	1017	3	888069040
49	290	2	888069062
49	997	1	888069117
49	80	1	888069117
49	926	1	888069117
49	367	3	888069117
49	122	2	888069138
49	738	3	888069138
49	1071	3	888069138
49	1074	2	888069165
49	1079	1	888069165
49	90	1	888069194
49	1072	1	888069194
49	998	2	888069194
49	386	4	888069222
49	40	1	888069222
49	476	1	888069222
49	821	1	888069246
49	72	2	888069246
49	1081	3	888069246
49	1036	2	888069304
49	1028	2	888069304
49	369	1	888069329
49	577	1	888069329
49	725	2	888069354
49	147	1	888069416
49	182	3	888069416
49	518	4	888069437
49	11	3	888069458
49	117	1	888069459
49	96	1	888069512
49	4	2	888069512
49	161	1	888069513
49	68	1	888069513
49	385	1	888069536
49	231	3	888069579
49	2	1	888069606
49	546	1	888069636
49	403	3	888069636
49	62	2	888069660
13	344	2	888073635
13	316	5	888073653
224	313	5	888081843
224	286	3	888081843
224	300	4	888081843
224	751	3	888081913
224	328	4	888081947
224	258	3	888081947
224	294	4	888081976
224	333	3	888081976
224	301	3	888082013
224	322	2	888082013
224	325	1	888082045
224	326	4	888082071
224	879	3	888082099
224	748	3	888082099
224	321	2	888082134
224	687	2	888082135
224	873	2	888082187
224	329	3	888082187
224	323	3	888082216
224	245	3	888082216
224	689	3	888082246
224	349	4	888082246
224	678	3	888082277
224	243	2	888082277
224	991	1	888082277
224	893	3	888082350
224	223	3	888082468
224	11	3	888082468
224	178	4	888082468
224	191	4	888082468
224	28	4	888082468
224	526	4	888082495
224	69	4	888082495
224	97	5	888082552
224	193	4	888082552
224	1039	5	888082552
224	318	5	888082584
224	962	2	888082584
224	591	3	888082584
224	86	3	888082612
224	215	4	888082612
224	1119	3	888082634
224	528	3	888082658
224	727	4	888082682
224	282	4	888082705
224	237	3	888082742
224	470	4	888082742
224	736	3	888082742
224	1221	3	888082742
224	724	3	888082742
224	1045	2	888082766
870	169	4	888095560
307	313	5	888095725
307	101	3	888095824
332	89	5	888098060
332	651	5	888098060
332	79	5	888098088
332	204	4	888098088
332	182	5	888098088
332	172	5	888098088
332	660	3	888098125
332	568	4	888098151
332	245	4	888098170
332	770	3	888098170
332	307	5	888098170
332	31	4	888098205
332	12	5	888098205
332	56	5	888098256
332	323	5	888098276
332	562	5	888098328
332	232	5	888098373
332	1188	5	888098374
332	385	5	888098398
332	546	4	888098432
332	978	4	888098459
332	82	5	888098524
332	252	5	888098524
332	693	5	888098538
144	286	4	888103370
144	300	3	888103370
144	333	3	888103371
144	258	4	888103371
144	900	4	888103371
144	313	5	888103407
144	307	1	888103407
144	328	3	888103407
144	303	4	888103407
224	332	3	888103429
144	750	4	888103444
144	242	4	888103444
144	327	3	888103444
144	262	3	888103444
144	304	4	888103466
144	288	2	888103509
144	880	5	888103509
144	319	3	888103509
144	302	3	888103530
144	326	4	888103530
224	196	4	888103532
144	294	4	888103573
144	690	3	888103573
224	22	5	888103581
224	423	4	888103581
224	162	4	888103611
224	15	4	888103611
144	271	2	888103632
224	147	3	888103646
224	744	1	888103646
224	655	4	888103646
224	924	3	888103646
144	316	5	888103666
224	662	5	888103671
224	135	1	888103671
224	699	4	888103703
224	660	4	888103703
224	126	3	888103704
144	751	4	888103725
144	343	2	888103725
224	222	4	888103729
224	583	1	888103729
224	378	4	888103775
224	544	1	888103812
224	277	3	888103812
224	70	2	888103812
224	704	3	888103812
224	221	2	888103812
224	92	1	888103812
224	658	1	888103840
224	356	4	888103840
224	731	4	888103872
224	632	2	888103872
224	77	4	888103872
224	402	5	888103872
224	518	1	888103906
224	387	4	888103906
224	720	4	888103906
144	19	4	888103929
144	251	4	888103929
144	50	5	888103929
224	676	3	888103942
224	125	3	888103942
224	556	1	888103942
144	1142	5	888103968
144	117	4	888103969
144	285	4	888103969
224	157	4	888103971
224	549	3	888103971
144	298	3	888103988
224	149	1	888103999
224	686	4	888104030
224	555	3	888104030
224	468	4	888104030
224	582	4	888104030
144	93	1	888104032
144	475	1	888104032
144	248	4	888104032
144	181	4	888104032
224	949	3	888104057
224	778	1	888104057
144	1	4	888104063
144	100	5	888104063
144	847	4	888104063
144	124	4	888104063
224	620	3	888104085
144	221	3	888104087
144	7	2	888104087
224	846	4	888104116
224	276	3	888104116
224	284	3	888104117
144	742	4	888104122
144	276	3	888104122
144	591	3	888104122
144	14	4	888104122
144	282	4	888104123
144	297	4	888104150
144	126	4	888104150
144	137	4	888104150
144	15	4	888104150
144	508	4	888104150
224	26	3	888104153
224	708	2	888104153
224	1163	2	888104154
224	392	4	888104154
224	287	3	888104154
224	148	3	888104154
224	729	3	888104188
224	380	4	888104188
224	365	3	888104188
224	212	1	888104188
144	597	4	888104191
144	845	4	888104191
144	9	5	888104191
144	281	3	888104191
144	125	4	888104191
144	273	4	888104213
144	471	4	888104213
144	284	3	888104213
224	469	1	888104219
224	581	1	888104219
224	1058	3	888104219
144	129	4	888104234
144	257	4	888104258
144	533	4	888104258
144	237	4	888104258
144	116	4	888104258
224	977	2	888104281
224	925	3	888104281
224	1053	3	888104281
224	1442	3	888104281
144	760	2	888104283
144	293	4	888104283
224	569	3	888104313
224	54	3	888104313
224	723	2	888104313
224	1152	3	888104313
144	713	4	888104322
144	1016	3	888104322
144	1197	4	888104322
224	980	1	888104353
224	280	4	888104353
224	1044	3	888104353
144	274	3	888104382
144	455	3	888104382
224	553	4	888104393
224	1085	1	888104393
144	147	3	888104402
144	405	4	888104419
144	1013	1	888104446
144	1284	3	888104446
224	43	3	888104456
224	366	3	888104457
224	51	4	888104457
224	29	3	888104457
224	1212	2	888104457
224	715	1	888104487
224	20	1	888104487
144	1028	3	888104495
144	410	3	888104521
144	1012	4	888104521
224	1441	3	888104522
224	403	4	888104522
224	107	3	888104522
224	570	4	888104522
144	24	4	888104541
224	1401	1	888104554
224	1208	1	888104554
224	239	4	888104554
144	20	4	888104559
144	411	4	888104588
144	244	3	888104588
224	1381	3	888104589
144	280	1	888104625
144	476	2	888104625
144	823	3	888104659
144	815	1	888104659
144	106	3	888104684
144	1138	4	888104684
144	235	1	888104715
144	1226	4	888104737
144	105	2	888104767
144	831	3	888104805
144	1010	3	888104834
144	762	3	888104940
144	195	5	888105081
144	191	4	888105081
144	524	5	888105081
144	234	4	888105115
144	209	2	888105116
144	655	5	888105116
144	204	2	888105116
144	64	5	888105140
144	69	5	888105140
144	183	4	888105140
144	651	4	888105197
144	48	5	888105197
144	223	4	888105197
144	516	2	888105197
144	514	5	888105197
144	59	4	888105197
144	963	4	888105254
144	144	4	888105254
144	357	4	888105254
144	55	4	888105254
144	193	4	888105287
144	198	4	888105287
144	32	4	888105287
144	194	5	888105287
144	474	4	888105311
144	521	4	888105312
144	187	4	888105312
144	1101	4	888105312
144	172	4	888105312
144	478	4	888105337
144	72	4	888105338
144	523	5	888105338
144	176	4	888105338
144	647	4	888105338
144	170	4	888105364
144	135	5	888105364
144	435	4	888105387
144	56	4	888105387
144	213	4	888105387
144	318	5	888105419
144	12	4	888105419
144	500	4	888105419
144	22	5	888105439
144	632	4	888105472
144	54	2	888105473
144	747	5	888105473
144	685	3	888105473
144	531	5	888105473
144	855	4	888105510
144	58	3	888105548
144	87	5	888105548
144	588	4	888105549
144	70	4	888105587
144	1147	4	888105587
144	98	4	888105587
144	1039	4	888105587
144	174	5	888105612
144	8	4	888105612
144	962	4	888105612
144	73	3	888105636
144	403	3	888105636
144	956	4	888105636
144	729	4	888105665
144	527	5	888105665
144	68	2	888105665
144	89	3	888105691
144	96	5	888105691
144	216	4	888105691
144	1065	4	888105714
144	190	5	888105714
144	423	5	888105714
144	215	4	888105714
144	393	4	888105743
144	182	3	888105743
144	196	4	888105743
144	727	3	888105765
144	960	2	888105784
144	153	5	888105823
144	654	4	888105823
144	127	4	888105823
144	466	2	888105823
144	31	3	888105823
144	1286	4	888105846
144	528	4	888105846
144	4	4	888105873
144	180	4	888105873
144	33	5	888105902
144	62	2	888105902
144	173	5	888105902
144	1285	3	888105922
144	709	4	888105940
144	454	3	888105993
144	212	5	888105993
144	165	4	888105993
144	470	2	888105993
144	785	4	888106016
144	1169	4	888106044
144	942	4	888106044
144	461	4	888106044
144	778	4	888106044
144	66	4	888106078
144	961	3	888106106
144	699	4	888106106
144	197	4	888106106
144	91	2	888106106
144	160	2	888106181
144	65	4	888106182
144	518	3	888106182
144	61	3	888106182
144	707	3	888106322
144	480	4	888106322
102	272	3	888112484
642	1136	4	888123195
642	955	3	888123262
174	1313	4	888155294
860	312	4	888169119
287	347	4	888177040
287	346	5	888177040
287	340	5	888177097
287	268	4	888177170
287	313	4	888177170
287	895	2	888177213
287	682	4	888177213
287	100	5	888177364
43	347	3	888177393
43	269	5	888177393
287	291	5	888177402
506	749	4	888178129
506	300	3	888178161
206	300	1	888179565
206	313	5	888179565
206	288	5	888179565
206	333	4	888179565
206	272	5	888179565
206	332	3	888179602
206	258	4	888179602
206	310	5	888179625
206	309	2	888179647
206	690	2	888179694
206	682	3	888179694
206	294	2	888179694
206	326	1	888179713
206	260	3	888179772
206	245	1	888179772
206	343	1	888179788
206	895	5	888179788
206	323	1	888179833
206	748	4	888179833
206	873	3	888179833
206	678	1	888179833
206	990	1	888179913
206	336	1	888179928
206	314	1	888179948
206	683	1	888179980
206	1022	1	888179980
206	900	1	888179980
206	359	1	888179980
206	749	2	888179980
206	1430	1	888179980
206	346	5	888179981
206	1313	1	888179981
206	1394	1	888179981
206	750	3	888179981
206	1233	1	888180018
206	362	1	888180018
206	903	2	888180018
206	269	4	888180018
206	1062	3	888180018
206	315	5	888180018
206	896	4	888180018
206	1429	1	888180018
206	1431	1	888180018
206	337	2	888180049
206	242	3	888180049
206	1433	1	888180049
206	882	1	888180049
206	1176	1	888180049
206	262	1	888180049
206	891	2	888180049
206	1024	1	888180049
206	308	2	888180049
206	1175	1	888180049
206	691	1	888180081
206	889	2	888180081
206	1127	4	888180081
206	360	1	888180081
206	1395	1	888180081
206	904	1	888180081
206	340	3	888180082
206	361	1	888180082
206	1434	1	888180082
206	1432	1	888180082
206	302	5	888180227
472	186	5	888183325
156	346	3	888185561
156	211	4	888185606
156	480	5	888185606
156	357	4	888185677
156	100	4	888185677
156	124	3	888185677
156	655	3	888185677
156	641	5	888185677
156	64	3	888185677
156	83	3	888185677
156	205	3	888185735
156	9	4	888185735
156	137	4	888185735
156	515	3	888185735
156	192	4	888185735
156	197	5	888185777
156	178	5	888185777
156	180	5	888185777
156	806	3	888185777
156	48	4	888185777
156	187	5	888185778
156	12	3	888185853
156	276	3	888185854
156	86	4	888185854
156	11	2	888185906
156	651	4	888185906
156	528	4	888185906
156	317	4	888185906
156	157	4	888185906
156	77	2	888185906
156	58	4	888185906
156	661	4	888185947
156	772	3	888185947
156	318	4	888185947
156	646	4	888185947
156	22	3	888186093
156	510	4	888186093
332	354	5	888189331
871	331	3	888192202
871	333	2	888192202
871	315	3	888192286
871	307	3	888192315
871	690	3	888192315
871	347	5	888192315
871	271	5	888192349
871	245	3	888192475
871	335	3	888192475
871	289	3	888192475
871	909	3	888192475
871	883	3	888192475
871	305	3	888192475
871	301	4	888192475
871	337	3	888192475
871	342	4	888192475
871	360	3	888192475
871	750	3	888192689
871	1024	3	888192689
871	1434	3	888192689
871	876	3	888192689
871	324	3	888192689
871	1022	3	888192689
871	895	3	888192689
871	937	3	888192689
871	359	3	888192743
871	1430	3	888192744
871	989	3	888192744
871	752	3	888192744
871	751	4	888192744
871	905	3	888192744
871	908	3	888192745
871	907	3	888192745
871	270	5	888192858
871	896	3	888192858
871	1176	3	888192858
871	242	3	888192858
871	313	5	888192858
871	310	3	888192858
871	904	3	888192858
871	272	2	888192859
871	346	3	888192859
871	345	3	888192859
871	575	5	888192909
871	182	5	888192925
871	302	5	888192970
871	269	3	888192970
871	262	3	888192970
871	258	5	888192970
871	300	4	888192971
871	259	3	888192971
871	326	5	888192971
871	352	3	888192971
871	1431	4	888192971
871	187	5	888193081
871	127	5	888193081
871	276	5	888193136
871	547	3	888193136
871	1197	3	888193136
871	1345	3	888193136
871	1388	4	888193136
871	813	3	888193136
871	147	5	888193136
871	286	3	888193136
871	1386	3	888193136
871	1385	3	888193136
871	515	4	888193176
871	174	5	888193176
871	96	5	888193177
871	172	5	888193177
871	56	5	888193177
871	947	2	888193177
871	511	2	888193177
871	22	5	888193177
871	183	3	888193177
871	226	5	888193177
871	195	5	888193274
871	11	3	888193274
871	79	5	888193275
871	161	5	888193275
871	27	2	888193275
871	210	5	888193275
871	121	4	888193275
871	190	2	888193275
871	50	5	888193275
871	17	3	888193275
871	510	3	888193335
871	181	3	888193335
871	435	3	888193336
871	82	3	888193336
871	177	5	888193336
871	651	2	888193337
871	526	5	888193337
871	566	3	888193337
871	92	3	888193338
871	4	3	888193338
871	173	5	888193383
871	275	3	888193384
871	216	3	888193384
871	1119	3	888193384
871	197	3	888193385
871	202	4	888193385
871	241	3	888193385
871	237	3	888193386
871	213	3	888193386
871	794	3	888193541
871	97	3	888193541
871	955	3	888193541
871	781	4	888193541
871	402	3	888193541
871	549	3	888193541
871	1072	3	888193541
871	1137	3	888193541
871	747	3	888193541
871	662	3	888193541
453	354	4	888201923
453	750	4	888201942
453	59	2	888202258
453	1230	2	888202271
453	963	4	888202307
59	313	5	888202532
59	286	3	888202532
59	258	3	888202749
59	288	5	888202787
453	367	2	888202813
59	900	4	888202814
59	100	5	888202899
59	126	5	888202899
59	7	4	888202941
59	129	5	888202941
59	285	4	888202941
453	421	4	888203015
59	919	4	888203018
59	929	2	888203018
59	116	4	888203018
59	1	2	888203053
59	9	4	888203053
59	742	3	888203053
59	151	5	888203053
453	496	4	888203066
59	111	4	888203095
59	508	5	888203095
59	1009	4	888203095
59	276	5	888203095
59	458	4	888203128
59	1115	3	888203128
59	273	2	888203129
453	223	4	888203147
59	287	5	888203175
59	741	4	888203175
59	148	3	888203175
59	220	2	888203175
59	109	4	888203175
59	10	4	888203234
59	137	5	888203234
59	118	5	888203234
59	14	5	888203234
59	277	4	888203234
59	1048	4	888203270
59	591	4	888203270
59	410	3	888203270
59	25	4	888203270
59	147	5	888203270
59	149	4	888203313
59	18	4	888203313
59	121	4	888203313
59	1117	4	888203313
59	123	3	888203343
59	974	3	888203343
59	1047	2	888203371
59	237	3	888203371
59	1114	5	888203415
59	477	3	888203415
59	846	4	888203415
59	13	5	888203415
59	928	4	888203449
59	15	5	888203449
59	274	1	888203449
59	284	2	888203449
59	472	3	888203482
59	547	3	888203482
59	1093	5	888203578
59	405	3	888203578
59	240	2	888203579
59	24	4	888203579
59	713	5	888203579
59	845	5	888203579
59	975	4	888203610
59	473	3	888203610
59	931	2	888203610
59	597	2	888203610
59	595	3	888203658
59	825	4	888203658
59	756	2	888203658
59	235	1	888203658
59	125	3	888203658
59	760	2	888203659
59	762	4	888203708
59	926	1	888203708
59	764	4	888203709
59	823	5	888203749
59	290	3	888203750
59	476	2	888203814
59	3	4	888203814
59	871	2	888203865
59	866	3	888203865
59	1120	1	888203900
59	1028	1	888203900
59	106	4	888203959
59	369	2	888203959
59	620	4	888203959
59	717	2	888203959
655	344	4	888204230
59	79	5	888204260
59	505	4	888204260
59	12	5	888204260
59	205	3	888204260
59	203	4	888204260
59	201	4	888204260
59	22	4	888204260
59	64	5	888204309
59	603	5	888204309
59	654	4	888204309
59	210	4	888204309
59	611	3	888204309
59	427	5	888204309
59	483	5	888204309
59	187	5	888204349
59	357	5	888204349
59	177	4	888204349
59	318	5	888204349
59	133	3	888204349
59	98	5	888204349
59	466	4	888204389
59	58	4	888204389
59	588	2	888204389
59	523	4	888204389
59	198	5	888204389
59	215	5	888204430
59	474	5	888204430
59	170	4	888204430
59	516	4	888204430
59	127	5	888204430
59	515	4	888204430
59	56	5	888204465
59	423	5	888204465
59	193	4	888204465
59	45	5	888204465
59	485	2	888204466
59	48	5	888204502
59	855	4	888204502
59	484	4	888204502
59	608	4	888204502
59	510	4	888204502
59	172	5	888204552
59	55	5	888204553
59	174	5	888204553
59	238	5	888204553
59	527	5	888204553
59	684	3	888204553
59	659	3	888204553
59	435	5	888204553
59	615	4	888204553
59	367	4	888204597
59	61	4	888204597
59	180	4	888204597
59	657	4	888204597
59	429	4	888204597
59	168	5	888204641
59	143	1	888204641
59	514	5	888204641
59	633	3	888204641
59	655	5	888204642
59	746	5	888204642
59	169	4	888204757
59	195	5	888204757
59	963	5	888204757
59	95	2	888204758
59	525	3	888204758
59	1111	5	888204758
59	70	3	888204758
59	135	5	888204758
59	480	5	888204802
59	183	5	888204802
59	673	5	888204802
59	83	4	888204802
59	432	4	888204802
59	606	4	888204802
59	969	3	888204802
59	191	4	888204841
59	194	3	888204841
59	28	5	888204841
59	42	5	888204841
59	134	5	888204841
59	521	5	888204877
59	1108	3	888204877
59	507	4	888204877
59	182	5	888204877
59	181	5	888204877
59	498	5	888204927
59	604	3	888204927
59	663	4	888204928
59	234	5	888204928
59	425	4	888204928
59	59	5	888204928
59	526	4	888204928
59	511	5	888204965
59	209	5	888204965
59	89	5	888204965
59	60	5	888204965
59	519	4	888204965
59	179	5	888204996
59	1021	4	888204996
59	92	5	888204997
59	651	5	888204997
59	709	5	888204997
59	39	4	888205033
59	644	4	888205033
59	99	4	888205033
59	190	5	888205033
59	69	5	888205087
59	50	5	888205087
59	705	4	888205087
59	789	4	888205087
59	196	5	888205088
59	1109	3	888205088
59	496	4	888205144
59	513	4	888205144
59	173	5	888205144
59	584	4	888205145
59	736	5	888205145
59	529	4	888205145
59	86	3	888205145
59	1050	2	888205188
59	658	4	888205188
59	428	5	888205188
59	4	4	888205188
59	418	2	888205188
59	1065	5	888205188
59	188	4	888205188
59	32	4	888205228
59	87	4	888205228
59	430	5	888205228
59	216	4	888205228
59	185	5	888205228
59	68	2	888205228
59	419	2	888205228
59	568	5	888205229
59	727	2	888205265
59	65	4	888205265
59	724	5	888205265
59	91	4	888205265
59	729	4	888205265
59	1101	5	888205265
59	33	3	888205265
59	528	4	888205300
59	23	5	888205300
59	489	4	888205300
59	582	4	888205300
59	175	4	888205300
59	136	3	888205336
59	647	5	888205336
453	684	3	888205336
59	81	4	888205336
59	707	3	888205336
59	699	4	888205370
59	492	4	888205370
59	200	5	888205370
59	479	5	888205370
59	732	3	888205370
59	443	5	888205370
59	199	4	888205410
59	265	4	888205410
59	131	4	888205410
59	747	4	888205410
59	197	5	888205462
59	404	3	888205463
59	212	4	888205463
59	692	3	888205463
59	702	5	888205463
59	710	3	888205463
59	208	5	888205533
59	660	4	888205534
59	431	4	888205534
59	650	5	888205534
59	735	5	888205534
59	770	4	888205534
59	675	5	888205534
453	471	4	888205557
59	47	5	888205574
59	434	4	888205574
59	176	5	888205574
59	71	3	888205574
59	241	4	888205574
59	382	4	888205574
453	99	3	888205588
59	664	4	888205614
59	490	4	888205614
59	52	4	888205615
59	610	4	888205615
59	204	5	888205615
59	96	5	888205659
59	385	4	888205659
59	381	5	888205659
59	549	4	888205659
59	416	3	888205660
59	186	5	888205660
59	649	4	888205660
59	82	5	888205660
453	721	4	888205696
453	384	2	888205711
59	230	4	888205714
59	679	4	888205714
59	202	4	888205714
59	228	4	888205714
59	517	5	888205714
59	393	2	888205714
59	470	3	888205714
59	132	5	888205744
59	11	5	888205744
59	570	4	888205745
453	578	3	888205764
453	80	2	888205783
59	448	4	888205787
59	506	5	888205787
59	953	5	888205787
59	30	5	888205787
59	462	5	888205787
59	503	4	888205855
59	161	3	888205855
59	468	3	888205855
59	501	1	888205855
59	1113	4	888205855
59	609	2	888205855
453	356	2	888205866
453	67	4	888205882
59	97	5	888205921
59	504	5	888205921
59	583	5	888205921
59	715	5	888205921
59	229	3	888205921
59	54	4	888205921
453	158	2	888205937
59	488	3	888205956
59	618	4	888205956
59	380	3	888205956
59	102	2	888205956
59	433	5	888205982
453	233	2	888206003
59	672	5	888206015
59	581	5	888206015
59	227	3	888206015
59	622	4	888206015
59	421	5	888206015
453	781	3	888206022
453	401	3	888206038
59	44	4	888206048
59	211	5	888206048
59	1118	2	888206048
59	616	5	888206049
59	451	5	888206049
453	143	2	888206053
59	184	4	888206094
59	1119	4	888206094
59	562	4	888206094
59	436	5	888206094
59	447	5	888206095
59	959	4	888206095
59	51	5	888206095
59	371	4	888206095
59	972	4	888206125
59	662	3	888206125
453	73	4	888206132
453	416	2	888206132
59	1112	3	888206161
59	569	4	888206161
59	612	3	888206161
59	53	5	888206161
453	229	2	888206219
453	871	1	888206233
59	755	4	888206254
59	642	5	888206254
59	73	4	888206254
59	1107	4	888206254
59	77	4	888206254
59	602	2	888206295
59	625	3	888206295
59	402	4	888206296
453	797	1	888206339
59	792	4	888206362
59	226	4	888206362
59	90	2	888206363
59	465	2	888206363
59	1110	4	888206363
59	1005	5	888206363
59	951	3	888206409
59	218	5	888206409
59	1074	4	888206409
59	708	4	888206410
59	640	5	888206445
59	946	1	888206445
59	140	1	888206445
453	717	2	888206467
59	232	3	888206485
59	670	4	888206485
59	739	4	888206485
59	566	4	888206485
59	219	5	888206485
453	1145	2	888206492
59	142	1	888206561
59	567	4	888206562
59	559	5	888206562
59	774	2	888206562
59	392	2	888206562
59	1116	3	888206562
59	387	3	888206562
453	1157	2	888206576
59	564	2	888206605
59	403	5	888206605
59	550	5	888206605
59	781	4	888206605
59	101	5	888206605
59	141	4	888206605
453	452	2	888206630
453	1037	1	888206630
453	364	3	888206676
59	524	3	888206689
59	491	4	888206689
453	1303	2	888206730
59	687	1	888206764
59	321	4	888206764
59	243	1	888206764
453	453	2	888206768
453	424	1	888206768
59	323	4	888206809
453	9	3	888207161
453	742	3	888207161
453	402	3	888207161
453	77	3	888207161
453	568	3	888207161
453	550	3	888207161
453	79	3	888207161
453	385	3	888207161
453	393	3	888207162
453	227	3	888207162
543	936	4	888209568
543	249	2	888209667
543	15	3	888209697
130	354	5	888211701
130	355	4	888211731
130	353	1	888211764
130	316	4	888211794
130	752	5	888211864
130	555	4	888211930
561	435	3	888232990
533	919	2	888239673
533	21	3	888239930
327	143	4	888251408
327	1100	4	888251464
327	435	4	888251521
832	313	5	888258754
832	286	3	888258806
832	258	3	888258960
832	328	3	888259020
832	326	4	888259121
832	294	4	888259121
832	307	4	888259231
832	895	2	888259285
832	260	3	888259404
832	264	3	888259480
832	876	3	888259480
