751	239	4	889134237
751	226	3	889134237
751	735	4	889134332
751	173	4	889134393
751	856	2	889134393
751	497	4	889134393
751	55	4	889134419
751	381	1	889134419
751	95	5	889134419
751	161	2	889134419
751	432	4	889134420
751	484	3	889134483
751	99	4	889134483
751	485	4	889134483
751	419	4	889134533
751	736	5	889134533
751	91	4	889134705
751	431	4	889134705
751	487	5	889134705
751	83	5	889134705
751	418	5	889135211
751	865	2	889135211
751	385	4	889135244
751	121	4	889135401
751	436	4	889135879
606	326	4	889137188
606	1151	3	889137292
606	1280	2	889137292
606	1190	3	889137308
279	413	4	889151529
279	940	5	889151559
279	240	4	889151559
279	992	4	889151559
279	577	1	889151559
653	307	4	889151627
653	300	4	889151716
693	289	3	889167919
693	291	3	889167954
276	1047	3	889174658
276	366	3	889174764
276	922	4	889174849
276	652	4	889174849
276	853	5	889174849
276	201	5	889174849
276	1478	3	889174849
276	9	5	889174849
276	196	4	889174849
276	710	4	889174849
276	562	3	889174870
276	1052	2	889174870
276	1036	2	889174870
276	544	3	889174870
276	474	5	889174904
276	942	4	889174904
276	139	4	889174904
276	640	4	889174904
276	727	3	889174919
239	268	2	889178512
239	286	1	889178512
239	242	5	889178512
239	340	5	889178513
239	300	1	889178513
239	288	2	889178513
239	690	1	889178513
239	305	4	889178513
239	528	5	889178562
239	514	1	889178562
239	612	5	889178616
239	603	5	889178616
239	190	1	889178616
239	64	1	889178616
239	114	3	889178616
239	124	5	889178652
239	133	3	889178652
239	705	4	889178652
239	137	5	889178688
239	185	4	889178688
239	475	5	889178689
239	463	5	889178689
239	419	3	889178689
239	12	5	889178729
239	652	5	889178762
239	531	5	889178762
239	135	5	889178762
239	234	3	889178762
239	479	5	889178762
239	508	5	889178798
239	187	5	889178798
239	318	1	889178798
239	96	5	889178798
239	511	5	889178798
239	172	4	889178833
239	180	5	889178833
239	527	5	889178833
239	194	5	889178833
239	489	5	889178833
239	513	5	889178887
239	1204	4	889178986
239	132	5	889178986
239	478	5	889178986
239	558	5	889178986
239	171	5	889178986
239	1070	5	889179032
239	210	4	889179032
239	209	5	889179032
239	923	5	889179033
239	134	5	889179033
239	488	5	889179033
239	484	5	889179095
239	474	5	889179095
239	100	3	889179131
239	150	5	889179131
239	174	4	889179131
239	50	5	889179131
239	162	5	889179131
239	483	5	889179253
239	1099	5	889179253
239	186	1	889179253
239	954	5	889179253
239	89	4	889179253
239	8	5	889179290
239	671	5	889179290
239	530	5	889179290
239	203	1	889179291
239	317	5	889179291
239	736	5	889179291
239	168	4	889179478
239	14	5	889179478
239	56	4	889179478
239	855	5	889179478
239	753	5	889179478
239	276	5	889179506
239	69	1	889179544
239	701	5	889179544
239	504	4	889179544
239	79	3	889179544
239	462	5	889179623
239	498	4	889179623
239	58	5	889179623
239	499	5	889179808
239	659	3	889179808
239	529	5	889179808
239	152	3	889179808
239	81	3	889179808
239	1203	5	889180040
239	633	5	889180040
239	432	5	889180041
239	1056	5	889180041
239	434	5	889180041
239	65	5	889180041
239	509	5	889180071
239	183	5	889180071
239	47	2	889180169
239	505	5	889180169
239	430	3	889180338
239	10	5	889180338
239	745	5	889180338
239	179	5	889180410
239	98	5	889180410
239	492	3	889180411
239	181	3	889180411
239	165	5	889180411
239	605	4	889180446
239	9	5	889180446
239	221	5	889180447
239	433	5	889180447
239	516	5	889180487
239	91	4	889180487
239	46	4	889180487
239	1098	5	889180487
239	634	4	889180487
239	650	5	889180530
239	382	3	889180578
239	45	5	889180578
239	207	5	889180578
239	42	5	889180578
239	497	4	889180578
239	493	5	889180616
239	175	5	889180616
239	675	5	889180617
239	663	5	889180617
239	228	2	889180651
239	1115	2	889180651
239	647	5	889180651
239	507	5	889180651
239	195	5	889180747
239	654	5	889180747
239	238	5	889180747
239	204	3	889180888
239	836	5	889180888
239	1332	3	889180888
239	427	5	889180888
239	1020	3	889180920
239	512	5	889180921
239	518	3	889180949
239	1192	1	889180949
239	428	5	889180978
239	589	3	889180978
239	482	3	889180978
239	443	5	889181015
239	205	3	889181015
239	632	5	889181015
239	491	5	889181015
239	1065	5	889181015
239	208	3	889181015
239	198	5	889181047
239	421	5	889181048
239	1245	5	889181092
239	921	5	889181092
239	116	5	889181093
239	39	5	889181093
239	961	5	889181093
239	312	2	889181247
239	269	5	889181247
239	272	5	889181247
239	304	1	889181248
105	269	4	889214193
105	302	5	889214193
105	313	5	889214193
105	270	5	889214245
105	340	3	889214245
105	324	4	889214245
105	271	2	889214245
105	333	3	889214268
105	268	4	889214268
105	272	4	889214284
105	258	5	889214306
105	690	3	889214306
105	286	4	889214306
105	347	3	889214334
105	288	4	889214335
105	880	3	889214335
105	307	2	889214381
105	751	2	889214381
105	752	3	889214406
105	748	2	889214406
105	327	4	889214406
105	264	2	889214491
105	343	2	889214524
288	205	5	889225443
288	272	5	889225463
288	202	5	889225535
288	197	5	889225574
288	435	4	889225633
894	1313	3	889229605
279	1501	1	889231898
279	978	1	889231898
279	1494	1	889232401
532	218	5	889235367
532	506	5	889235367
532	501	5	889235367
532	500	5	889235367
532	619	5	889235367
532	181	5	889235367
532	197	5	889235367
532	234	5	889235367
532	79	5	889235367
640	184	5	889235992
640	1228	4	889235993
3	344	4	889236939
3	300	2	889236939
3	302	2	889236939
3	333	2	889236939
3	268	3	889236961
3	303	3	889236983
3	337	1	889236983
3	354	3	889237004
3	345	3	889237004
3	288	2	889237026
3	319	2	889237026
3	258	2	889237026
3	272	2	889237055
3	352	2	889237055
3	341	1	889237055
3	350	3	889237076
3	343	3	889237122
3	353	1	889237122
3	334	3	889237122
3	339	3	889237141
3	342	4	889237174
3	336	1	889237198
3	299	3	889237199
3	271	3	889237224
3	326	2	889237224
3	332	1	889237224
3	307	3	889237224
3	294	2	889237224
3	324	2	889237247
3	355	3	889237247
3	245	1	889237247
3	335	1	889237269
3	322	3	889237269
3	323	2	889237269
3	349	3	889237269
3	264	2	889237297
3	330	2	889237297
3	338	2	889237297
3	325	1	889237297
3	351	3	889237315
3	321	5	889237455
3	340	5	889237455
3	331	4	889237455
3	328	5	889237455
3	329	4	889237455
3	348	4	889237455
3	327	4	889237455
3	346	5	889237455
3	260	4	889237455
3	347	5	889237455
3	320	5	889237482
3	181	4	889237482
3	318	4	889237482
3	317	2	889237482
294	340	4	889241280
294	751	4	889241309
294	895	4	889241309
294	313	5	889241339
294	347	5	889241377
294	346	3	889241377
294	354	3	889241377
294	752	3	889241377
294	355	4	889241426
294	268	4	889241426
294	271	5	889241426
294	350	4	889241426
294	307	3	889241466
294	342	3	889241466
294	682	3	889241486
294	343	4	889241511
294	538	5	889241562
294	689	3	889241579
294	876	3	889241633
294	539	4	889241707
294	881	3	889241707
294	246	4	889241864
294	255	3	889241958
294	281	3	889242035
294	237	4	889242035
294	515	5	889242081
294	1199	2	889242142
294	413	3	889242166
294	597	3	889242306
294	1014	2	889242306
294	1081	3	889242328
294	1011	2	889242370
294	472	3	889242370
294	928	3	889242468
294	291	2	889242469
294	840	3	889242516
294	831	3	889242542
294	411	3	889242589
294	1079	2	889242624
294	105	3	889242660
294	122	3	889242661
294	1254	3	889242661
294	930	3	889242704
294	1132	4	889242788
294	829	3	889242788
294	1013	2	889242788
294	986	3	889242810
294	931	3	889242857
294	743	2	889242905
294	120	2	889242937
294	254	3	889242937
294	363	1	889243393
294	827	1	889243393
294	826	1	889243393
294	1088	1	889243393
294	322	1	889243393
655	869	2	889282952
924	273	3	889286721
924	275	4	889286721
924	408	3	889286721
924	237	4	889286746
924	277	3	889286765
60	272	4	889286840
924	129	4	889286888
863	315	5	889288910
863	302	4	889288910
863	272	5	889288910
863	313	5	889288910
863	340	3	889288911
863	288	4	889288911
863	303	1	889288911
863	346	5	889288911
863	332	4	889288943
863	270	3	889288943
863	328	5	889288943
863	310	5	889288943
863	901	1	889288972
863	750	4	889288973
863	269	3	889288973
863	1607	2	889288973
863	898	1	889288973
863	754	3	889289067
863	690	4	889289067
863	347	2	889289067
863	900	3	889289067
863	691	3	889289067
863	292	2	889289067
863	1313	1	889289067
863	538	2	889289122
863	362	1	889289122
863	751	4	889289122
863	258	5	889289122
863	305	4	889289122
863	333	5	889289123
863	879	2	889289123
863	319	2	889289123
863	326	5	889289157
863	1127	4	889289157
863	329	2	889289157
863	307	5	889289157
863	300	5	889289157
863	321	4	889289157
863	359	3	889289158
863	286	5	889289191
863	354	1	889289191
863	271	4	889289191
863	330	2	889289191
863	908	1	889289240
863	872	2	889289240
863	304	3	889289240
863	268	5	889289240
863	301	4	889289240
863	259	1	889289240
863	683	1	889289241
863	342	1	889289241
863	1243	4	889289277
863	877	1	889289277
863	752	4	889289277
863	331	4	889289278
863	294	4	889289327
863	327	5	889289327
863	1038	1	889289327
863	336	2	889289327
863	886	3	889289327
863	322	1	889289327
863	343	5	889289328
863	887	3	889289328
863	339	3	889289353
863	334	5	889289353
863	324	5	889289385
863	299	2	889289385
863	990	1	889289385
863	264	3	889289385
863	895	5	889289385
863	316	5	889289419
863	355	4	889289419
863	749	2	889289419
863	748	3	889289456
863	348	2	889289456
863	902	5	889289456
863	885	1	889289456
863	344	4	889289456
863	876	2	889289457
863	350	1	889289457
863	349	1	889289457
863	289	4	889289457
863	1395	4	889289491
863	352	1	889289491
863	1679	3	889289491
863	682	3	889289491
863	873	2	889289491
863	1022	2	889289569
863	1062	4	889289570
863	903	3	889289570
863	306	5	889289570
863	242	4	889289570
863	1680	2	889289570
863	910	2	889289570
863	906	4	889289570
863	1678	1	889289570
863	882	4	889289570
863	1296	3	889289617
863	262	3	889289618
863	361	5	889289618
863	1294	4	889289618
863	1434	2	889289618
863	1431	4	889289618
863	1237	4	889289618
863	909	3	889289619
863	1024	3	889289619
863	1234	3	889289619
13	269	2	889292060
655	292	2	889293132
751	197	3	889296961
751	778	3	889297178
751	428	4	889297239
751	238	3	889297524
751	417	2	889297615
751	394	4	889297640
751	434	4	889297670
751	194	5	889297693
751	631	5	889297711
751	85	3	889297767
751	70	4	889297870
751	87	5	889297927
751	52	2	889297948
751	372	3	889297990
751	660	4	889297990
751	785	4	889298010
751	710	3	889298051
751	179	4	889298074
751	118	2	889298074
751	21	5	889298093
751	755	4	889298116
751	2	4	889298116
751	708	4	889298140
751	578	4	889298174
751	558	3	889298216
751	402	3	889298216
751	1101	1	889298379
751	382	3	889298463
751	214	4	889298463
751	405	3	889298528
751	90	3	889298528
751	380	3	889298548
751	1035	2	889298585
751	101	4	889298622
751	559	4	889298622
751	62	4	889298660
751	88	4	889298660
751	1446	2	889298694
751	274	4	889298694
751	227	4	889298892
751	399	3	889298912
751	737	4	889298945
751	94	3	889298964
751	472	2	889299043
751	386	3	889299078
751	849	2	889299133
751	291	3	889299155
751	142	4	889299175
751	756	2	889299249
751	1078	3	889299290
751	597	2	889299290
751	3	3	889299391
751	1661	1	889299429
751	809	3	889299429
751	1140	2	889299503
751	734	1	889299637
751	738	4	889299733
543	252	3	889308778
13	691	4	889316404
458	896	5	889323481
458	307	4	889323481
458	301	1	889323539
458	346	4	889323539
458	333	1	889323582
458	289	2	889323582
458	338	3	889323660
458	319	4	889323714
458	750	5	889323771
458	321	3	889323855
458	304	4	889323982
458	245	2	889324066
458	847	5	889324370
458	330	3	889324461
279	228	4	889326161
279	227	4	889326161
279	380	4	889326161
279	229	4	889326161
279	450	4	889326161
532	515	5	889327324
758	902	4	889328320
913	258	4	889331049
655	1633	3	889331315
505	307	4	889332705
505	313	5	889332743
505	82	4	889333274
505	22	5	889333274
505	79	3	889333274
505	66	4	889333313
505	99	4	889333313
505	95	4	889333313
505	176	4	889333340
505	174	4	889333340
505	623	3	889333365
505	183	3	889333392
505	471	4	889333392
505	1	3	889333414
505	96	4	889333442
505	199	4	889333442
505	378	5	889333466
505	568	4	889333466
505	210	4	889333508
505	202	3	889333508
505	117	4	889333508
505	173	3	889333534
505	496	5	889333534
505	56	1	889333560
505	419	3	889333560
505	132	5	889333598
505	651	3	889333598
505	190	4	889333598
505	265	4	889333598
505	604	5	889333598
505	187	1	889333676
505	435	3	889333676
505	97	4	889333676
505	591	4	889333676
505	1285	3	889333711
505	127	1	889333711
505	161	3	889333711
505	237	3	889333711
505	423	4	889333711
505	705	3	889333758
505	98	4	889333792
505	191	3	889333792
505	526	5	889333823
505	588	5	889333823
505	495	3	889333823
505	144	3	889333861
505	11	4	889333861
505	491	3	889333861
505	724	4	889333861
505	123	3	889333894
505	228	2	889333894
505	402	5	889333937
505	553	4	889333937
505	71	4	889333937
505	69	3	889333974
505	1409	3	889333974
505	181	3	889333974
505	422	3	889333975
505	207	3	889334004
505	121	4	889334004
505	1039	4	889334004
505	50	3	889334067
505	584	4	889334067
505	951	3	889334067
505	54	3	889334067
505	31	4	889334067
505	195	3	889334096
505	468	4	889334096
505	172	3	889334129
505	140	4	889334129
505	7	3	889334129
505	742	4	889334162
505	203	4	889334162
505	614	3	889334162
505	204	3	889334162
505	151	3	889334162
505	133	5	889334189
505	164	4	889334189
505	713	3	889334217
505	77	3	889334248
505	755	3	889334248
505	73	4	889334248
505	498	5	889334274
505	88	4	889334334
505	227	2	889334334
505	1063	3	889334334
505	125	3	889334373
505	501	2	889334373
505	385	4	889334477
505	510	3	889334477
505	193	3	889334477
505	660	3	889334477
505	177	3	889334477
505	566	3	889334503
505	102	1	889334526
505	154	1	889334555
505	182	1	889334555
505	692	3	889334583
505	648	4	889334614
416	315	3	889341306
102	316	3	889362833
102	182	3	889362833
219	258	5	889386635
219	269	5	889386655
219	882	3	889386741
219	303	4	889386799
219	347	1	889386819
228	313	5	889387172
228	286	5	889387172
228	690	5	889387173
228	886	1	889387173
228	938	1	889387173
228	288	4	889387173
228	327	1	889387216
219	935	3	889387237
219	936	4	889387284
478	350	1	889387418
478	300	3	889387471
478	327	3	889387577
219	546	4	889387867
478	7	1	889387871
478	93	4	889387871
478	1	4	889387931
478	222	2	889387931
478	591	3	889387958
478	124	4	889387982
478	151	5	889388038
478	150	4	889388098
478	283	4	889388137
478	762	4	889388161
478	975	4	889388229
478	412	4	889388249
478	866	1	889388273
478	235	2	889388357
478	410	3	889388357
478	1048	4	889388357
478	763	5	889388375
478	369	3	889388429
228	750	3	889388440
228	272	5	889388440
228	655	4	889388489
228	275	3	889388521
228	651	4	889388521
228	475	3	889388521
478	743	1	889388534
228	812	5	889388547
228	427	4	889388547
478	178	4	889388562
478	23	2	889388562
478	48	4	889388587
228	98	3	889388607
228	56	2	889388607
478	69	3	889388612
478	427	4	889388633
478	204	4	889388658
228	650	3	889388662
228	87	1	889388662
228	204	3	889388662
228	137	1	889388662
478	168	4	889388697
478	357	5	889388724
478	79	4	889388743
478	42	5	889388763
478	71	3	889388790
478	238	3	889388818
478	12	5	889388862
478	64	5	889388862
478	276	5	889388862
478	98	5	889388862
478	496	5	889388862
478	288	5	889388862
478	100	5	889388863
478	237	5	889388863
478	182	5	889389014
478	318	5	889389232
478	655	3	889395541
478	467	5	889395563
478	11	4	889395638
478	518	4	889395638
478	28	3	889395655
478	32	3	889395678
478	673	3	889395696
478	65	4	889395879
478	77	1	889395879
478	469	3	889395879
478	196	3	889395921
478	160	2	889395921
478	81	4	889395977
478	658	3	889395977
478	1101	4	889396005
478	216	5	889396029
478	710	5	889396029
478	959	4	889396049
478	869	2	889396102
478	17	2	889396180
478	232	2	889396180
478	153	3	889396212
478	26	5	889396212
478	1270	1	889396212
478	367	4	889396235
478	202	4	889396256
478	451	5	889396282
478	41	3	889396330
478	433	3	889396330
478	1041	3	889396449
478	195	4	889396509
478	50	3	889396509
478	96	2	889396509
478	144	5	889396509
478	684	4	889396531
478	188	4	889396582
478	68	1	889396582
478	568	5	889396615
478	161	3	889396645
478	218	3	889396731
478	447	4	889396732
478	143	5	889396797
478	946	2	889396917
478	354	3	889397221
478	381	5	889397221
478	708	3	889397239
478	393	4	889397306
478	15	5	889397306
478	1521	3	889397343
478	134	2	889397467
478	843	5	889397582
478	111	3	889397582
478	122	2	889397778
478	780	3	889397808
478	72	1	889397841
478	40	1	889398198
478	282	3	889398216
478	340	5	889398260
478	137	4	889398260
478	616	4	889398260
478	219	2	889398289
478	604	3	889398289
478	255	4	889398363
478	739	4	889398528
478	392	2	889398571
478	231	1	889398598
478	145	1	889398599
478	403	2	889398645
478	1221	2	889398645
677	268	5	889398907
677	300	5	889398960
677	286	1	889399113
677	457	1	889399113
677	351	2	889399113
677	678	4	889399113
677	748	4	889399113
677	243	3	889399113
677	687	4	889399113
677	539	3	889399113
677	289	1	889399113
677	988	4	889399113
677	742	4	889399139
677	1049	3	889399139
677	222	4	889399171
677	508	5	889399171
677	471	4	889399171
677	7	4	889399171
677	117	4	889399171
677	129	5	889399199
677	1245	4	889399199
677	1	4	889399229
677	126	1	889399265
677	14	1	889399265
677	148	4	889399265
677	740	1	889399265
677	475	4	889399265
677	290	1	889399295
677	845	3	889399327
677	109	1	889399327
677	405	4	889399328
677	150	3	889399402
677	237	4	889399402
677	151	4	889399431
677	240	5	889399431
677	1011	3	889399431
677	980	2	889399470
677	455	5	889399470
677	101	5	889399671
677	1240	5	889399671
677	91	5	889399671
164	331	5	889401193
164	258	5	889401221
164	300	5	889401221
164	690	4	889401241
164	751	4	889401263
164	313	5	889401284
164	307	5	889401284
164	323	4	889401318
164	245	5	889401362
164	326	3	889401362
164	328	5	889401362
164	333	5	889401383
164	299	4	889401383
164	748	5	889401410
164	329	4	889401410
164	322	4	889401432
164	678	4	889401432
164	984	4	889401456
164	689	5	889401490
164	1025	4	889401510
164	342	2	889401691
164	276	3	889401771
164	117	5	889401816
164	237	2	889401816
164	298	3	889401835
164	118	5	889401852
164	181	5	889401906
164	281	4	889401906
164	515	4	889401906
164	282	5	889401927
164	222	4	889401927
164	291	5	889401963
164	742	5	889401981
164	100	5	889401998
164	248	4	889402030
164	458	4	889402050
164	9	4	889402050
164	125	5	889402071
164	845	3	889402071
164	472	5	889402071
164	926	2	889402091
164	1016	3	889402091
164	293	4	889402121
164	866	5	889402121
164	685	5	889402160
164	405	5	889402160
164	619	4	889402160
164	825	4	889402203
164	148	5	889402203
164	121	5	889402203
164	597	4	889402225
164	823	4	889402225
164	471	5	889402245
164	717	3	889402265
164	252	4	889402265
164	620	3	889402298
164	930	4	889402340
164	826	4	889402340
164	406	2	889402389
164	411	2	889402407
164	370	5	889402443
164	407	2	889402443
164	934	5	889402547
219	114	5	889403091
219	433	5	889403133
219	616	5	889403435
219	631	5	889403559
219	132	5	889403668
219	664	5	889403761
219	215	5	889403843
870	354	4	889409590
870	255	2	889409590
870	381	3	889409590
870	70	4	889409590
432	313	4	889415763
432	315	5	889415763
432	300	4	889415763
432	293	5	889415812
432	93	2	889415812
432	298	3	889415852
432	150	5	889415853
432	117	4	889415853
432	508	5	889415853
432	246	4	889415895
432	100	3	889415895
432	250	1	889415895
432	151	4	889415895
432	410	4	889415895
432	276	4	889415947
432	1012	5	889415947
432	844	4	889415947
432	1049	2	889415983
432	742	4	889415983
432	1	2	889415983
432	237	5	889415983
432	7	2	889415983
432	222	4	889416012
432	50	5	889416012
432	411	3	889416044
432	257	5	889416118
432	181	5	889416118
432	1047	5	889416118
432	475	4	889416147
432	24	1	889416188
432	109	2	889416188
432	294	4	889416229
432	274	3	889416229
432	471	3	889416229
432	3	3	889416260
432	845	4	889416260
432	815	3	889416260
432	121	4	889416312
432	123	3	889416312
432	249	5	889416352
432	248	4	889416352
432	295	3	889416352
432	620	4	889416352
432	1016	3	889416397
432	628	5	889416398
432	288	5	889416456
432	15	4	889416456
432	871	2	889416456
432	111	4	889416456
432	282	5	889416456
432	405	4	889416490
432	284	4	889416521
432	678	4	889416570
432	763	5	889416570
432	827	3	889416570
432	118	4	889416608
432	255	5	889416608
432	108	3	889416608
432	864	2	889416657
432	322	3	889416657
432	546	3	889416657
432	258	4	889416657
299	283	3	889417370
299	936	4	889417423
369	346	4	889427890
369	752	4	889428011
369	335	2	889428072
369	751	4	889428097
369	243	3	889428228
369	358	3	889428228
369	988	3	889428228
369	948	2	889428228
369	890	3	889428268
369	166	4	889428418
369	179	4	889428442
369	168	3	889428494
369	316	5	889428641
369	114	5	889428642
369	50	5	889428642
369	268	5	889428642
369	181	5	889428642
369	196	5	889428642
369	172	5	889428642
369	919	5	889428642
369	900	4	889428642
369	271	5	889428642
533	936	4	889450822
533	1048	3	889450842
533	71	4	889450972
533	276	1	889451077
219	382	5	889451412
654	269	4	889451420
219	568	1	889452455
219	71	1	889452455
219	82	1	889452455
219	38	1	889452455
219	13	1	889452455
219	4	4	889452481
219	855	5	889452619
655	910	3	889458990
634	272	5	889464384
634	315	5	889464384
894	691	3	889468982
894	909	3	889469007
894	355	3	889469028
894	1592	4	889469391
940	873	3	889480440
940	354	5	889480493
940	879	3	889480535
940	355	1	889480552
940	316	4	889480582
675	272	3	889488431
675	347	4	889488431
675	286	4	889488431
675	306	5	889488487
675	750	4	889488487
675	269	5	889488487
675	303	5	889488522
675	242	4	889488522
675	305	4	889488548
675	896	5	889488575
675	312	2	889488624
675	900	4	889488624
675	311	3	889488647
675	874	4	889488679
675	258	3	889488679
675	321	2	889488708
675	344	4	889488754
675	891	2	889488779
675	463	5	889489003
675	531	5	889489108
675	318	5	889489273
675	509	5	889489465
675	1007	4	889489522
675	86	4	889489574
675	427	5	889489691
120	515	5	889489772
120	127	4	889489772
675	244	3	889489775
675	1628	5	889489837
120	9	4	889489886
675	1653	5	889489913
120	286	5	889489943
675	650	5	889489971
120	50	4	889489973
675	1101	4	889490029
120	258	5	889490124
675	1255	1	889490151
675	937	1	889490151
675	235	1	889490151
675	223	1	889490151
120	237	3	889490172
120	282	4	889490172
120	15	4	889490244
120	121	4	889490290
120	924	4	889490290
120	25	5	889490370
120	1	4	889490412
120	125	4	889490447
120	148	3	889490499
120	744	4	889490522
120	742	4	889490549
120	405	4	889490580
120	245	3	889490633
120	252	3	889490633
120	508	2	889490979
120	827	2	889490979
120	546	2	889490979
120	257	2	889490979
120	118	2	889490979
120	117	3	889490979
663	286	3	889491515
663	272	5	889491515
663	315	4	889491560
663	258	3	889491560
663	268	3	889491617
663	749	3	889491617
663	288	4	889491617
663	313	5	889491617
663	300	4	889491655
663	333	5	889491655
663	307	4	889491690
663	984	3	889491690
663	876	3	889491739
663	299	2	889491739
663	322	4	889491739
663	330	4	889491739
663	321	5	889491739
663	332	4	889491768
663	294	3	889491811
663	895	4	889491811
663	260	2	889491861
663	259	2	889491861
663	326	4	889491861
663	328	4	889491861
663	289	1	889491861
663	245	4	889491891
663	682	3	889491891
663	872	3	889491919
663	351	2	889491919
663	316	4	889491974
663	748	2	889492019
663	324	2	889492019
663	243	3	889492076
663	678	2	889492140
663	319	1	889492229
663	323	2	889492230
663	948	4	889492258
663	924	3	889492351
663	124	3	889492390
663	117	4	889492390
663	276	3	889492435
663	475	4	889492435
663	150	5	889492435
663	676	3	889492435
663	9	2	889492435
663	1324	3	889492473
663	237	4	889492473
663	762	4	889492473
663	508	4	889492503
663	100	4	889492503
663	129	3	889492503
663	1067	3	889492562
663	919	3	889492562
663	111	3	889492562
663	123	3	889492562
663	13	3	889492562
663	1048	4	889492562
663	1059	2	889492614
663	763	5	889492614
663	978	4	889492614
663	3	4	889492614
663	628	4	889492615
663	273	4	889492679
663	1276	3	889492679
663	1047	4	889492679
663	928	3	889492679
663	1	4	889492679
663	455	2	889492679
663	1017	2	889492679
219	179	5	889492687
663	742	4	889492720
663	125	3	889492720
663	287	5	889492720
663	975	4	889492720
663	282	3	889492759
663	281	3	889492759
663	815	4	889492759
663	410	3	889492759
663	591	3	889492759
663	108	2	889492796
663	827	2	889492796
663	845	3	889492796
663	833	4	889492796
663	284	4	889492841
663	471	3	889492841
663	151	3	889492841
663	544	4	889492841
663	844	2	889492841
663	280	3	889492841
663	7	4	889492841
663	411	3	889492877
663	405	3	889492877
663	696	3	889492877
663	25	4	889492917
663	235	2	889492917
663	597	3	889492917
663	864	3	889492917
663	685	4	889492917
663	473	3	889492917
663	1086	3	889492959
663	1245	4	889492959
663	148	4	889492989
663	363	2	889492990
663	1011	3	889493027
663	240	3	889493027
663	147	3	889493069
663	925	3	889493069
663	15	4	889493069
663	1161	3	889493069
663	1009	3	889493069
663	1051	3	889493118
663	546	3	889493118
663	619	4	889493182
663	274	3	889493182
663	121	4	889493182
663	1327	4	889493210
663	985	3	889493210
663	741	4	889493351
663	710	3	889493437
663	509	4	889493437
663	1119	3	889493437
663	466	3	889493467
663	658	4	889493467
663	521	3	889493467
663	176	5	889493502
663	64	5	889493502
663	56	5	889493502
663	50	5	889493502
663	652	4	889493540
663	603	4	889493540
663	174	5	889493540
663	127	5	889493540
663	98	5	889493540
663	12	5	889493576
663	318	4	889493576
663	47	4	889493576
663	588	4	889493628
663	11	5	889493628
663	96	5	889493628
663	31	4	889493628
663	192	4	889493628
663	180	4	889493691
663	182	5	889493691
663	265	4	889493691
663	1073	3	889493691
663	956	4	889493732
663	357	5	889493732
663	181	4	889493732
663	42	5	889493732
663	693	4	889493732
663	69	4	889493770
663	183	4	889493770
663	134	5	889493818
663	173	3	889493818
663	23	4	889493818
663	210	3	889493818
663	89	4	889493818
663	187	5	889493869
663	655	4	889493869
661	749	2	889500304
661	310	2	889500835
299	302	4	889501087
299	173	5	889501163
299	170	5	889501190
299	487	5	889501230
299	965	4	889501260
299	198	4	889501288
299	202	4	889501325
299	433	5	889501365
299	510	5	889501392
299	606	4	889501393
299	319	3	889501480
299	641	4	889501514
299	919	3	889501551
299	962	4	889501593
299	820	3	889501620
299	95	3	889501654
299	91	4	889501654
299	101	2	889501721
299	418	4	889501790
299	99	3	889501790
299	501	3	889501790
299	543	5	889501890
299	165	4	889501890
299	730	4	889501926
299	166	4	889501926
299	512	4	889501995
299	640	3	889501995
299	86	4	889502050
299	855	4	889502087
299	921	3	889502087
299	702	4	889502159
299	582	2	889502159
299	381	3	889502198
299	1056	4	889502292
299	1018	3	889502324
299	971	2	889502353
299	1214	2	889502528
299	241	3	889502640
299	747	4	889502640
299	724	3	889502687
299	216	5	889502688
299	778	4	889502688
299	732	4	889502688
299	517	4	889502688
299	1119	4	889502727
299	387	2	889502756
299	1074	3	889502786
299	49	4	889502823
299	955	4	889502823
299	785	2	889502865
299	402	3	889502865
299	553	3	889502865
299	739	3	889502865
299	88	3	889502902
299	655	3	889502979
299	746	4	889502979
299	210	4	889502980
299	1103	4	889503013
299	209	3	889503013
299	4	3	889503074
299	792	4	889503112
299	204	4	889503112
299	728	2	889503159
299	959	2	889503159
299	516	4	889503159
299	167	3	889503159
299	186	3	889503233
299	73	2	889503265
299	72	3	889503305
299	856	3	889503334
299	399	2	889503373
299	17	1	889503374
299	715	4	889503441
299	954	3	889503503
299	393	2	889503503
299	396	4	889503503
299	94	1	889503564
299	67	2	889503740
299	384	3	889503774
299	998	2	889503774
299	577	3	889503806
299	1036	2	889503856
299	81	4	889504036
504	125	4	889550735
504	409	4	889550757
393	354	4	889554151
393	333	4	889554171
393	355	3	889554171
393	316	5	889554297
393	876	3	889554316
393	893	3	889554457
393	483	4	889554540
393	1063	4	889554540
393	568	4	889554563
393	710	4	889554607
393	720	3	889554648
393	33	3	889554648
393	787	5	889554674
393	28	4	889554674
393	87	4	889554706
393	66	3	889554707
393	317	4	889554707
393	470	4	889554730
393	821	3	889554756
393	480	4	889554756
393	625	4	889554780
393	684	4	889554811
393	1221	3	889554834
393	507	2	889554859
393	808	4	889554882
393	692	3	889554908
393	241	4	889554930
393	143	5	889554930
393	42	4	889554976
393	71	3	889554977
393	421	2	889555000
393	497	4	889555021
393	812	3	889555021
393	136	5	889555050
393	27	4	889555050
393	54	4	889555050
393	622	4	889555074
393	644	3	889555074
393	97	4	889555126
393	1285	3	889555176
393	1224	3	889555176
393	392	4	889555225
393	463	4	889555225
393	184	4	889555251
393	70	3	889555251
393	195	3	889555272
393	732	4	889555272
393	479	4	889555295
393	95	4	889555295
393	953	4	889555334
393	541	3	889555384
393	4	4	889555384
393	805	2	889555410
393	96	4	889555434
393	964	2	889555461
450	904	5	889568507
450	316	4	889568753
450	260	2	889568753
450	299	2	889568793
450	902	4	889569016
450	936	5	889569270
860	316	3	889627165
286	354	4	889651029
286	749	3	889651060
286	316	5	889651121
286	315	5	889651138
286	348	4	889651179
286	325	1	889651253
286	537	4	889651402
286	1375	5	889651445
286	172	4	889651549
286	143	4	889651549
286	224	5	889651549
286	228	3	889651576
286	82	3	889651605
286	214	1	889651605
286	215	3	889651630
286	703	2	889651672
286	710	4	889651672
286	465	5	889651698
286	655	3	889651746
286	404	5	889651799
286	179	5	889651822
286	431	5	889651822
286	421	1	889651848
286	419	5	889651990
286	946	3	889652221
286	229	1	889652291
286	455	1	889652378
286	390	1	889652378
286	81	3	889652601
286	728	3	889652740
286	1074	4	889652912
286	768	3	889652968
286	1060	5	889652989
286	1118	1	889652989
286	139	3	889653012
286	934	3	889653107
235	344	5	889654419
235	319	4	889654419
235	1105	2	889654460
235	303	4	889654483
235	346	4	889654483
235	269	4	889654530
235	898	3	889654553
235	327	3	889654594
235	292	3	889654638
235	338	1	889654821
235	96	4	889654971
235	191	4	889654971
235	318	5	889654971
235	174	4	889654971
235	175	4	889654971
235	523	5	889655044
235	22	4	889655044
235	480	4	889655044
235	603	3	889655044
235	213	4	889655044
235	198	3	889655044
235	647	4	889655045
235	522	5	889655086
235	515	4	889655086
235	701	4	889655086
235	474	5	889655112
235	1451	4	889655112
235	494	4	889655112
235	196	3	889655162
235	511	5	889655162
235	195	4	889655162
235	87	4	889655162
235	684	4	889655162
235	211	5	889655162
235	230	4	889655162
235	970	4	889655204
235	520	4	889655204
235	483	5	889655204
235	285	4	889655204
235	705	5	889655204
235	524	5	889655204
235	193	5	889655204
235	194	5	889655232
235	1193	4	889655232
235	85	4	889655232
235	1464	4	889655266
235	66	2	889655266
235	197	5	889655266
235	192	4	889655298
235	181	3	889655360
235	50	5	889655403
235	652	4	889655403
235	82	2	889655403
235	435	5	889655434
235	185	4	889655435
235	237	4	889655435
235	79	4	889655468
235	69	4	889655468
235	792	4	889655490
235	431	2	889655490
235	1119	3	889655550
235	655	4	889655550
235	100	4	889655550
235	275	5	889655550
235	747	2	889655550
235	135	4	889655571
235	1	4	889655571
235	692	4	889655595
235	1149	4	889655595
235	433	4	889655596
235	188	4	889655619
235	70	5	889655619
235	648	4	889655662
235	496	4	889655662
235	153	4	889655662
235	429	4	889655662
235	7	4	889655723
235	65	2	889655723
235	1134	4	889655723
235	1176	5	889655820
235	419	5	889655858
235	190	4	889656007
235	463	4	889656008
235	179	5	889656028
235	512	5	889656044
235	83	4	889656068
235	1021	5	889656090
235	170	4	889656113
235	971	4	889656113
235	86	4	889656113
235	207	4	889656132
235	923	4	889656132
235	52	4	889656168
235	462	3	889656168
378	302	5	889664996
378	272	4	889665041
378	596	5	889665232
378	289	5	889665232
378	87	4	889665232
378	896	4	889665232
378	133	5	889665232
378	715	4	889665232
378	736	4	889665232
378	582	5	889665232
378	435	4	889665232
378	300	4	889665232
378	313	5	889665301
14	181	5	889666215
408	270	5	889679683
408	286	3	889679683
408	272	4	889679683
408	302	5	889679683
408	315	5	889679715
408	313	4	889679761
408	310	4	889679761
408	347	3	889679761
408	328	2	889679791
408	288	4	889679791
408	258	3	889679857
408	300	3	889679857
408	334	2	889679901
408	1296	4	889679901
408	271	3	889679947
408	319	5	889679947
408	242	4	889679947
408	683	3	889679982
408	751	4	889679982
408	327	5	889679982
408	539	1	889680018
408	324	5	889680018
408	689	3	889680045
408	358	4	889680045
408	294	5	889680045
408	312	3	889680073
408	748	5	889680073
83	322	3	889681216
870	83	4	889717102
870	100	4	889717102
870	649	4	889717102
870	1	5	889717102
870	192	5	889717102
870	64	5	889717102
870	276	4	889717102
870	218	4	889717102
870	193	5	889717102
870	425	4	889717575
870	87	5	889717575
435	354	3	889722012
435	321	3	889722170
393	403	3	889727503
393	99	3	889727536
393	527	3	889727614
393	494	4	889727702
393	273	3	889727768
393	477	3	889727833
393	55	4	889727862
751	313	2	889727869
393	721	2	889727930
393	747	4	889727969
393	866	3	889728074
393	1228	3	889728074
393	420	3	889728074
393	630	4	889728150
393	48	2	889728177
393	377	3	889728200
393	651	4	889728238
393	1043	3	889728324
393	81	2	889728324
393	239	4	889728324
393	399	4	889728353
393	227	4	889728385
393	228	3	889728385
393	578	4	889728413
393	561	3	889728438
393	951	3	889728531
393	1441	3	889728554
393	560	3	889728584
393	1185	3	889728606
393	394	5	889728627
393	761	4	889728667
393	944	4	889728712
393	575	2	889728712
393	404	3	889728713
393	722	2	889728736
393	41	4	889728736
393	569	4	889728736
393	62	4	889728895
393	17	1	889728895
393	836	4	889728895
393	1055	4	889728895
393	781	4	889729159
393	724	3	889729159
393	40	1	889729185
393	139	4	889729185
393	686	4	889729185
393	842	4	889729212
393	941	4	889729212
393	1032	3	889729296
393	627	4	889729296
393	1419	3	889729319
393	366	4	889729345
393	792	1	889729346
393	1168	3	889729346
393	85	3	889729375
393	652	3	889729375
393	29	4	889729398
393	802	3	889729420
393	77	3	889729440
393	1178	3	889729460
393	365	3	889729460
393	554	4	889729486
393	384	3	889729508
393	636	3	889729508
393	1239	3	889729508
393	1219	4	889729536
393	1409	4	889729536
393	141	2	889729537
393	68	4	889729537
393	80	3	889729561
393	1139	3	889729561
393	783	3	889729561
393	501	3	889729614
393	672	3	889729614
393	559	3	889729614
393	727	3	889729614
393	552	2	889729638
393	779	3	889729673
393	24	3	889729674
393	86	2	889729674
393	49	4	889729674
393	1469	3	889729749
393	785	3	889729749
393	790	4	889729773
393	755	3	889729831
393	90	2	889729938
393	576	3	889729938
393	1053	3	889730011
393	376	4	889730011
393	72	4	889730045
393	88	3	889730066
393	67	3	889730088
393	794	4	889730117
393	110	2	889730117
393	415	4	889730117
393	402	3	889730187
393	367	3	889730187
393	999	4	889730187
393	728	3	889730209
393	731	3	889730227
393	737	2	889730261
393	823	3	889730262
393	1074	3	889730296
393	1539	2	889730460
393	142	4	889730460
393	233	3	889730460
393	1206	3	889730494
393	1165	3	889730514
393	396	1	889730514
393	84	3	889731009
393	38	4	889731010
393	1407	3	889731010
393	586	3	889731040
393	1183	3	889731040
393	1181	3	889731064
393	393	3	889731064
393	449	2	889731088
393	356	3	889731088
393	1076	3	889731109
393	940	2	889731109
393	810	4	889731138
393	797	3	889731138
393	1000	3	889731139
393	364	2	889731139
393	1092	3	889731139
393	996	3	889731139
393	1035	3	889731329
393	206	3	889731329
393	1249	4	889731329
393	1440	3	889731359
393	386	4	889731390
393	780	4	889731390
393	775	4	889731390
393	1034	2	889731413
393	1182	3	889731413
393	373	4	889731437
393	1179	4	889731437
393	577	4	889731437
393	122	1	889731465
393	949	3	889731465
393	94	4	889731465
393	1180	4	889731465
393	725	2	889731501
393	78	2	889731521
393	1314	3	889731561
393	623	3	889731562
393	715	1	889731592
393	819	3	889731592
393	1210	3	889731593
393	930	3	889731593
393	769	4	889731593
393	572	4	889731618
393	36	3	889731618
393	982	3	889731649
393	585	2	889731649
393	774	4	889731673
393	1270	3	889731673
393	374	3	889731702
393	997	1	889731703
393	391	3	889731703
393	826	3	889731729
393	1215	3	889731729
393	395	3	889731753
393	398	4	889731753
393	540	3	889731753
393	138	3	889731793
393	824	3	889731793
393	571	3	889731793
393	771	3	889731793
393	1531	4	889731794
393	1225	3	889731820
393	145	3	889731820
393	1435	3	889731821
393	1044	4	889731821
393	1091	2	889731840
393	843	3	889731861
64	313	4	889736971
64	310	4	889737047
64	751	2	889737047
64	271	3	889737047
64	347	3	889737062
64	898	2	889737106
64	539	1	889737126
64	311	2	889737269
64	89	3	889737376
64	22	4	889737376
64	11	4	889737376
64	431	4	889737376
64	516	5	889737376
64	187	5	889737395
64	181	4	889737420
64	77	3	889737420
64	64	4	889737454
64	173	5	889737454
64	214	3	889737478
64	515	5	889737478
64	509	3	889737478
64	174	5	889737478
64	663	3	889737505
64	603	3	889737506
64	568	4	889737506
64	197	3	889737506
64	156	4	889737506
64	56	5	889737542
64	392	3	889737542
64	7	4	889737542
64	176	4	889737567
64	496	5	889737567
64	217	2	889737568
64	318	4	889737593
64	2	3	889737609
64	693	3	889737654
64	83	3	889737654
64	210	3	889737654
64	199	4	889737654
64	209	5	889737654
64	98	4	889737654
64	186	4	889737691
64	95	4	889737691
64	194	5	889737710
64	96	4	889737748
64	435	4	889737771
64	144	3	889737771
64	429	4	889737800
64	234	4	889737800
64	203	4	889737851
64	132	4	889737851
64	190	4	889737851
64	520	5	889737851
64	87	4	889737851
64	28	4	889737851
64	969	3	889737889
64	135	4	889737889
64	183	5	889737914
64	195	5	889737914
64	50	5	889737914
64	215	5	889737914
64	154	4	889737943
64	79	4	889737943
64	1065	1	889737968
64	8	4	889737968
64	196	4	889737992
64	182	4	889738030
64	9	4	889738085
64	566	3	889738085
64	97	3	889738085
64	12	5	889738085
64	475	5	889738993
64	202	4	889738993
64	238	4	889739025
64	93	2	889739025
64	425	4	889739051
64	143	4	889739051
64	434	4	889739052
64	172	4	889739091
64	69	4	889739091
64	588	4	889739091
64	746	5	889739138
64	4	3	889739138
64	70	5	889739158
64	736	4	889739212
64	463	4	889739212
64	655	4	889739243
64	633	5	889739243
64	718	4	889739243
64	184	4	889739243
64	153	3	889739243
64	168	5	889739243
64	162	3	889739262
64	160	4	889739288
64	405	3	889739288
64	732	4	889739288
64	211	4	889739318
64	31	4	889739318
64	662	4	889739319
64	447	4	889739319
64	32	1	889739346
64	241	3	889739380
64	273	2	889739381
64	175	5	889739415
64	228	4	889739438
64	81	4	889739460
64	179	5	889739460
64	451	2	889739490
64	229	4	889739490
64	185	4	889739517
64	141	4	889739517
64	218	1	889739517
64	1063	3	889739539
64	423	4	889739569
64	188	4	889739586
64	436	5	889739625
64	58	3	889739625
64	52	3	889739625
64	731	3	889739648
64	121	2	889739678
64	125	2	889739678
64	367	4	889739678
64	420	3	889739678
64	17	3	889739733
64	222	4	889739733
64	91	4	889739733
64	10	5	889739733
64	161	3	889739779
64	511	4	889739779
64	778	5	889739806
64	582	4	889739834
64	389	4	889739834
64	1141	5	889739834
64	919	4	889739834
64	546	3	889739883
64	959	4	889739903
64	403	4	889739953
64	768	2	889739954
64	1133	4	889739975
64	111	4	889739975
64	230	5	889739994
64	212	3	889740011
64	679	3	889740033
64	239	3	889740033
64	72	4	889740056
64	284	4	889740056
64	232	2	889740154
64	356	3	889740154
64	82	3	889740199
64	684	4	889740199
64	101	2	889740225
64	650	3	889740225
64	1139	1	889740260
64	433	2	889740286
64	625	3	889740286
64	476	1	889740286
64	636	4	889740286
64	419	2	889740310
64	237	4	889740310
64	559	3	889740310
64	503	4	889740342
64	384	2	889740367
64	591	4	889740394
64	38	3	889740415
64	240	1	889740462
64	235	4	889740567
64	569	3	889740602
64	62	2	889740654
64	1140	1	889740676
64	531	3	889740718
64	216	4	889740718
64	191	4	889740740
64	651	4	889740795
64	227	3	889740880
64	231	3	889740880
1	242	5	889751633
1	171	5	889751711
1	111	5	889751711
1	5	3	889751712
1	256	4	889751712
1	74	1	889751736
1	102	2	889751736
397	313	4	889760640
397	345	4	889760663
397	302	5	889760703
397	268	4	889760703
397	896	4	889760725
397	273	4	889760803
397	109	4	889760803
397	748	2	889760845
368	313	5	889783251
368	292	4	889783251
368	320	5	889783364
368	164	3	889783364
368	448	3	889783365
368	234	3	889783365
368	7	4	889783365
368	201	5	889783407
368	56	4	889783407
368	98	3	889783407
368	100	4	889783407
368	447	1	889783453
368	219	2	889783453
368	288	3	889783453
368	218	2	889783453
368	672	2	889783453
368	184	5	889783453
368	844	3	889783453
368	413	1	889783454
368	5	3	889783454
368	17	5	889783562
368	774	4	889783562
368	670	3	889783562
368	379	4	889783562
368	53	2	889783562
368	559	3	889783562
368	436	3	889783562
368	217	5	889783562
368	569	3	889783586
368	145	2	889783586
368	777	2	889783586
368	561	2	889783617
368	637	2	889783617
368	573	3	889783617
368	567	3	889783617
368	441	3	889783617
368	551	4	889783617
368	396	2	889783617
368	11	4	889783678
368	127	4	889783678
368	183	5	889783678
368	96	3	889783678
368	181	4	889783678
368	89	4	889783678
368	50	4	889783678
870	1098	4	889812986
344	301	4	889813946
344	288	4	889813994
344	285	5	889814068
344	132	4	889814194
344	496	4	889814194
344	8	5	889814194
344	191	5	889814194
344	276	4	889814194
344	955	4	889814195
344	96	4	889814195
344	509	4	889814195
344	715	4	889814195
344	87	4	889814195
344	316	4	889814343
344	322	2	889814470
344	246	4	889814518
344	251	5	889814518
344	127	5	889814518
344	1007	4	889814518
344	1142	5	889814518
344	248	4	889814539
344	535	3	889814539
344	297	4	889814555
344	255	4	889814555
344	298	4	889814571
344	295	3	889814571
344	1283	2	889814587
344	1014	4	889814600
344	244	3	889814600
344	1082	2	889814622
319	268	4	889816026
319	346	3	889816026
319	313	5	889816026
319	750	3	889816107
319	751	3	889816136
319	259	2	889816172
319	358	3	889816233
319	350	3	889816233
319	261	3	889816267
319	880	4	889816332
186	331	3	889817888
186	689	4	889817888
186	269	1	889818094
186	338	3	889818331
471	878	4	889827710
471	404	2	889827757
471	50	3	889827757
471	418	3	889827757
471	172	4	889827822
471	432	1	889827822
471	95	4	889827822
471	82	5	889827822
471	465	5	889827822
471	596	1	889827881
471	588	1	889827881
471	8	5	889827881
471	627	1	889827881
471	1	4	889827881
471	140	5	889827918
471	99	2	889827918
471	477	5	889827918
471	393	5	889827918
471	422	5	889827982
471	768	3	889827982
471	946	2	889827982
471	1219	4	889828026
471	225	5	889828026
471	932	5	889828027
471	420	1	889828027
471	501	3	889828027
471	94	5	889828081
471	102	5	889828081
471	71	3	889828154
471	151	2	889828154
471	969	2	889828154
726	310	4	889828404
726	323	3	889828641
726	294	5	889828701
726	355	3	889829235
726	898	2	889829235
726	763	2	889831115
726	257	3	889831166
726	25	4	889831222
726	274	4	889831222
726	1038	2	889832053
726	255	2	889832297
726	845	3	889832358
726	249	1	889832422
726	248	2	889832422
726	1028	2	889832592
726	819	3	889832688
726	1014	1	889832744
726	1059	5	889832806
726	535	3	889832806
726	833	5	889832807
726	832	5	889832807
294	483	4	889854323
294	603	5	889854323
294	79	4	889854323
294	520	5	889854323
506	686	3	889874717
506	873	4	889874717
184	258	3	889906882
184	313	4	889906905
184	286	4	889906905
184	340	5	889906905
184	262	5	889906946
184	321	5	889906967
184	995	3	889907044
184	301	3	889907045
184	259	3	889907096
184	272	4	889907301
184	1160	5	889907363
416	307	1	889907392
416	708	4	889907392
184	50	4	889907396
184	127	5	889907396
184	181	4	889907426
184	1012	3	889907448
184	1014	2	889907468
184	255	3	889907468
184	250	4	889907482
184	252	2	889907528
184	254	2	889907569
184	515	5	889907599
184	1	4	889907652
184	124	5	889907652
184	100	5	889907652
184	137	5	889907685
184	9	5	889907685
184	276	4	889907685
184	1086	4	889907711
184	813	4	889907711
184	591	3	889907711
184	14	4	889907738
184	508	4	889907738
184	7	3	889907738
184	766	3	889907738
184	1117	2	889907771
184	285	5	889907771
184	93	4	889907771
184	20	4	889907771
184	1137	5	889907812
184	274	4	889907812
184	15	3	889907812
184	596	4	889907812
184	221	5	889907838
184	13	3	889907839
184	235	2	889907862
184	950	4	889907896
184	1008	4	889907896
184	1010	4	889907896
184	458	3	889907925
184	676	4	889907925
184	237	4	889907945
184	126	3	889907971
184	277	3	889907971
184	845	3	889907971
184	117	2	889907995
184	121	2	889908026
184	742	3	889908026
184	405	2	889908050
184	287	4	889908050
184	25	4	889908068
184	368	1	889908104
184	473	4	889908133
184	410	3	889908181
184	411	3	889908207
184	476	2	889908207
184	1061	3	889908264
184	220	3	889908264
184	118	2	889908344
184	651	3	889908462
184	528	5	889908462
184	522	3	889908462
184	527	4	889908462
184	657	4	889908497
184	182	4	889908497
184	514	5	889908497
184	172	4	889908497
184	57	5	889908539
184	97	2	889908539
184	216	4	889908539
184	496	5	889908539
184	98	4	889908539
184	318	5	889908571
184	203	3	889908571
184	480	4	889908571
184	487	4	889908571
184	89	4	889908572
184	1020	4	889908630
184	837	3	889908630
184	655	3	889908630
184	483	5	889908630
184	504	4	889908630
184	183	4	889908630
184	70	4	889908657
184	56	3	889908657
184	92	3	889908657
184	174	3	889908693
184	956	3	889908693
184	604	4	889908693
184	86	5	889908694
184	11	3	889908694
184	69	3	889908694
184	509	4	889908694
184	512	4	889908716
184	191	4	889908716
184	176	4	889908740
184	511	4	889908740
184	95	4	889908801
184	654	4	889908824
184	694	5	889908824
184	185	4	889908843
184	192	4	889908843
184	521	4	889908873
184	462	4	889908873
184	707	4	889908873
184	197	4	889908873
184	478	4	889908902
184	143	3	889908903
184	207	4	889908903
184	492	4	889908947
184	485	4	889908947
184	644	4	889908947
184	58	4	889908984
184	22	3	889908985
184	208	4	889908985
184	175	3	889908985
184	196	4	889908985
184	187	4	889909024
184	647	5	889909024
184	64	4	889909045
184	213	5	889909045
184	238	4	889909069
184	51	4	889909069
184	693	3	889909142
184	836	4	889909142
184	497	4	889909409
184	582	4	889909409
184	517	4	889909409
184	423	4	889909409
184	317	3	889909426
184	529	4	889909445
184	642	4	889909446
184	568	2	889909474
184	855	4	889909474
184	387	4	889909515
184	1101	4	889909515
184	65	4	889909516
184	640	4	889909551
184	88	3	889909551
184	378	4	889909551
184	79	3	889909551
184	428	4	889909551
184	506	4	889909569
184	715	4	889909590
184	639	3	889909590
184	134	5	889909618
184	523	4	889909618
184	949	3	889909618
184	212	4	889909618
184	161	2	889909640
184	47	4	889909640
184	747	3	889909672
184	724	4	889909672
184	692	4	889909672
184	382	5	889909691
184	602	4	889909691
184	945	4	889909721
184	553	3	889909746
184	403	3	889909746
184	44	4	889909746
184	942	3	889909768
184	202	3	889909768
184	393	4	889909788
184	241	3	889909812
184	215	4	889909812
184	588	5	889909812
184	729	3	889909840
184	371	5	889909840
184	792	4	889909840
184	218	3	889909840
184	735	3	889909868
184	584	3	889909889
184	699	5	889909914
184	451	4	889909914
184	1195	3	889909934
184	82	3	889909934
184	708	4	889909962
184	972	3	889909962
184	381	4	889909962
184	660	3	889909962
184	716	3	889909987
184	91	3	889909988
184	72	3	889909988
184	402	3	889910013
184	66	4	889910013
184	52	4	889910034
184	372	3	889910053
184	1006	3	889910078
184	665	2	889910098
184	1148	3	889910098
184	1232	3	889910123
184	645	3	889910123
184	399	3	889910159
184	231	3	889910195
184	36	3	889910195
184	77	3	889910217
184	1397	3	889910233
184	1297	2	889910257
184	739	3	889910257
184	40	4	889910326
184	29	3	889910326
184	396	3	889910326
184	738	3	889910372
184	217	3	889910394
184	401	3	889910418
184	559	3	889910418
184	116	4	889910481
184	1121	4	889910545
184	631	4	889910612
184	531	4	889910653
184	447	3	889910653
184	166	3	889910684
711	301	4	889910848
711	313	4	889910848
711	354	3	889910865
711	909	4	889911007
711	316	4	889911048
184	210	4	889911069
184	629	3	889911162
184	165	4	889911178
184	223	4	889911195
184	153	3	889911285
184	164	3	889911434
184	160	3	889911459
184	443	3	889911552
184	71	4	889911552
184	736	3	889911633
184	664	3	889911712
184	1398	5	889911749
825	286	4	889912073
184	805	3	889912232
184	67	3	889912569
184	155	3	889912656
184	412	2	889912691
184	1136	4	889912890
184	780	4	889913254
184	1396	4	889913490
184	34	2	889913568
184	606	5	889913687
184	275	5	889913687
184	488	5	889913687
184	498	5	889913687
184	283	5	889913687
184	357	5	889913687
184	1167	5	889913687
184	132	5	889913687
184	632	5	889913687
184	170	5	889913687
463	242	2	889935629
463	313	4	889935655
463	1377	4	889935837
463	1012	2	889935860
463	257	4	889935910
463	248	3	889935953
463	250	4	889935953
463	249	2	889936035
463	930	1	889936180
463	107	3	889936181
463	1060	2	889936244
463	1014	2	889936324
463	310	3	889936490
463	301	5	889936512
463	270	3	889936535
463	1606	2	889936565
463	347	1	889936589
463	319	1	889936589
463	689	2	889936731
463	539	1	889936753
463	892	2	889936774
463	311	4	889936814
463	1132	1	889937778
463	819	1	889937778
463	741	1	889937778
463	1199	1	889937778
463	150	2	889943683
463	362	1	889943741
463	751	4	889943769
463	271	1	889943811
463	288	1	889943851
507	258	4	889963959
507	302	5	889963959
507	288	5	889964020
507	343	5	889964074
507	690	4	889964074
507	319	3	889964074
507	754	5	889964121
507	313	5	889964121
507	269	2	889964121
507	333	4	889964121
507	328	5	889964162
507	751	5	889964162
507	894	5	889964162
507	310	4	889964162
507	691	5	889964162
507	895	5	889964202
507	898	5	889964202
507	345	5	889964202
507	538	4	889964239
507	300	5	889964239
507	307	5	889964239
507	352	1	889964274
507	294	5	889964274
507	750	5	889964274
507	1237	5	889964311
507	271	5	889964312
507	338	5	889964348
507	315	5	889964593
507	682	5	889964620
507	306	5	889964677
507	879	5	889964706
507	334	5	889964748
507	892	5	889964809
507	323	5	889964809
507	245	5	889964809
507	748	5	889964844
507	689	5	889964844
507	316	5	889964844
507	117	3	889965997
507	50	5	889965997
507	121	5	889965997
507	147	5	889965997
507	298	5	889965997
507	222	5	889965997
507	181	5	889965997
507	250	5	889966024
507	257	5	889966054
507	252	5	889966054
507	841	5	889966054
507	1016	5	889966088
507	1089	5	889966088
507	827	5	889966088
507	678	5	889966088
507	597	5	889966089
507	826	5	889966127
507	1034	5	889966127
507	118	5	889966127
507	405	5	889966127
484	510	4	889974386
484	122	2	889974407
655	316	4	889978343
506	568	5	889979761
506	1089	1	889979761
279	1495	4	889984565
279	810	2	889984640
860	159	3	889984855
279	386	3	889985007
620	300	3	889986411
620	268	4	889986452
620	288	4	889986452
620	354	5	889986477
620	313	5	889986477
620	294	5	889986557
620	323	5	889986580
620	260	5	889986624
620	678	3	889986642
620	243	3	889986676
620	895	3	889986984
620	683	3	889986984
620	682	2	889986985
620	834	2	889987073
620	7	4	889987073
620	406	4	889987073
620	100	1	889987073
620	760	3	889987073
620	758	2	889987073
620	237	4	889987123
620	924	3	889987164
620	676	3	889987190
620	123	3	889987190
620	15	5	889987210
620	125	2	889987255
620	246	4	889987276
620	148	3	889987299
620	147	3	889987299
620	740	5	889987349
620	98	4	889987560
620	234	3	889987560
620	674	3	889987586
620	164	5	889987586
620	452	3	889987604
620	379	4	889987656
620	859	4	889987657
620	565	4	889987682
620	444	3	889987682
620	145	5	889987682
620	563	5	889987682
620	706	3	889987706
620	769	4	889987706
620	742	5	889987792
620	595	5	889987792
620	121	5	889987825
620	118	4	889987825
620	928	5	889987825
620	975	3	889987852
620	281	5	889987852
620	930	2	889987875
620	931	3	889987875
620	1	5	889987954
620	820	4	889987954
620	993	5	889987954
620	596	2	889987954
620	240	5	889987954
620	418	3	889988005
620	71	5	889988005
620	95	4	889988005
620	420	3	889988005
620	625	3	889988005
620	99	3	889988005
620	501	4	889988036
620	946	4	889988036
620	588	5	889988036
620	422	1	889988036
620	432	4	889988036
620	969	4	889988037
620	627	5	889988037
620	91	2	889988069
620	768	5	889988069
620	101	2	889988069
620	1091	4	889988069
620	1066	5	889988069
620	1219	3	889988069
620	174	5	889988121
620	699	5	889988121
620	173	5	889988121
620	50	4	889988121
620	28	4	889988121
620	8	3	889988121
620	181	4	889988146
620	82	5	889988146
620	172	4	889988146
620	423	5	889988168
620	419	2	889988169
620	755	5	889988169
620	393	5	889988196
620	1503	4	889988196
620	409	4	889988196
620	151	4	889988196
620	416	4	889988196
620	623	4	889988232
620	404	4	889988232
620	63	5	889988232
620	465	4	889988232
620	1035	4	889988232
620	560	4	889988232
620	951	3	889988258
620	140	4	889988258
620	1036	4	889988258
620	225	3	889988281
620	1480	3	889988281
620	138	5	889988312
620	35	3	889988340
620	94	5	889988340
620	795	4	889988340
620	1043	4	889988340
620	78	4	889988340
620	112	4	889988341
511	300	4	890004658
511	292	5	890004686
511	346	4	890004686
511	340	4	890004687
511	313	5	890004702
511	872	5	890004728
511	887	5	890004747
511	333	4	890004778
511	880	5	890004778
511	288	4	890004795
511	299	2	890004827
511	355	2	890004827
511	682	4	890004844
511	895	4	890004863
511	271	5	890004879
511	343	3	890004892
511	948	3	890004916
511	260	4	890004916
511	358	1	890004916
511	908	4	890004938
511	1527	4	890004952
511	294	4	890005011
511	678	2	890005076
511	322	3	890005102
707	1024	5	890008041
707	900	4	890008041
707	902	5	890008121
500	298	4	890009939
500	535	3	890010025
640	691	4	890014144
588	258	4	890014591
588	315	4	890014591
588	268	5	890014648
588	347	5	890014648
588	333	5	890014710
588	362	3	890014710
588	286	4	890014710
588	272	5	890014748
588	313	5	890014782
588	326	4	890014782
588	288	4	890014818
588	751	3	890014887
588	873	3	890014887
588	294	4	890014887
588	307	4	890014887
588	354	5	890014930
588	260	2	890014930
588	880	1	890014996
588	301	5	890015021
588	316	5	890015021
588	289	2	890015063
588	678	2	890015063
588	178	5	890015323
588	204	5	890015323
588	174	3	890015323
588	98	1	890015324
588	12	5	890015324
588	100	1	890015374
588	318	4	890015435
588	83	5	890015435
588	132	5	890015476
588	202	1	890015500
588	483	4	890015500
588	210	4	890015500
588	842	3	890015542
588	602	3	890015580
588	161	4	890015580
588	181	5	890015608
588	15	5	890015608
588	724	2	890015648
588	165	2	890015649
588	423	3	890015649
588	143	5	890015684
588	1	4	890015684
588	475	2	890015684
588	95	4	890015722
588	31	3	890015722
588	222	3	890015722
588	531	3	890015722
588	24	2	890015766
588	21	5	890015791
588	713	3	890015791
588	485	5	890015835
588	468	3	890015835
588	283	4	890015835
588	133	5	890015894
588	282	5	890015894
588	237	2	890015894
532	331	4	890021268
416	331	4	890021365
588	69	2	890023556
588	385	3	890023557
588	566	2	890023557
588	8	5	890023557
588	97	2	890023587
588	66	3	890023646
588	419	5	890023646
588	99	5	890023646
588	588	4	890023692
588	230	1	890023692
588	79	4	890023722
588	721	5	890023722
588	421	5	890023830
588	969	5	890023831
588	463	4	890023879
588	208	3	890023879
588	496	3	890023879
588	660	4	890024002
588	697	5	890024002
588	742	4	890024002
588	168	5	890024002
588	28	5	890024051
588	692	4	890024051
588	186	4	890024079
588	367	5	890024117
588	142	5	890024117
588	234	5	890024161
588	71	4	890024195
588	22	5	890024195
588	735	5	890024196
588	684	4	890024246
588	433	5	890024246
588	275	3	890024246
588	56	4	890024246
588	471	5	890024289
588	638	4	890024289
588	732	4	890024325
588	625	3	890024325
588	699	4	890024385
588	50	5	890024427
588	645	5	890024488
588	729	3	890024488
588	154	4	890024529
588	42	5	890024529
588	215	5	890024564
588	144	3	890024564
588	1039	4	890024611
588	7	3	890024611
588	173	5	890024677
588	25	4	890024677
588	584	3	890024677
588	428	4	890024730
588	382	3	890024730
588	88	5	890024730
588	216	5	890024781
588	82	5	890024829
588	815	4	890024829
588	1061	5	890024876
588	443	3	890024876
588	568	4	890024876
588	131	5	890024918
588	220	5	890025023
588	206	4	890025023
588	207	2	890025076
588	265	5	890025621
588	846	4	890025621
588	1044	4	890025674
588	239	5	890025704
588	739	4	890025704
588	658	5	890025751
588	356	4	890025751
588	755	3	890025797
588	747	4	890025797
588	655	3	890025864
588	553	4	890025864
588	1240	5	890025864
588	559	5	890025951
588	184	4	890025951
588	447	3	890026009
588	417	5	890026009
588	378	3	890026059
588	451	5	890026059
588	472	4	890026059
588	125	3	890026154
588	121	5	890026154
588	40	4	890026154
588	118	3	890026210
588	164	5	890026262
588	73	3	890026262
588	151	4	890026263
588	821	4	890026339
588	162	5	890026339
588	652	2	890026339
588	51	4	890026395
588	959	5	890026459
588	172	5	890026459
588	723	2	890026459
588	941	5	890026513
588	550	3	890026513
588	597	4	890026543
588	1098	4	890026656
588	404	3	890026656
588	91	5	890026656
588	1469	3	890026705
588	762	4	890026705
588	68	5	890026705
588	731	2	890026705
588	542	3	890026787
588	85	5	890026882
588	402	5	890026882
588	155	5	890026882
588	623	3	890026939
588	393	4	890026939
588	72	4	890026939
588	1078	4	890026999
588	117	4	890027062
588	29	3	890027063
588	1041	2	890027063
588	928	4	890027063
588	225	5	890027113
588	432	4	890027113
588	110	3	890027247
588	720	4	890027247
588	783	4	890027297
588	399	3	890027379
588	366	5	890027430
588	403	3	890027525
588	778	3	890027600
588	278	5	890027600
588	728	3	890027707
588	1053	3	890027780
588	561	3	890027780
588	1091	4	890027865
588	94	2	890027865
588	62	2	890027865
588	832	1	890027865
588	716	5	890028167
588	365	5	890028385
588	63	5	890028385
588	1219	2	890028385
588	227	3	890028385
588	781	2	890028509
588	111	1	890028509
588	231	4	890028987
588	380	3	890028987
588	1311	1	890029079
588	578	5	890029212
588	810	4	890029445
588	386	2	890029445
588	159	1	890029795
588	1508	3	890029795
588	217	4	890030473
588	1058	2	890030656
588	934	4	890030736
588	107	5	890030781
588	395	4	890030781
588	552	1	890031021
588	370	5	890031141
588	1047	3	890031141
588	384	1	890032013
588	1074	5	890032056
588	1428	5	890032056
588	1180	2	890032056
588	554	3	890032281
588	570	4	890032281
588	67	1	890032343
588	1411	1	890032421
870	1664	4	890057322
210	302	5	890059415
210	751	4	890059441
726	1	4	890079166
726	117	1	890080144
810	879	5	890083124
810	301	5	890083124
810	300	5	890083187
810	902	5	890083210
810	342	5	890083580
726	409	3	890087998
577	313	4	890089462
577	307	3	890089564
577	531	4	890089749
655	324	3	890103072
655	1014	3	890103072
236	313	4	890115777
236	286	5	890115777
236	200	3	890115856
236	132	4	890115897
236	507	3	890115897
236	181	4	890115933
236	462	4	890115933
236	176	2	890115933
236	196	1	890115966
236	435	4	890115966
236	1039	2	890115996
236	521	3	890115996
236	223	5	890116032
236	127	5	890116032
236	135	2	890116033
236	133	5	890116059
236	50	3	890116059
236	699	4	890116095
236	520	4	890116095
236	673	4	890116132
236	203	4	890116132
236	1328	4	890116132
236	143	4	890116163
236	64	5	890116163
236	216	5	890116163
236	265	2	890116191
236	207	3	890116221
236	483	5	890116221
236	523	2	890116221
236	98	5	890116253
236	56	5	890116254
236	632	3	890116254
236	134	4	890116282
236	419	5	890116282
236	423	5	890116304
236	191	4	890116335
236	1401	3	890116335
236	614	5	890116335
236	100	3	890116402
236	705	4	890116402
236	69	5	890116426
236	194	3	890116426
236	661	3	890116451
236	170	5	890116451
236	275	3	890116499
236	496	3	890116499
236	526	3	890116500
236	28	4	890116539
236	172	3	890116539
236	174	3	890116539
236	211	3	890116539
236	318	5	890116539
236	505	3	890116575
236	596	4	890116575
236	57	5	890116575
236	735	5	890116599
236	659	3	890116599
236	549	4	890116628
236	15	5	890116628
236	655	3	890116670
236	692	4	890116670
236	273	1	890116670
236	71	3	890116671
236	420	4	890116671
236	443	4	890116709
236	51	5	890116709
236	88	2	890116709
236	255	3	890116747
236	9	5	890116792
236	298	4	890116793
236	222	4	890116817
236	117	3	890116818
236	294	2	890116895
236	532	2	890116915
236	111	4	890116939
236	151	2	890116964
236	237	4	890117001
236	282	5	890117028
236	148	4	890117028
236	591	4	890117029
236	274	1	890117073
236	864	2	890117073
236	411	1	890117095
236	546	4	890117223
236	866	3	890117223
236	696	2	890117223
236	595	3	890117267
236	685	2	890117308
236	476	3	890117308
236	370	3	890117353
236	756	1	890117353
236	717	3	890117409
236	1013	2	890117465
236	225	3	890117465
236	1102	4	890117488
236	934	4	890117570
236	750	5	890117676
236	304	4	890117676
236	328	5	890117711
236	333	3	890117748
236	289	4	890117820
236	307	4	890117902
236	153	2	890118075
236	504	3	890118075
236	478	3	890118106
236	506	5	890118153
236	427	5	890118153
236	210	2	890118153
236	183	2	890118206
236	97	5	890118228
236	432	5	890118251
236	199	4	890118307
236	185	5	890118307
236	187	3	890118340
236	729	5	890118372
236	686	3	890118372
236	204	3	890118393
236	79	4	890118417
236	179	1	890118417
236	58	2	890118462
236	66	2	890118507
236	195	2	890118507
236	510	3	890118543
236	429	1	890118632
116	905	2	890131519
116	751	3	890131577
174	286	5	890168158
174	902	3	890168363
174	905	3	890168415
174	293	5	890168505
174	709	4	890168554
174	238	5	890168700
397	346	4	890172230
653	313	4	890180685
653	257	3	890181185
653	378	3	890181185
653	657	4	890181185
653	208	3	890181185
653	105	3	890181185
653	230	3	890181186
653	550	3	890181186
653	1016	3	890181186
653	168	3	890181186
653	441	3	890181186
444	286	2	890246847
444	258	3	890246907
444	306	5	890246907
444	313	4	890246940
444	328	5	890247082
444	751	4	890247172
444	748	1	890247172
444	50	5	890247287
444	9	5	890247287
444	100	5	890247385
444	251	5	890247385
92	246	4	890251289
92	1014	3	890251484
92	993	4	890251516
92	250	4	890251534
92	1033	2	890251592
92	322	3	890251700
92	986	2	890251716
92	1215	2	890251747
92	409	3	890251791
92	743	2	890251826
92	1049	1	890251826
92	1052	2	890251841
92	268	4	890251912
85	270	3	890255063
85	690	2	890255371
85	150	3	890255432
23	257	3	890276940
279	92	4	890282182
279	487	3	890282182
279	490	3	890282225
466	269	2	890282759
466	268	2	890282759
466	300	3	890282795
466	354	2	890282795
466	326	3	890282925
466	327	3	890282956
466	308	1	890282957
466	682	1	890282957
466	294	3	890282986
466	321	2	890282986
466	895	3	890283056
466	873	2	890283056
466	346	3	890283056
466	902	5	890283497
466	748	2	890283592
466	260	4	890283592
466	349	2	890283636
466	885	2	890283667
466	898	1	890283667
466	334	3	890283690
466	324	1	890283690
466	1313	3	890283690
466	909	5	890284231
466	995	5	890284231
466	344	5	890284231
466	882	5	890284231
466	315	5	890284231
466	1607	5	890284231
466	306	5	890284231
466	899	5	890284231
466	331	5	890284231
466	288	4	890284651
466	908	4	890284651
466	313	5	890284651
466	1176	5	890284651
466	302	5	890284651
466	292	4	890284651
466	350	4	890284651
466	328	4	890284652
466	333	4	890284652
466	258	4	890284652
466	22	5	890284706
466	172	4	890284706
466	79	3	890284706
466	56	4	890284706
466	174	5	890284706
466	182	4	890284706
466	210	4	890284706
466	144	5	890284707
466	11	3	890284707
466	183	3	890284766
466	176	4	890284766
466	127	3	890284766
466	188	3	890284766
466	17	5	890284766
466	128	2	890284819
466	566	3	890284819
466	89	3	890284819
466	2	1	890284819
466	50	5	890284819
466	7	4	890284819
466	82	3	890284819
466	96	5	890284819
466	651	3	890284819
466	385	4	890284819
466	55	4	890284857
466	195	4	890284857
466	187	3	890284857
466	241	5	890284857
466	403	3	890284857
466	273	4	890284857
466	181	4	890284857
466	510	2	890284857
466	232	4	890284903
466	405	3	890284903
466	550	3	890284903
466	518	4	890284903
466	684	4	890285034
466	121	3	890285034
466	226	4	890285034
466	568	3	890285034
466	4	3	890285034
466	92	4	890285034
466	117	5	890285034
466	455	3	890285113
466	184	4	890285113
466	27	3	890285113
466	161	2	890285113
466	33	4	890285113
466	679	3	890285159
466	546	4	890285159
466	24	4	890285159
466	68	3	890285159
466	231	1	890285159
466	265	3	890285159
466	62	3	890285159
466	87	3	890285706
466	357	4	890285706
466	173	3	890285762
466	98	3	890285762
466	95	2	890285788
124	496	1	890286933
124	28	3	890287068
124	117	3	890287181
124	474	3	890287221
124	174	3	890287317
124	79	3	890287395
124	50	3	890287508
124	616	4	890287645
124	11	5	890287645
124	144	4	890287645
124	168	5	890287645
124	166	5	890287645
124	226	4	890287645
124	154	5	890287645
124	7	4	890287645
124	172	3	890287645
124	550	4	890287645
124	173	2	890287687
124	1	3	890287733
124	98	4	890287822
124	157	2	890287936
58	255	4	890321652
58	381	4	890321652
58	70	4	890321652
58	354	3	890321652
152	313	4	890322242
152	354	3	890322242
152	272	5	890322298
152	319	2	890322385
801	354	4	890332645
801	302	4	890332645
801	268	5	890332645
801	313	5	890332694
801	332	5	890332719
801	328	5	890332748
801	294	5	890332748
801	300	5	890332748
801	682	5	890332775
801	301	5	890332820
801	288	5	890332820
801	681	1	890332820
801	881	3	890332820
801	752	4	890332853
801	307	4	890332853
801	333	5	890332885
801	326	4	890332885
801	355	3	890332929
801	271	5	890332929
801	895	5	890332929
801	259	3	890332986
801	343	4	890332986
801	299	2	890333011
801	245	3	890333042
801	358	4	890333094
801	890	2	890333150
851	262	4	890343320
851	301	3	890343401
851	264	2	890343477
851	1280	4	890343493
851	352	1	890343544
851	255	3	890343651
851	1120	2	890343707
851	1258	3	890343790
425	346	5	890346198
425	877	3	890346198
425	895	4	890346198
425	340	4	890346264
425	751	2	890346264
425	1434	4	890346317
425	362	3	890346317
425	272	4	890346317
425	750	2	890346317
425	313	1	890346317
425	269	4	890346376
425	333	3	890346411
425	307	4	890346411
425	310	3	890346411
425	305	3	890346411
425	347	4	890346517
425	689	2	890346517
425	343	3	890346517
425	334	4	890346567
425	326	1	890346567
425	748	3	890346567
425	322	3	890346597
425	271	5	890346597
425	358	4	890346630
425	327	4	890346659
425	898	3	890346705
425	301	4	890346705
425	355	3	890346705
425	316	4	890346705
425	338	1	890346781
425	259	1	890346825
425	690	1	890346866
425	538	2	890346866
425	210	3	890346998
425	1464	2	890346998
425	529	4	890346998
425	491	2	890347047
425	675	3	890347047
425	520	3	890347085
425	190	3	890347085
425	209	2	890347085
425	474	4	890347138
425	32	3	890347138
425	515	3	890347138
425	171	3	890347138
425	204	4	890347138
425	168	5	890347172
425	943	4	890347172
425	198	4	890347247
425	97	2	890347247
668	272	5	890349005
668	347	4	890349005
668	752	4	890349005
668	345	2	890349041
668	354	4	890349060
668	294	3	890349076
668	895	3	890349136
668	355	2	890349190
668	902	2	890349285
124	195	4	890399864
124	96	4	890399864
124	209	3	890399902
894	902	3	890409704
894	904	4	890409804
58	1101	5	890421373
279	99	3	890451347
279	50	3	890451347
279	666	2	890451373
279	1491	5	890451408
279	1052	4	890451408
279	616	3	890451408
279	201	5	890451408
279	652	4	890451408
279	1499	4	890451408
279	710	4	890451408
279	853	1	890451433
279	544	1	890451433
279	922	3	890451433
279	562	3	890451433
279	363	5	890451473
463	887	5	890452468
463	880	4	890452525
463	952	1	890453075
463	926	1	890453075
463	21	1	890453075
463	10	1	890453075
463	1	1	890453075
463	14	1	890453075
261	340	5	890454045
261	1237	3	890454045
261	288	4	890454087
261	245	4	890454190
261	294	4	890454217
261	301	4	890454246
261	326	4	890454279
261	748	3	890454310
261	300	5	890454310
261	339	5	890454351
261	359	5	890454351
261	243	5	890454351
261	875	5	890454351
261	259	4	890454843
261	304	3	890454941
261	342	3	890454974
261	322	4	890454974
261	687	5	890455020
261	1025	5	890455190
261	988	3	890455190
261	892	5	890455190
261	321	3	890455521
261	117	4	890455974
261	596	2	890456142
261	410	5	890456142
261	597	4	890456142
261	125	5	890456142
463	936	2	890460826
864	286	5	890463283
864	333	5	890463283
92	260	1	890463551
379	300	3	890464279
379	137	5	890464307
379	616	2	890464337
379	219	3	890464337
655	638	4	890497592
655	287	3	890497592
655	1466	3	890497592
655	219	2	890497653
655	730	2	890497653
655	778	2	890497653
378	269	4	890513693
621	270	4	890517239
621	268	4	890517367
621	333	4	890517503
621	300	3	890517589
463	127	5	890530105
463	410	1	890530286
463	1244	1	890530329
463	864	3	890530351
463	1033	2	890530703
463	103	1	890530703
463	1383	2	890530703
463	112	1	890530721
463	50	4	890530818
463	597	2	890531227
378	703	4	890572396
378	323	3	890572396
133	286	2	890588524
133	313	3	890588524
133	315	4	890588524
133	751	3	890588547
133	300	3	890588577
133	346	3	890588577
133	328	3	890588577
133	306	4	890588612
133	308	4	890588639
133	258	5	890588639
133	304	3	890588639
133	902	3	890588672
133	272	5	890588672
133	750	4	890588720
133	749	4	890588720
133	539	1	890588720
133	271	5	890588766
133	269	4	890588766
133	294	3	890588852
133	322	2	890588852
133	260	1	890588878
133	245	3	890588878
195	300	3	890588925
133	316	4	890588928
133	355	2	890588928
133	243	3	890589035
133	343	2	890589188
195	558	3	890589408
195	152	3	890589490
285	302	5	890595313
285	313	5	890595313
285	269	4	890595313
285	258	2	890595408
285	270	4	890595456
285	346	4	890595456
285	538	5	890595479
285	319	3	890595523
285	682	4	890595524
285	902	4	890595584
285	286	3	890595584
285	300	4	890595584
285	288	5	890595584
285	222	4	890595636
285	628	2	890595636
285	150	5	890595636
285	151	5	890595636
285	237	4	890595636
285	100	4	890595636
285	276	4	890595726
285	455	4	890595726
285	194	4	890595777
285	357	5	890595777
285	64	3	890595777
285	183	4	890595859
285	191	4	890595859
285	514	3	890595859
285	185	3	890595859
285	198	5	890595900
285	168	4	890595900
285	216	3	890595900
285	205	4	890595900
54	272	5	890608175
54	340	4	890608225
54	346	4	890608303
54	313	4	890608360
54	1016	4	890609001
655	909	3	890611503
260	333	4	890618198
260	748	4	890618198
260	313	5	890618198
260	300	3	890618198
260	258	3	890618198
260	319	2	890618198
260	307	3	890618295
260	326	5	890618349
260	272	3	890618349
260	538	1	890618403
260	350	4	890618476
260	288	3	890618476
260	682	4	890618537
260	881	4	890618537
260	270	5	890618728
260	362	5	890618729
260	882	5	890618729
260	1105	5	890618729
260	334	5	890618729
260	891	5	890618729
260	1243	5	890618729
260	1025	5	890618729
260	990	5	890618729
260	322	4	890618898
119	354	5	890626231
119	299	4	890626446
119	316	4	890626706
530	1300	2	890627207
119	1262	3	890627252
119	9	4	890627252
530	333	3	890627264
119	52	3	890627339
119	410	1	890627339
119	1170	3	890627339
530	275	5	890627396
530	88	4	890627443
116	902	2	890632896
116	896	2	890632896
116	903	2	890632956
116	303	3	890633075
116	297	3	890633075
533	236	4	890659276
533	748	3	890659295
533	245	3	890659336
174	1014	3	890664424
778	42	5	890670510
778	168	5	890670560
778	154	5	890670560
778	144	4	890670638
778	550	4	890670638
778	226	4	890670638
41	286	4	890685449
41	313	3	890685449
41	289	2	890686673
41	751	4	890686872
41	746	3	890687019
41	96	4	890687019
41	180	5	890687019
41	514	4	890687042
41	195	4	890687042
41	265	3	890687042
41	474	5	890687066
41	50	5	890687066
41	153	4	890687087
41	69	4	890687145
41	181	4	890687175
41	357	4	890687175
41	423	2	890687175
41	194	3	890687242
41	516	5	890687242
41	100	4	890687242
41	174	4	890687264
407	288	4	890687293
41	168	5	890687304
41	156	4	890687304
41	276	2	890687304
41	486	4	890687305
41	202	2	890687326
41	152	4	890687326
41	58	3	890687353
41	205	4	890687353
41	318	4	890687353
41	28	4	890687353
41	98	4	890687374
41	518	3	890687412
41	969	4	890687438
41	56	4	890687472
41	238	5	890687472
41	135	4	890687473
41	191	4	890687473
41	31	3	890687473
407	286	4	890687500
41	175	5	890687526
41	173	4	890687549
407	1160	1	890687550
41	435	3	890687550
41	414	4	890687550
407	250	4	890687564
41	216	3	890687571
41	188	4	890687571
41	196	3	890687593
41	209	4	890687642
41	1039	3	890687642
41	97	3	890687665
41	170	4	890687713
41	430	5	890692860
41	1	4	890692860
13	910	2	890704721
13	909	5	890704721
13	903	3	890704759
13	694	4	890704999
13	362	4	890704999
13	186	4	890704999
13	232	3	890704999
13	488	3	890704999
13	141	2	890705034
13	442	1	890705056
195	264	3	890721304
543	324	3	890723992
778	180	4	890725725
778	79	3	890725776
778	238	3	890725804
778	174	4	890725804
778	7	4	890725886
778	11	5	890725951
778	98	4	890725951
778	265	4	890726003
778	616	4	890726086
778	568	3	890726190
778	234	3	890726231
778	200	5	890726264
778	216	3	890726264
778	239	4	890726303
778	204	4	890726518
778	28	4	890726618
778	1273	3	890726925
778	117	3	890727011
778	405	3	890727091
778	219	3	890727129
778	161	3	890727175
341	292	5	890757659
341	288	4	890757686
341	1527	4	890757717
341	887	5	890757745
341	299	5	890757745
341	335	4	890757782
341	1280	2	890757782
341	872	4	890757841
341	876	4	890757886
341	1025	5	890757961
341	895	4	890757961
341	682	3	890757961
341	881	5	890757961
341	294	3	890757997
341	880	5	890757997
341	358	1	890758050
341	259	3	890758051
341	908	3	890758080
341	330	5	890758113
341	877	3	890758113
341	948	3	890758169
778	193	4	890769241
778	195	4	890769370
778	209	4	890769470
778	246	2	890769632
778	196	2	890769633
58	311	4	890770101
58	512	3	890770101
634	269	4	890779855
634	341	2	890779883
279	1228	4	890779991
279	184	5	890779991
279	397	4	890780547
279	410	5	890780547
279	52	3	890780576
279	71	3	890780576
279	530	3	890780576
279	1497	2	890780576
279	1142	1	890780603
279	1072	4	890780735
279	319	4	890780735
279	139	3	890780864
279	727	3	890780864
279	1312	3	890780962
279	1180	2	890781034
207	242	4	890793823
778	150	3	890802549
778	186	4	890802724
778	629	2	890802784
778	367	5	890802895
778	780	3	890803133
778	712	3	890803176
778	82	3	890803491
778	121	3	890803561
778	54	2	890803859
778	268	2	890803859
778	281	2	890803859
778	423	1	890803860
778	69	2	890803860
778	78	1	890803860
778	230	2	890804025
778	441	3	890804387
778	143	1	890804547
778	755	2	890804547
851	303	4	890804569
778	1035	1	890804607
778	623	1	890804625
851	327	4	890804671
851	336	4	890804691
851	682	1	890804746
193	310	4	890834947
193	689	2	890834966
193	246	3	890859402
193	827	2	890859916
193	1	4	890859954
834	347	4	890860007
193	715	3	890860076
834	294	3	890860159
834	346	3	890860194
834	268	3	890860194
834	258	4	890860194
193	2	3	890860198
193	1168	4	890860234
193	147	2	890860290
193	182	4	890860290
193	177	4	890860290
834	751	3	890860298
193	276	4	890860319
193	871	3	890860319
834	342	2	890860334
834	300	3	890860334
193	187	4	890860351
193	127	5	890860351
834	326	4	890860386
834	343	4	890860416
834	245	4	890860416
193	366	4	890860428
834	323	2	890860471
834	272	4	890860566
834	307	4	890860566
834	316	5	890860566
834	286	4	890860566
834	333	5	890860566
834	288	5	890860566
834	269	5	890860566
834	886	4	890860566
834	313	5	890860566
834	292	5	890860566
834	315	5	890860687
834	515	5	890862231
834	475	5	890862311
834	100	4	890862311
834	9	3	890862311
834	50	5	890862362
834	117	4	890862386
834	127	5	890862412
834	237	5	890862437
834	276	5	890862468
834	25	3	890862468
834	284	4	890862468
834	181	5	890862526
834	744	4	890862527
834	544	4	890862563
834	405	4	890862563
834	148	4	890862563
834	1017	2	890862563
834	150	5	890862564
834	13	2	890862648
834	275	3	890862648
834	628	5	890862648
834	298	4	890862648
851	1314	1	890862741
851	333	5	890862741
851	353	3	890862878
851	349	3	890862917
834	255	3	890862940
851	1105	4	890862961
834	7	4	890862974
834	151	4	890862974
834	293	3	890862974
834	287	2	890862974
834	246	4	890863023
834	15	4	890863052
834	282	4	890863052
834	762	4	890863072
14	313	2	890880970
14	302	5	890880970
14	12	5	890881216
14	265	3	890881216
14	23	5	890881216
14	923	5	890881294
14	654	4	890881294
14	357	2	890881294
14	174	5	890881294
14	98	3	890881335
14	519	5	890881335
14	195	5	890881336
14	921	5	890881384
14	498	5	890881384
14	81	5	890881384
14	427	5	890881433
14	588	4	890881433
14	530	5	890881433
14	96	4	890881433
14	603	4	890881484
14	176	1	890881484
14	492	4	890881485
14	32	5	890881485
14	517	4	890881485
14	507	4	890881521
14	172	5	890881521
14	202	3	890881521
14	509	5	890881521
14	22	3	890881521
14	191	4	890881557
14	474	4	890881557
14	50	5	890881557
14	525	5	890881557
14	213	5	890881557
655	628	3	890887261
655	88	2	890887261
655	152	3	890887261
655	1370	3	890887261
655	66	2	890887261
870	272	4	890920916
453	476	3	890939266
578	246	2	890939697
578	268	2	890939697
578	1098	2	890939753
578	1264	3	890939815
829	310	3	890956632
276	331	4	890979062
276	902	4	890979199
276	1221	3	890979470
276	289	2	890979634
276	14	4	890979947
276	737	4	890979964
195	14	4	890985390
195	740	3	890985743
445	300	1	890987410
445	268	1	890987410
445	333	2	890987410
445	23	3	890987465
445	100	2	890987569
445	144	3	890987569
445	150	2	890987617
445	433	2	890987617
445	12	2	890987617
445	96	4	890987655
445	195	2	890987655
445	183	2	890987687
445	127	2	890987687
445	55	1	890987712
445	208	2	890987712
445	79	4	890987742
445	64	2	890987771
445	28	4	890987772
445	203	3	890988205
445	204	3	890988205
445	87	3	890988205
445	644	3	890988205
445	272	3	890988205
445	603	3	890988205
445	313	2	890988206
445	479	3	890988206
445	480	3	890988206
445	504	3	890988206
313	258	3	891012852
313	333	4	891012877
313	328	4	891012907
313	326	4	891012907
313	300	4	891012907
313	748	3	891012934
313	331	3	891013013
313	892	4	891013059
313	245	3	891013144
313	1	4	891013436
313	519	5	891013436
313	488	5	891013496
313	525	5	891013525
313	216	4	891013525
313	527	4	891013525
313	114	4	891013554
313	183	5	891013554
313	168	3	891013589
313	132	5	891013589
313	632	4	891013620
313	195	5	891013620
313	430	5	891013620
313	127	5	891013620
313	205	5	891013652
313	615	4	891013652
313	479	5	891013652
313	663	5	891013652
313	603	5	891013681
313	654	5	891013681
313	100	5	891013681
313	134	5	891013712
313	318	4	891013712
313	176	4	891013713
313	501	5	891013742
313	480	5	891013742
313	511	4	891013742
313	23	4	891013742
313	178	5	891013773
313	357	5	891013773
313	659	4	891013773
313	182	4	891013773
313	185	5	891013773
313	234	4	891013803
313	435	5	891013803
313	515	5	891013803
313	650	4	891013829
313	191	5	891013829
313	657	4	891013830
313	50	5	891013859
313	238	4	891013859
313	504	5	891013859
313	203	5	891013859
313	211	5	891013859
313	514	4	891013887
313	521	4	891013887
313	193	4	891013887
313	197	5	891013910
313	199	4	891013938
313	520	5	891013939
313	423	4	891013939
313	443	5	891013971
313	481	4	891014000
313	427	5	891014029
313	99	4	891014029
14	750	3	891014196
313	95	3	891014313
313	56	2	891014313
313	538	2	891014313
313	322	3	891014313
313	419	3	891014313
313	631	2	891014313
313	172	4	891014335
313	187	4	891014373
313	478	3	891014373
313	89	5	891014373
313	523	5	891014401
313	204	4	891014401
313	135	5	891014401
313	98	4	891014444
313	136	5	891014474
313	655	4	891014474
313	194	4	891014499
313	174	4	891014499
313	531	3	891014524
313	505	5	891014524
313	8	3	891014551
313	651	3	891014552
313	604	4	891014552
313	633	5	891014597
313	428	3	891014649
313	735	3	891014649
313	202	5	891014697
313	503	5	891014697
313	175	4	891014697
313	154	2	891014753
313	496	5	891014753
313	181	4	891014782
313	609	3	891014782
313	420	5	891014782
313	418	3	891014838
313	82	3	891014838
313	156	3	891014838
313	22	3	891014870
313	164	3	891014870
313	210	4	891014898
313	837	4	891014898
313	180	5	891014898
313	461	3	891014925
313	143	3	891014925
313	133	5	891014956
313	448	3	891014956
313	232	3	891014957
313	151	1	891014982
313	192	3	891015011
313	215	4	891015011
313	73	5	891015012
313	66	1	891015049
313	616	5	891015049
313	230	3	891015049
313	44	3	891015049
313	661	4	891015082
313	568	4	891015114
313	121	4	891015114
313	79	5	891015114
313	498	5	891015144
313	96	5	891015144
313	144	4	891015144
313	208	3	891015167
313	471	4	891015196
313	486	3	891015219
313	47	3	891015268
313	393	4	891015268
313	153	3	891015268
313	385	4	891015296
313	497	4	891015296
313	117	4	891015319
313	161	4	891015319
313	58	3	891015387
313	969	4	891015387
313	31	4	891015486
313	131	4	891015513
313	177	4	891015566
313	484	5	891016193
313	69	5	891016193
313	474	5	891016193
313	493	3	891016193
313	64	4	891016193
313	494	3	891016193
313	97	4	891016193
313	482	5	891016193
313	483	5	891016193
313	28	3	891016193
313	566	4	891016220
313	490	4	891016280
313	628	4	891016280
313	495	2	891016280
313	649	3	891016325
313	588	4	891016354
313	487	3	891016378
313	485	3	891016425
313	414	3	891016425
313	499	3	891016452
313	740	2	891016540
313	432	5	891016583
313	147	4	891016583
313	745	3	891016583
313	582	2	891016622
313	673	4	891016622
313	237	2	891016757
313	163	2	891016757
313	25	2	891016757
313	1050	4	891016826
313	845	3	891016853
313	265	4	891016853
313	152	3	891016878
313	742	3	891016932
313	65	2	891016962
313	15	2	891016962
313	744	3	891016986
313	228	3	891016986
313	186	3	891017011
313	125	3	891017059
313	684	4	891017088
313	162	3	891017270
313	1470	1	891017319
313	157	3	891017372
313	489	4	891017372
313	502	3	891017395
313	608	4	891017585
313	542	3	891017585
313	222	3	891017708
313	200	3	891017736
741	288	4	891018070
741	475	3	891018152
741	427	5	891018221
741	204	4	891018266
741	66	3	891018266
741	174	5	891018303
741	22	5	891018303
741	56	4	891018303
741	28	3	891018339
741	423	3	891018339
741	50	5	891018339
741	172	5	891018339
741	173	2	891018366
741	95	2	891018400
741	82	3	891018400
741	699	4	891018400
741	178	5	891018435
741	196	5	891018460
741	357	5	891018507
741	651	4	891018507
741	69	4	891018550
741	48	4	891018550
741	692	1	891019587
741	274	4	891019587
741	275	4	891019587
741	241	4	891019625
741	724	4	891019625
734	751	4	891021937
734	172	4	891022212
734	132	3	891022212
734	313	4	891022311
734	288	4	891022311
734	28	4	891022627
734	50	4	891022627
734	318	5	891022648
734	724	3	891022684
734	202	5	891022684
734	213	5	891022684
734	582	2	891022684
734	82	4	891022704
734	662	3	891022704
734	83	4	891022733
734	465	4	891022734
734	423	4	891022734
734	198	1	891022734
734	699	4	891022752
734	56	1	891022752
734	230	2	891022803
734	478	4	891022849
734	222	1	891022849
734	166	3	891022849
734	210	3	891022937
734	204	4	891022938
734	498	4	891022938
734	603	4	891022958
734	143	5	891022958
734	485	5	891022976
734	591	4	891022977
734	97	4	891022993
734	275	4	891023019
734	144	2	891023019
734	419	4	891023066
734	283	5	891023066
734	607	5	891023066
734	99	4	891023086
734	604	4	891023086
734	821	2	891023086
734	705	4	891023131
734	483	4	891025247
734	98	4	891025247
734	173	3	891025247
734	174	4	891025247
734	22	3	891025301
734	193	4	891025340
734	162	3	891025393
734	165	3	891025393
734	487	4	891025498
734	191	4	891025523
734	496	5	891025523
734	164	3	891025524
734	479	4	891025541
734	605	4	891025555
734	95	4	891025573
734	482	2	891025591
734	294	1	891025891
734	274	4	891025943
734	742	4	891025958
734	282	4	891025974
734	111	3	891025993
734	15	4	891026009
734	121	4	891026028
313	405	3	891028197
313	118	4	891028197
313	526	4	891028197
313	578	3	891028241
313	226	4	891028241
313	636	4	891028241
313	229	3	891028241
313	770	4	891028285
313	403	3	891028285
313	231	2	891028323
313	550	4	891028323
313	665	4	891028323
313	449	3	891028323
313	840	2	891028360
313	849	3	891028360
313	391	3	891028360
313	586	2	891028426
313	546	4	891028426
313	831	3	891028426
313	29	2	891028472
313	720	2	891028472
313	576	3	891028472
313	823	3	891028555
313	516	4	891028829
313	629	3	891028873
313	239	3	891028873
313	778	2	891028904
313	88	2	891028956
313	167	3	891029076
313	67	1	891029117
313	235	3	891029148
313	218	2	891029847
313	670	3	891029877
313	436	4	891029877
313	559	3	891029877
313	674	2	891029918
313	441	3	891029964
915	313	4	891029965
915	302	4	891029965
915	315	4	891029965
915	310	3	891029965
313	452	3	891029993
915	321	3	891030002
313	565	1	891030027
915	304	3	891030032
915	307	3	891030032
915	286	4	891030032
915	301	2	891030032
915	346	2	891030070
915	305	2	891030070
915	750	4	891030070
915	270	3	891030070
915	896	2	891030070
915	1038	2	891030070
313	465	3	891030096
915	258	2	891030108
915	691	4	891030108
915	752	3	891030120
313	71	4	891030144
915	345	4	891030145
313	141	4	891030189
313	102	3	891030189
313	625	4	891030189
313	404	4	891030189
313	946	3	891030228
313	473	3	891030228
313	820	2	891030228
313	225	4	891030228
313	624	4	891030261
313	1091	2	891030261
313	142	3	891030261
313	1066	2	891030334
313	843	3	891030334
313	139	3	891030334
313	417	2	891030334
313	409	2	891030334
313	768	3	891030367
313	415	2	891030367
313	94	3	891030490
313	63	4	891030490
313	683	3	891030792
591	300	3	891030956
591	286	4	891030956
591	306	5	891030956
591	322	2	891031013
903	288	4	891031105
591	172	3	891031116
591	923	4	891031116
591	603	5	891031116
591	191	5	891031116
591	615	4	891031116
591	466	3	891031116
591	196	4	891031116
313	309	4	891031125
903	475	4	891031144
903	127	5	891031144
903	129	3	891031144
591	662	3	891031145
591	511	3	891031145
591	86	5	891031171
591	79	4	891031171
591	194	4	891031171
591	182	3	891031171
903	515	4	891031178
903	147	3	891031178
591	64	5	891031203
591	127	4	891031203
903	100	5	891031203
591	1099	5	891031203
591	8	3	891031203
591	487	4	891031203
903	273	3	891031203
903	293	4	891031226
591	238	5	891031228
591	357	5	891031228
591	45	5	891031257
591	921	4	891031257
903	7	2	891031259
903	25	4	891031259
903	1	3	891031280
591	956	4	891031286
591	48	4	891031286
903	181	4	891031309
903	248	2	891031309
903	9	3	891031309
591	70	4	891031321
903	50	5	891031329
591	56	4	891031344
591	792	4	891031383
591	514	4	891031383
903	628	3	891031384
903	282	4	891031384
591	367	3	891031403
591	954	3	891031403
903	1067	2	891031412
591	709	4	891031426
591	216	4	891031426
591	47	3	891031426
915	288	2	891031450
915	328	2	891031450
903	763	5	891031450
903	845	1	891031450
915	333	3	891031450
401	286	2	891031464
401	315	4	891031464
401	302	3	891031464
591	516	3	891031469
591	211	4	891031469
591	202	3	891031469
591	210	3	891031469
591	655	4	891031469
903	544	2	891031470
915	268	5	891031477
915	300	3	891031477
915	347	5	891031477
915	334	3	891031477
903	121	3	891031487
591	204	4	891031500
591	428	4	891031500
591	382	4	891031500
591	85	3	891031500
591	732	3	891031500
591	787	3	891031500
903	1008	3	891031505
401	272	3	891031508
591	88	3	891031525
591	580	2	891031526
591	26	3	891031526
591	66	2	891031526
401	751	1	891031532
401	321	2	891031554
313	662	3	891031576
313	155	2	891031577
591	710	3	891031603
591	94	3	891031603
591	1111	4	891031603
401	294	1	891031621
903	13	5	891031632
591	1041	2	891031644
591	393	4	891031644
591	110	2	891031676
903	111	3	891031677
903	410	4	891031677
903	281	4	891031677
903	405	4	891031678
903	324	4	891031697
903	595	2	891031714
903	252	3	891031715
401	328	4	891031723
401	342	1	891031723
591	435	4	891031724
591	168	3	891031724
591	523	4	891031724
903	240	4	891031730
313	402	3	891031747
313	739	3	891031747
903	928	2	891031749
401	316	5	891031756
903	820	4	891031768
401	322	2	891031784
401	312	3	891031784
401	748	3	891031784
903	118	4	891031794
903	105	3	891031794
903	409	4	891031794
339	343	3	891031800
903	977	1	891031810
903	824	3	891031833
903	871	3	891031833
903	1381	4	891031864
401	243	3	891031867
401	892	1	891031867
903	106	2	891031883
903	994	3	891031883
903	1048	4	891031906
903	696	3	891031906
903	1009	4	891031906
401	678	3	891031936
903	1132	3	891031949
313	77	3	891031950
313	148	2	891031979
313	1210	4	891032028
313	696	3	891032028
903	931	2	891032038
903	412	2	891032077
903	254	2	891032101
903	120	2	891032101
903	369	4	891032101
623	286	2	891032107
339	483	5	891032121
339	126	4	891032121
623	288	1	891032140
339	327	4	891032150
339	98	4	891032150
339	654	5	891032150
401	1	2	891032170
401	100	4	891032170
401	127	1	891032170
339	607	5	891032189
339	357	5	891032189
339	508	4	891032189
339	435	4	891032189
339	1301	3	891032189
401	9	3	891032218
339	56	5	891032221
339	657	4	891032221
339	86	4	891032221
339	589	5	891032221
835	288	2	891032224
835	354	3	891032224
835	313	5	891032224
835	286	3	891032224
339	32	5	891032255
339	504	5	891032255
339	234	4	891032255
339	186	4	891032255
339	346	5	891032255
401	275	4	891032271
401	14	3	891032271
623	283	4	891032275
623	127	4	891032275
339	216	3	891032286
339	474	4	891032286
339	100	5	891032286
339	170	5	891032286
623	181	5	891032291
401	111	4	891032296
401	137	3	891032316
339	496	5	891032320
339	174	4	891032320
401	273	2	891032334
339	127	5	891032349
339	1	5	891032349
339	428	5	891032349
339	286	5	891032349
835	294	3	891032356
623	258	4	891032358
401	515	4	891032367
401	237	3	891032367
401	248	3	891032367
401	1011	3	891032367
623	15	4	891032375
339	488	5	891032379
339	58	3	891032379
339	157	4	891032379
339	11	4	891032379
339	269	5	891032379
835	988	3	891032391
835	325	5	891032391
401	278	4	891032412
401	25	4	891032412
339	176	4	891032413
339	530	5	891032413
339	772	4	891032413
339	485	5	891032413
401	508	3	891032433
623	298	2	891032433
401	276	4	891032433
339	192	5	891032438
339	650	4	891032438
401	405	2	891032453
401	284	3	891032453
339	203	4	891032466
339	478	5	891032466
401	235	1	891032474
401	225	1	891032474
339	276	4	891032495
339	156	5	891032495
339	484	5	891032495
401	1289	2	891032495
401	471	4	891032495
401	181	3	891032518
401	535	2	891032518
835	127	4	891032536
339	28	4	891032542
339	603	5	891032542
339	317	4	891032542
401	117	3	891032563
401	257	2	891032563
339	199	5	891032576
339	50	4	891032576
339	195	3	891032576
835	591	4	891032579
401	282	3	891032584
401	151	1	891032584
339	209	5	891032600
401	280	2	891032607
401	1016	3	891032607
401	591	3	891032607
401	1009	4	891032626
835	685	4	891032627
339	69	4	891032633
339	469	5	891032633
903	333	4	891032653
835	1278	5	891032653
339	12	5	891032659
401	762	2	891032662
401	147	2	891032662
401	121	3	891032662
401	815	3	891032662
401	866	3	891032697
339	187	5	891032700
339	79	4	891032701
339	47	4	891032701
339	479	5	891032701
835	281	4	891032718
339	521	4	891032737
401	318	4	891032737
401	484	3	891032737
339	806	4	891032737
339	525	5	891032737
835	257	3	891032738
775	286	4	891032741
775	315	5	891032742
775	270	2	891032742
775	269	4	891032742
775	272	4	891032742
775	302	3	891032742
401	64	3	891032757
903	175	4	891032760
835	25	5	891032764
339	55	3	891032765
339	30	3	891032765
775	344	5	891032777
835	285	4	891032792
339	179	5	891032793
339	582	4	891032793
339	527	4	891032793
835	405	3	891032793
339	175	5	891032793
903	318	5	891032793
903	479	4	891032793
903	651	5	891032793
339	180	5	891032793
401	216	4	891032803
401	174	4	891032803
775	348	3	891032804
775	750	5	891032804
339	208	4	891032827
339	238	5	891032827
339	183	4	891032828
775	347	3	891032837
775	310	3	891032837
775	305	4	891032837
775	258	4	891032837
775	313	4	891032837
903	89	4	891032842
903	96	2	891032842
903	1073	3	891032842
401	133	4	891032847
401	191	4	891032847
401	429	3	891032847
339	298	2	891032856
339	475	5	891032856
775	312	3	891032866
775	887	4	891032866
401	707	2	891032868
401	44	4	891032868
835	458	4	891032869
903	198	4	891032872
903	357	5	891032872
903	191	5	891032872
903	183	4	891032872
339	480	5	891032885
339	511	5	891032885
339	154	4	891032885
339	185	4	891032885
339	124	4	891032885
775	345	5	891032895
401	357	4	891032896
401	172	3	891032896
401	199	3	891032896
835	225	2	891032898
835	928	3	891032899
903	203	4	891032911
903	520	4	891032911
401	527	4	891032919
401	651	4	891032919
401	135	1	891032919
775	331	4	891032923
835	15	5	891032930
835	628	3	891032930
401	173	3	891032937
339	663	5	891032952
339	7	4	891032952
339	642	5	891032953
339	132	5	891032953
775	300	4	891032956
775	900	3	891032956
775	327	5	891032956
401	210	4	891032976
903	87	4	891032981
339	709	5	891032982
775	307	4	891032989
775	245	3	891032989
903	91	5	891033005
903	48	4	891033005
903	642	4	891033005
401	632	4	891033014
401	507	4	891033014
401	481	3	891033014
775	333	4	891033022
775	343	4	891033022
775	690	3	891033022
401	143	4	891033034
339	528	5	891033044
339	498	4	891033044
339	9	5	891033044
339	523	5	891033044
339	134	5	891033044
903	60	4	891033048
835	527	4	891033048
401	659	3	891033061
903	79	4	891033070
903	185	5	891033070
775	264	4	891033071
775	329	3	891033071
339	515	5	891033072
835	187	4	891033078
401	485	4	891033092
401	211	4	891033092
401	428	4	891033092
401	511	2	891033092
339	200	5	891033118
401	483	4	891033121
401	83	4	891033122
401	356	4	891033122
903	46	4	891033123
339	509	4	891033140
835	193	4	891033148
190	340	1	891033153
401	661	3	891033158
401	735	5	891033158
401	638	4	891033158
401	519	4	891033158
339	522	5	891033165
339	133	4	891033165
835	196	5	891033173
835	654	5	891033173
190	258	3	891033183
401	154	1	891033184
401	654	3	891033184
401	486	4	891033184
401	501	2	891033184
835	215	4	891033199
339	258	3	891033200
339	45	5	891033200
339	644	5	891033200
835	606	5	891033200
339	693	5	891033200
401	13	2	891033204
339	214	3	891033226
339	461	5	891033226
401	584	3	891033227
401	11	2	891033227
835	543	5	891033232
835	132	5	891033232
835	357	5	891033232
401	490	3	891033250
401	435	5	891033250
401	65	4	891033250
339	631	5	891033256
339	135	5	891033256
234	268	2	891033261
234	313	4	891033261
234	242	4	891033261
401	188	1	891033267
835	191	4	891033276
903	529	4	891033278
339	150	4	891033282
339	293	5	891033282
401	203	4	891033288
903	61	4	891033302
903	746	2	891033302
835	210	5	891033303
190	328	3	891033305
190	326	4	891033305
339	178	5	891033310
339	182	5	891033310
234	286	3	891033314
401	202	4	891033319
401	634	1	891033319
401	88	4	891033319
401	499	3	891033319
401	724	4	891033319
190	895	3	891033327
190	989	3	891033327
903	12	5	891033334
903	461	3	891033334
903	204	3	891033335
903	11	2	891033335
903	1070	4	891033335
828	306	3	891033342
828	313	3	891033342
828	286	4	891033342
401	482	4	891033343
401	451	2	891033343
835	735	5	891033349
190	898	2	891033349
190	327	2	891033349
339	434	4	891033350
903	223	5	891033354
190	539	2	891033370
401	198	4	891033370
401	604	4	891033370
401	630	4	891033370
401	493	4	891033370
190	294	3	891033370
903	509	4	891033380
835	204	3	891033380
835	427	4	891033380
339	74	4	891033382
339	131	5	891033382
339	198	5	891033382
190	748	3	891033388
234	321	2	891033393
234	751	2	891033394
401	26	3	891033395
401	162	5	891033395
401	194	4	891033395
401	404	2	891033395
339	89	5	891033416
339	196	4	891033416
401	69	3	891033417
401	197	4	891033417
401	655	3	891033417
835	162	5	891033420
835	1	3	891033420
234	307	2	891033427
903	157	4	891033430
401	168	1	891033442
401	520	3	891033442
401	528	5	891033442
190	1313	2	891033445
339	655	4	891033452
339	42	4	891033452
339	65	4	891033452
339	92	4	891033452
401	153	2	891033466
401	537	4	891033466
339	23	5	891033481
339	516	4	891033481
190	245	4	891033487
401	365	4	891033497
401	603	4	891033497
401	478	2	891033497
401	196	5	891033497
835	97	5	891033501
903	238	5	891033502
903	709	4	891033502
339	160	5	891033512
339	222	4	891033512
903	47	5	891033522
401	144	5	891033523
401	582	4	891033523
401	553	5	891033523
401	185	4	891033523
835	485	5	891033525
835	157	4	891033526
903	23	5	891033541
903	210	4	891033541
903	177	4	891033541
339	433	4	891033542
339	204	3	891033542
339	213	4	891033542
401	663	1	891033549
401	588	2	891033549
401	71	2	891033549
401	371	3	891033550
835	216	4	891033560
835	135	5	891033560
835	131	5	891033560
835	523	3	891033560
903	4	4	891033564
903	582	3	891033564
903	64	5	891033564
339	81	5	891033566
339	1017	5	891033567
828	269	4	891033574
828	303	4	891033574
401	157	3	891033582
401	99	4	891033582
401	430	2	891033582
401	97	4	891033582
401	509	4	891033582
903	180	5	891033585
234	304	3	891033591
339	423	3	891033602
401	385	3	891033603
401	161	2	891033603
190	300	4	891033606
190	751	4	891033606
190	288	5	891033606
190	302	5	891033606
190	354	4	891033606
903	467	3	891033606
190	269	4	891033606
903	1098	5	891033606
903	523	5	891033606
190	313	5	891033606
190	333	4	891033606
190	272	5	891033606
190	310	4	891033607
828	887	4	891033611
835	174	5	891033623
401	70	4	891033625
401	609	3	891033625
234	872	2	891033627
234	300	3	891033627
234	258	2	891033627
903	192	5	891033628
903	649	4	891033628
339	64	5	891033629
339	205	5	891033629
190	276	4	891033632
190	471	5	891033632
559	315	5	891033635
559	311	3	891033635
401	610	4	891033651
401	125	3	891033651
401	684	4	891033651
190	100	4	891033653
190	7	4	891033653
339	4	4	891033653
339	197	5	891033653
835	180	5	891033675
835	499	5	891033675
339	151	4	891033676
190	273	4	891033676
339	191	5	891033676
190	222	4	891033676
822	272	3	891033683
401	566	5	891033684
401	462	4	891033684
401	204	5	891033684
234	259	2	891033686
559	265	4	891033696
190	15	4	891033697
190	117	4	891033697
339	168	4	891033710
339	257	4	891033710
234	294	3	891033715
835	616	4	891033718
835	393	5	891033718
835	318	5	891033718
835	133	5	891033718
190	9	1	891033725
190	685	3	891033725
339	188	4	891033735
339	22	5	891033735
234	288	3	891033738
190	148	4	891033742
835	632	5	891033747
822	333	4	891033747
822	902	4	891033747
903	187	5	891033754
903	443	5	891033755
903	664	4	891033755
828	327	4	891033756
828	340	5	891033756
559	1556	3	891033759
339	506	4	891033766
339	1267	3	891033766
835	504	5	891033772
234	328	2	891033772
234	749	3	891033772
190	121	3	891033773
190	282	3	891033773
190	24	3	891033773
190	237	5	891033773
903	196	4	891033781
903	214	4	891033781
903	154	4	891033781
903	521	5	891033781
339	632	4	891033794
339	144	3	891033794
559	196	5	891033805
559	205	5	891033805
190	544	4	891033806
903	708	4	891033808
903	211	5	891033808
903	317	4	891033808
903	234	4	891033808
835	143	5	891033819
835	179	5	891033819
234	292	4	891033821
903	684	3	891033828
903	1101	4	891033828
