290	1079	2
290	1336	3
621	276	4
621	222	4
621	107	4
621	24	4
621	676	3
621	109	4
621	1016	4
621	1028	4
621	151	5
621	1047	3
621	123	4
621	825	3
621	235	3
621	249	5
621	1013	2
621	147	3
621	118	3
621	7	4
621	833	3
621	455	4
621	472	3
621	763	4
621	250	4
621	1093	4
621	410	4
621	257	5
621	25	4
621	122	2
621	240	4
621	926	3
621	546	3
621	1035	4
621	95	4
621	67	4
621	68	4
621	273	4
621	423	4
621	125	4
621	148	4
621	735	4
621	395	4
621	686	5
621	2	3
621	17	4
621	405	5
621	128	4
621	809	4
379	90	2
621	1228	3
621	779	3
379	414	5
379	211	5
379	47	5
379	186	5
379	163	4
379	152	5
379	52	4
379	448	4
379	96	5
379	178	5
379	257	4
379	712	3
379	395	2
913	301	1
913	310	3
913	268	2
825	307	4
825	294	4
825	50	4
825	9	3
825	222	5
825	593	3
825	127	3
825	7	5
825	250	5
825	282	4
825	1051	4
825	249	3
825	116	3
825	1199	4
913	288	2
825	290	4
825	248	4
825	125	5
825	14	3
825	100	4
825	591	4
825	126	3
825	1163	3
825	515	4
825	121	5
825	1016	3
825	181	4
825	928	3
825	283	2
825	742	4
825	137	2
825	740	2
825	685	4
825	1015	2
825	866	4
825	273	5
825	1117	3
825	405	5
825	472	5
825	106	4
825	285	3
825	748	5
825	628	4
825	276	1
825	546	5
825	291	5
825	284	3
825	147	5
825	926	4
825	235	3
825	1254	1
825	281	3
825	864	3
825	118	4
825	924	2
825	508	4
825	148	4
825	298	5
825	831	3
825	455	4
825	619	4
825	1049	3
825	369	3
825	932	3
825	925	4
825	841	4
825	25	4
825	597	5
825	1047	3
825	840	4
825	678	4
825	252	5
913	498	3
913	475	4
913	69	2
913	265	4
913	169	4
913	183	4
913	483	3
913	603	4
913	180	3
913	132	3
913	919	4
913	50	4
913	408	5
913	171	3
913	57	4
913	481	3
913	1	2
913	56	5
913	79	4
913	508	3
913	58	5
913	176	5
605	284	2
605	619	4
605	126	5
628	300	5
628	984	5
628	302	5
628	874	5
628	361	5
628	690	5
628	338	5
628	292	5
628	305	5
628	270	5
628	301	4
628	938	5
628	340	5
628	1025	5
628	326	5
628	333	5
628	332	5
628	288	5
628	330	5
628	242	5
628	1296	5
628	845	5
628	173	3
628	258	5
628	168	4
628	294	4
628	8	2
913	302	4
913	318	4
913	89	5
929	271	2
929	195	4
929	23	3
929	589	5
929	31	2
929	188	4
929	134	4
929	209	3
929	435	3
929	433	2
929	197	3
929	32	3
929	135	5
929	56	4
929	419	4
910	250	1
910	181	1
910	9	4
910	100	4
910	124	3
910	298	2
910	628	1
910	282	3
910	508	4
910	257	3
910	24	3
910	125	3
910	845	4
910	273	3
910	121	1
910	56	4
910	134	3
910	684	4
910	182	4
910	12	4
910	357	4
910	307	2
910	332	2
910	284	3
910	117	4
910	742	4
910	127	5
910	293	4
910	222	4
910	50	5
910	237	4
910	1	4
910	205	4
910	174	5
910	137	3
910	183	4
910	25	3
913	690	3
913	42	3
913	357	5
913	478	4
913	156	3
913	100	3
913	202	4
913	238	3
913	181	3
913	234	4
913	200	5
279	684	3
279	1025	2
913	8	2
913	203	4
913	465	2
913	173	5
913	164	2
913	210	2
913	184	3
913	95	4
385	1143	4
860	289	3
860	245	3
860	321	3
860	890	2
860	327	3
860	294	2
860	301	2
860	332	2
532	307	4
85	310	3
85	108	2
85	432	4
85	588	3
85	501	3
85	99	5
85	420	4
85	596	3
207	171	3
207	5	3
207	111	3
207	871	5
207	1102	3
916	286	4
916	268	5
916	271	3
916	748	2
916	678	2
916	100	5
916	246	5
916	150	4
916	298	3
916	475	4
916	273	3
916	250	4
916	7	4
916	1	4
916	9	5
916	14	5
916	181	4
916	741	3
916	244	4
916	257	3
916	237	3
916	222	3
916	24	2
916	50	5
916	919	5
916	844	3
916	1010	4
916	236	4
916	137	5
916	117	2
916	123	3
916	1009	5
916	295	2
916	276	4
916	593	4
916	256	3
916	151	3
916	147	1
916	405	2
916	762	3
916	249	3
916	221	4
916	111	4
916	820	2
916	713	3
916	284	2
916	1011	4
916	1014	3
916	763	3
916	472	3
916	685	2
916	597	2
916	281	3
916	235	3
916	125	3
916	825	1
916	476	2
916	866	3
916	1335	4
916	764	3
916	931	1
916	1079	2
916	948	2
916	118	2
916	3	3
916	824	3
916	546	2
916	831	1
916	252	2
916	121	3
916	280	2
916	148	2
916	756	3
916	369	2
916	930	2
916	106	3
916	978	1
916	535	3
916	64	5
916	194	4
916	23	4
916	172	5
916	156	5
916	144	3
916	209	3
916	98	5
916	56	5
916	60	4
916	462	4
916	693	3
916	537	4
916	223	4
916	461	4
916	153	3
916	425	5
916	709	3
916	134	5
916	182	3
916	484	4
916	203	4
916	474	4
916	318	4
916	186	3
916	480	4
916	530	4
916	961	3
916	1070	4
916	91	4
916	498	3
916	89	5
916	746	3
916	87	3
916	1401	3
916	421	5
916	58	5
916	652	4
916	92	5
916	509	4
916	177	3
916	216	4
916	531	4
916	173	4
916	710	3
916	171	4
916	655	3
916	428	4
916	55	3
916	11	4
916	168	4
916	511	5
916	4	4
916	183	4
916	684	3
916	211	4
916	1101	4
916	483	5
916	176	4
916	193	4
916	179	3
916	467	3
916	12	4
916	1073	4
916	143	3
916	30	4
916	198	4
916	46	4
916	523	3
916	160	3
916	557	4
916	81	5
916	215	3
916	154	4
916	135	4
916	806	4
916	192	4
916	174	5
916	792	3
916	132	3
916	206	3
916	170	4
916	239	3
916	22	4
916	423	3
916	631	4
916	427	4
916	431	3
916	86	4
916	382	4
916	213	4
916	512	5
916	69	4
916	210	4
916	939	3
916	650	4
916	506	3
916	582	4
916	1194	4
916	180	5
916	558	3
916	31	3
916	188	3
916	97	4
916	52	5
916	204	3
916	265	4
916	96	3
916	53	4
916	943	4
916	385	3
916	163	3
916	1109	3
916	960	4
916	28	4
916	48	5
916	1098	4
916	732	3
916	735	4
916	212	5
916	71	3
916	1113	4
916	232	3
916	196	4
916	195	3
916	720	2
916	697	4
916	42	5
916	433	3
916	214	3
916	578	1
916	550	2
916	1074	3
916	157	4
916	175	4
916	39	4
916	238	4
916	202	3
916	164	4
916	727	4
916	228	3
916	721	4
916	76	3
916	393	2
916	227	3
916	317	4
916	5	3
916	109	3
916	70	4
916	715	4
916	85	2
916	90	3
916	33	2
916	527	4
916	17	4
916	399	3
916	640	4
916	702	3
916	88	4
916	402	3
916	704	3
916	230	3
916	226	3
916	1597	3
916	290	3
916	541	2
916	234	4
916	380	2
916	83	4
916	642	3
916	561	3
916	451	3
916	79	3
916	1208	2
916	66	3
916	1220	3
916	217	4
916	1005	4
916	218	3
916	159	3
916	65	3
916	229	3
916	1042	3
916	959	4
916	737	3
916	387	4
916	570	3
916	241	4
916	2	3
916	636	3
916	233	3
916	1428	3
916	781	3
916	367	3
916	1268	3
916	80	3
916	470	3
916	971	4
916	944	2
916	1119	3
916	674	3
916	767	4
916	581	4
916	549	3
916	1206	2
916	1135	3
916	566	3
916	755	2
916	739	3
916	1217	1
916	569	2
916	77	3
916	68	3
916	559	3
916	161	3
916	366	3
916	51	2
916	708	4
916	49	3
916	101	3
916	583	4
916	679	3
916	356	3
916	1046	2
916	381	3
916	1682	3
916	219	3
916	82	4
916	54	3
916	790	2
916	155	2
916	72	3
916	73	3
916	158	2
916	417	2
916	568	4
916	190	4
916	528	3
916	863	3
279	550	4
279	144	4
279	226	4
316	286	5
316	306	4
316	292	4
207	538	2
316	988	1
316	323	1
316	304	3
316	289	2
316	678	1
316	707	4
316	213	5
316	318	5
316	462	3
316	127	2
316	185	2
316	187	2
316	199	3
316	530	2
316	132	4
316	283	5
316	168	3
316	173	1
316	50	1
316	183	1
316	180	4
316	515	4
316	427	5
316	531	5
316	507	3
316	98	5
316	9	4
316	190	5
316	730	4
316	170	4
316	487	3
316	275	5
316	483	4
316	223	4
316	276	2
316	22	4
316	69	3
316	44	4
316	14	4
316	716	5
316	1084	4
316	64	4
316	588	1
316	83	4
316	923	5
316	549	5
316	357	4
316	100	4
316	673	2
316	97	5
316	172	1
316	89	1
316	197	4
316	651	5
316	58	3
316	463	5
316	614	2
316	192	1
316	482	3
316	735	4
316	435	2
316	521	5
316	265	3
316	162	3
316	71	1
316	633	4
316	234	1
316	1039	5
316	191	5
316	174	1
316	19	5
316	582	5
424	286	4
424	690	3
424	258	2
424	310	3
424	882	3
424	304	4
424	538	5
424	689	1
424	289	5
424	288	1
424	294	5
424	259	2
424	990	5
424	683	3
424	989	2
424	323	5
424	681	3
424	243	4
424	261	3
424	300	2
424	688	2
424	333	5
424	292	4
424	427	4
424	435	3
424	969	1
424	115	1
424	172	3
424	275	5
424	100	5
424	1	1
424	127	4
424	508	3
424	1346	4
424	50	3
424	14	4
424	1084	5
424	9	5
424	276	2
424	740	5
424	840	4
424	15	4
424	151	2
424	25	4
71	302	3
71	6	3
71	89	5
878	269	4
878	286	4
878	690	2
878	321	2
878	275	4
878	19	4
878	236	2
878	258	3
878	137	3
878	50	4
878	9	4
878	285	5
878	100	2
878	20	2
878	276	3
878	181	3
878	740	2
878	14	5
878	515	4
878	126	3
878	318	5
878	59	3
878	317	4
878	435	4
878	485	3
878	482	4
878	153	5
878	463	2
878	136	4
878	165	4
878	8	3
878	509	4
878	154	3
878	707	2
878	64	5
878	1039	3
878	462	4
878	531	2
878	191	4
878	179	4
878	265	3
878	168	4
878	923	3
878	215	2
878	655	3
878	517	4
878	498	4
878	956	2
878	511	4
878	582	4
878	98	4
878	650	2
878	22	2
878	642	3
878	197	4
878	60	4
878	111	4
788	302	4
788	286	5
788	331	4
878	496	5
788	322	4
788	879	4
878	1092	3
878	127	4
788	754	4
788	300	5
788	326	4
788	328	4
878	170	4
788	289	4
878	921	4
878	45	3
878	512	5
878	640	1
878	855	3
878	584	4
878	213	3
788	301	2
788	748	3
788	323	3
788	984	3
788	258	4
788	327	3
788	294	3
788	271	3
788	270	2
788	665	2
788	227	3
878	1121	2
788	498	5
788	187	4
788	483	5
788	510	5
788	1	3
788	504	4
878	212	3
878	57	4
788	589	5
788	64	5
878	283	3
878	736	5
878	70	3
788	470	3
788	205	4
788	69	4
788	71	3
788	531	4
788	528	5
788	223	4
788	492	3
788	56	3
788	193	4
788	97	3
788	423	5
788	519	4
788	153	3
788	23	3
788	100	5
788	657	4
788	511	5
788	185	4
788	174	2
788	427	2
788	58	4
788	318	5
788	4	3
788	431	2
788	684	5
788	175	3
788	211	4
788	133	5
788	234	3
788	661	5
788	443	4
788	480	3
788	177	3
788	646	3
788	11	2
788	22	5
788	186	3
788	7	4
788	79	4
788	523	4
788	474	3
788	182	2
788	144	4
878	663	5
788	655	3
788	204	3
788	963	4
788	199	5
788	693	2
788	183	5
788	176	5
788	614	4
788	96	3
878	474	5
878	1149	4
788	651	4
788	192	4
788	55	4
788	28	5
788	601	4
788	195	3
788	429	3
788	98	5
788	12	5
788	520	4
878	237	3
788	405	4
878	274	3
788	117	4
788	135	3
788	132	5
279	273	2
279	109	5
279	433	4
788	241	5
788	200	4
878	97	3
878	202	4
788	692	3
878	451	2
788	159	3
878	216	4
788	180	4
788	73	3
788	54	4
878	692	4
788	380	3
788	148	3
788	203	5
878	371	3
878	51	4
788	1126	5
788	435	3
878	732	4
878	739	3
878	553	3
878	402	4
878	549	4
788	284	3
788	432	1
788	699	3
788	76	3
878	66	3
788	630	2
788	448	2
788	157	5
788	130	2
788	828	3
788	582	4
878	155	3
878	1100	3
878	794	4
878	88	4
385	603	5
788	44	4
788	385	3
788	591	3
788	121	4
878	796	2
788	9	4
788	550	3
788	742	3
788	89	5
788	237	4
788	10	4
788	65	4
788	433	2
788	744	4
878	116	2
788	649	3
788	357	4
788	172	3
788	553	3
788	445	4
788	549	4
788	518	3
788	230	3
788	162	3
788	482	4
788	282	4
788	68	3
788	570	3
788	471	3
788	658	3
788	568	3
788	215	3
788	708	2
788	70	4
788	151	1
788	566	4
878	204	2
878	194	4
878	175	2
788	317	4
788	521	4
788	222	3
788	85	1
788	141	3
788	503	4
788	46	3
788	51	4
878	588	2
878	432	3
788	194	4
788	729	4
788	188	4
788	164	3
788	82	3
878	99	4
878	418	3
878	71	4
788	629	1
788	739	2
788	62	3
385	1154	5
385	182	5
385	185	5
385	851	5
385	169	5
385	650	5
385	46	5
385	8	5
385	430	5
385	1070	5
788	723	3
788	554	3
788	229	3
788	447	3
788	43	3
788	736	3
788	125	3
788	118	3
788	228	3
788	809	3
788	1112	3
788	720	3
878	755	2
878	140	2
878	393	3
788	637	2
788	403	3
788	402	3
788	597	3
788	167	3
788	1277	3
788	636	3
878	82	3
878	151	1
788	645	3
788	444	3
788	561	3
788	371	3
788	627	4
788	226	4
788	639	3
878	225	3
788	810	3
788	1107	3
788	356	4
788	798	2
878	529	5
878	659	4
878	152	4
878	166	4
878	172	4
878	481	5
878	416	5
878	514	4
788	370	2
788	755	3
788	291	4
788	670	3
788	623	3
788	685	3
788	621	3
788	679	2
788	409	3
788	620	3
788	363	2
788	436	3
788	399	3
788	556	2
788	726	4
788	983	3
788	696	3
788	1478	3
788	112	3
788	781	3
788	281	4
788	29	3
788	1042	3
788	451	4
788	231	3
788	562	3
788	823	3
788	218	4
788	235	3
788	38	3
788	662	4
788	540	3
788	1518	3
788	546	3
788	1135	2
788	1248	3
788	586	2
788	120	2
788	931	2
788	1303	3
878	1041	1
878	702	1
878	781	1
878	699	1
878	949	3
878	1065	1
878	535	1
878	662	1
788	1139	1
788	715	3
788	53	1
788	1407	3
788	391	2
788	1273	3
788	579	3
788	712	3
788	1459	2
788	1183	2
788	572	3
878	15	4
878	427	5
878	497	2
878	530	5
878	234	1
878	174	3
385	1367	5
394	358	3
394	1371	2
394	164	4
394	101	4
394	181	4
394	91	4
394	28	4
394	156	4
394	1	4
394	168	5
394	433	4
394	294	4
394	179	5
394	172	4
394	96	5
394	151	5
394	288	4
394	22	5
394	195	5
394	144	5
394	508	4
394	132	4
394	12	4
394	69	5
394	98	5
394	31	3
394	154	3
394	42	4
394	79	5
394	496	5
394	419	5
394	186	5
394	238	5
394	56	5
394	117	5
394	418	4
394	4	4
394	216	3
394	282	3
394	568	5
394	742	5
394	651	4
394	204	5
394	97	4
394	202	5
394	655	5
394	746	2
394	7	5
394	265	4
394	549	4
394	121	4
394	39	4
394	672	3
394	123	5
394	77	3
394	715	4
394	210	4
394	559	4
394	208	5
394	402	4
394	141	3
394	161	4
394	226	2
394	128	3
394	578	2
394	627	5
394	217	5
394	184	3
394	405	3
394	385	5
394	403	4
394	455	4
394	118	4
394	109	4
394	658	3
394	218	4
394	33	4
394	89	5
394	416	5
394	393	4
394	24	5
394	232	4
394	88	3
394	1033	3
394	90	3
394	82	4
394	84	4
394	431	5
394	72	4
394	541	3
394	739	4
378	245	3
378	473	3
506	538	3
506	1014	3
207	196	4
207	9	4
276	890	3
276	1098	4
276	1081	3
276	453	1
276	234	5
276	452	3
276	227	4
276	222	4
276	124	5
276	50	5
276	271	4
276	228	4
860	310	4
37	288	4
37	948	4
37	222	3
37	273	3
37	7	4
37	685	3
37	121	2
37	825	2
37	546	3
37	405	4
37	833	4
37	831	2
37	597	5
37	827	3
37	118	2
37	117	4
37	24	4
37	841	3
37	930	3
37	472	2
37	363	3
37	147	3
37	210	4
37	56	5
37	174	5
37	79	4
37	96	4
37	22	5
37	50	5
37	11	4
37	195	5
37	550	4
37	161	5
37	68	5
37	385	4
37	176	4
37	230	4
37	82	1
37	568	3
37	403	5
37	27	4
37	55	3
37	566	4
37	226	5
37	578	3
37	665	3
37	231	2
37	233	4
37	62	5
37	540	2
606	298	4
606	1011	3
606	924	5
606	472	4
606	410	3
606	287	4
606	748	3
606	3	5
606	281	4
606	147	5
606	249	3
606	257	5
606	619	4
606	235	3
606	925	4
606	827	3
606	841	3
606	926	3
233	203	3
233	204	5
233	492	5
606	108	1
606	225	1
606	591	3
606	455	2
606	1047	2
606	919	2
606	103	3
606	760	3
606	685	3
606	294	2
606	11	5
606	64	5
606	8	2
606	806	5
606	507	4
606	1055	4
606	1039	4
606	418	5
606	71	5
606	966	5
606	99	4
606	491	4
606	435	4
606	588	5
606	498	4
606	200	5
606	154	3
606	963	5
606	132	5
606	98	5
606	215	4
606	176	5
606	191	5
606	568	4
606	468	4
606	421	4
606	427	4
606	419	4
606	531	5
606	95	4
606	172	5
606	1065	5
385	524	5
606	12	2
606	204	4
606	58	3
606	87	4
606	56	5
606	48	4
606	210	3
606	168	5
606	228	5
606	265	4
606	647	3
606	174	5
606	144	4
606	156	4
606	692	5
606	527	4
606	184	5
606	516	4
606	173	5
606	483	5
606	28	4
606	81	3
606	202	4
606	188	4
606	969	5
606	537	2
606	530	4
606	96	5
606	208	3
606	194	4
606	31	4
606	652	3
606	385	4
606	423	5
606	404	4
606	83	5
606	1149	4
606	186	5
606	746	5
606	393	4
606	97	5
606	684	3
606	178	5
606	216	5
606	82	5
606	651	4
606	209	4
606	157	4
606	214	4
606	203	5
606	501	4
606	230	2
606	195	5
606	183	5
606	662	4
606	55	4
606	42	3
606	135	5
606	180	4
606	241	3
606	239	4
606	432	5
606	69	4
606	655	4
606	660	5
606	88	4
606	91	5
606	735	5
606	153	3
606	942	4
606	211	5
606	196	4
606	185	3
606	1518	4
606	187	4
606	549	4
606	197	3
606	161	4
606	68	5
606	175	4
606	79	3
606	959	5
606	234	4
606	238	4
606	939	4
606	428	3
606	729	4
606	451	3
606	22	5
606	89	5
606	585	4
606	816	2
606	1110	2
606	201	4
606	709	5
606	747	4
606	179	5
606	206	4
606	198	4
606	63	3
606	441	4
606	576	3
606	637	3
606	138	3
606	38	4
606	33	4
606	928	4
606	562	4
606	951	2
54	302	4
54	258	4
54	333	5
54	327	5
54	748	5
54	288	4
54	328	4
54	338	3
14	845	3
14	813	2
14	19	5
14	922	4
14	628	5
14	240	5
54	245	4
14	455	4
14	920	4
14	13	4
37	183	4
37	127	4
37	265	4
37	92	4
37	1027	3
37	172	4
37	89	4
54	260	4
54	325	3
54	181	5
54	276	5
54	1	4
54	100	5
54	50	5
54	741	5
825	293	3
825	257	4
825	237	4
825	288	1
825	870	3
825	871	3
858	331	3
858	1368	4
858	9	5
825	258	4
858	293	3
858	100	3
858	515	4
858	127	5
858	333	4
858	307	3
858	334	4
54	250	4
54	127	4
54	273	4
54	405	4
54	597	2
54	742	5
54	237	4
54	676	5
54	7	4
54	117	5
54	685	3
374	713	1
928	288	3
928	269	5
928	268	5
54	147	5
928	1025	5
928	878	5
928	877	5
928	266	5
928	749	5
928	358	5
928	876	5
374	979	3
374	986	3
374	975	4
374	931	3
374	978	2
374	406	3
374	983	2
54	411	5
374	546	5
374	823	1
374	1013	2
54	25	4
54	240	4
374	247	1
374	1215	1
54	1012	2
54	121	4
54	151	2
928	134	5
928	114	5
928	487	5
928	172	5
928	176	3
928	168	5
928	48	5
928	173	4
928	496	5
928	165	5
928	191	5
928	187	5
928	98	5
928	135	4
928	8	5
54	295	3
928	127	5
374	544	1
928	276	5
484	924	5
928	9	5
928	1007	5
928	246	5
484	28	5
54	475	5
374	1150	1
928	328	3
928	333	3
54	257	4
54	1088	3
54	829	2
54	24	1
54	471	4
54	148	3
54	546	3
54	252	3
374	684	5
374	176	4
374	203	3
374	443	5
374	164	4
374	265	5
374	77	5
374	229	5
54	595	3
54	827	3
54	930	1
54	118	4
374	5	4
374	227	4
374	226	5
374	17	2
374	356	3
374	233	3
374	39	4
374	38	4
54	106	3
374	1042	5
374	159	4
374	642	1
54	820	3
374	449	4
374	1248	3
374	581	4
374	1046	5
54	823	2
374	1217	2
374	770	5
374	1210	4
374	572	2
374	552	4
374	717	3
374	761	3
374	450	4
374	554	2
54	406	2
54	871	5
374	195	3
374	96	4
374	161	5
374	526	4
374	550	5
374	184	2
374	241	5
374	2	4
374	403	2
374	29	3
374	779	3
374	576	3
374	665	4
374	231	2
374	540	3
374	1407	2
913	186	3
913	60	3
913	144	5
913	789	4
913	531	2
913	204	4
417	340	3
417	325	2
417	20	2
417	1011	3
417	1023	4
417	120	2
417	1057	2
417	537	4
417	485	3
417	211	4
417	382	2
417	392	3
417	946	4
599	288	4
599	872	2
599	319	2
599	682	4
599	260	1
599	294	4
599	748	4
599	873	5
599	988	4
599	888	5
417	809	3
417	44	2
599	948	4
579	288	4
579	331	3
579	269	3
579	333	4
599	276	2
579	328	3
579	258	5
579	268	3
579	286	4
599	220	5
599	255	5
579	303	3
579	294	4
579	326	3
579	327	3
417	781	3
579	289	2
579	748	3
579	877	1
599	237	5
579	245	2
599	1152	4
599	282	5
599	1	4
579	528	4
579	520	4
579	234	3
417	1135	4
417	49	3
579	408	3
579	1	4
579	523	3
599	1315	4
579	173	5
579	82	3
579	676	3
579	98	4
579	169	4
579	69	2
599	1014	4
599	111	5
417	162	3
579	209	4
579	210	3
579	65	3
599	845	5
579	50	5
579	228	3
579	7	3
579	603	5
599	756	5
579	183	4
579	179	3
579	435	5
417	552	2
579	89	3
579	582	4
417	944	4
579	168	4
579	111	4
579	709	5
599	595	5
599	274	5
579	514	3
579	1446	2
599	1278	5
579	655	3
579	100	4
579	204	3
579	238	3
417	29	2
599	284	4
599	846	5
599	280	5
599	866	2
579	186	3
579	433	3
579	382	3
599	535	4
579	202	5
579	194	5
579	4	2
579	216	5
579	70	3
599	763	5
599	1095	4
579	732	4
579	153	4
579	428	4
579	25	4
417	167	3
599	1048	2
599	975	5
579	56	3
579	49	3
579	83	5
579	381	3
417	665	2
579	393	4
417	1411	3
417	999	3
579	88	4
579	692	4
579	211	3
599	1277	4
579	66	4
579	1110	1
417	1416	2
579	845	4
579	1047	3
579	1074	3
417	1157	4
417	797	3
417	449	3
417	444	4
417	67	4
417	780	4
599	1357	2
417	725	4
417	452	2
417	1207	3
417	373	3
417	450	2
417	669	2
417	668	2
417	364	3
417	545	1
417	1247	3
417	743	2
417	769	1
417	1230	2
599	508	3
599	278	3
599	471	4
599	546	4
599	476	4
599	245	3
599	928	4
599	815	3
599	934	3
599	120	3
385	512	5
379	855	4
379	631	5
379	157	4
379	729	4
379	644	5
379	434	3
379	1206	2
379	514	3
379	524	4
379	372	4
379	746	3
379	710	4
379	239	4
379	637	2
379	563	2
379	401	3
379	63	2
379	1035	3
379	843	4
159	1092	2
159	127	5
159	597	5
159	310	5
159	24	5
894	754	4
894	311	4
894	271	2
894	887	4
894	689	3
894	283	3
894	508	3
894	16	3
894	595	3
894	7	4
894	1048	4
894	121	3
894	1010	4
894	147	3
894	107	3
894	1009	4
894	279	4
894	280	3
894	472	3
894	827	3
894	287	4
894	1381	3
45	288	3
706	294	4
706	245	3
706	331	5
706	682	2
706	288	3
706	333	1
706	323	4
706	687	1
706	325	1
706	258	4
706	181	4
706	9	3
706	273	3
706	50	5
706	471	4
706	24	3
706	125	5
706	117	4
706	100	1
706	742	2
706	1	4
706	25	4
706	7	3
706	628	4
706	756	4
706	410	4
706	118	3
706	148	4
706	237	4
379	357	5
379	133	4
379	383	2
870	268	3
870	246	3
437	287	2
437	213	4
437	709	5
437	50	5
437	173	4
437	466	2
437	117	1
437	683	2
437	281	1
437	186	3
437	770	3
437	1211	4
870	1021	2
870	191	3
870	511	3
870	949	3
870	1118	3
870	781	3
870	508	3
870	1019	3
870	1221	3
870	1006	2
437	244	3
437	94	4
437	1006	3
437	319	5
437	727	3
437	139	3
437	86	4
437	202	5
437	121	3
437	153	5
437	736	5
437	473	5
437	969	4
437	657	5
437	275	5
437	655	4
437	435	3
437	15	4
437	189	2
437	99	4
437	652	4
437	1148	4
437	421	4
437	428	5
437	708	4
437	111	3
437	301	3
437	1262	3
437	946	3
437	588	3
437	778	3
437	812	3
437	566	3
437	1113	4
437	70	3
437	168	3
437	1206	4
437	420	3
437	210	3
437	523	3
437	1404	2
437	254	3
437	672	1
437	640	1
437	478	5
437	961	5
437	462	5
437	165	4
437	716	5
437	651	4
437	480	4
437	179	4
437	1007	5
437	151	5
437	1075	4
437	955	4
437	629	3
742	258	5
742	294	3
742	321	3
634	333	4
45	127	5
45	50	5
92	406	2
45	7	3
117	1059	3
45	282	4
45	237	4
45	257	5
117	1012	4
117	1016	5
117	25	4
117	928	3
117	1047	2
117	977	3
117	546	3
117	763	5
117	597	4
117	829	3
117	252	3
117	1057	2
117	743	1
117	406	3
117	368	3
117	1165	3
117	931	3
45	100	5
45	181	4
117	1095	3
45	845	4
117	758	2
117	12	5
117	156	4
117	174	4
117	789	4
45	111	4
117	33	4
117	588	3
117	173	5
117	164	5
117	144	4
117	56	5
117	11	5
95	532	4
117	176	5
117	132	4
117	628	5
45	276	5
45	15	4
45	1060	3
117	214	5
117	195	5
117	210	4
45	109	5
45	13	5
117	98	4
117	143	1
117	423	4
117	96	5
117	168	5
117	421	5
117	184	3
117	172	5
117	772	4
117	179	5
117	265	4
45	742	4
45	1	5
45	121	4
45	762	4
45	763	2
45	151	2
45	25	4
45	596	3
45	225	4
45	597	3
45	284	4
45	21	3
45	952	4
45	473	3
45	472	3
45	1059	2
45	118	4
45	278	3
45	24	3
45	108	4
45	1001	3
45	823	4
45	993	4
605	338	2
605	223	5
45	756	2
45	764	4
45	926	3
45	826	3
45	411	3
45	476	3
45	934	2
45	820	4
45	1061	2
605	12	4
605	408	5
605	462	5
315	340	4
315	305	5
907	271	5
907	633	5
907	1284	5
907	5	5
907	322	5
907	284	5
907	96	5
907	1047	5
907	506	5
907	88	5
907	281	5
913	742	3
913	527	5
913	741	4
913	1240	2
913	276	3
913	11	4
913	260	1
913	343	1
913	469	3
913	462	3
913	222	3
913	273	3
385	1449	4
385	1499	5
532	538	4
222	271	4
394	173	5
394	423	5
394	174	5
222	689	4
394	679	3
394	233	3
394	550	4
394	554	4
222	338	1
394	720	2
394	38	4
394	546	4
394	597	2
394	29	3
394	802	1
394	391	4
394	797	3
394	540	4
394	576	2
394	68	5
222	182	4
394	386	3
394	763	3
394	73	3
394	411	4
222	208	3
222	357	4
222	127	5
222	198	4
394	795	2
394	940	3
222	812	2
222	432	3
394	1079	3
394	780	2
394	158	3
394	67	5
222	185	4
222	431	4
394	63	4
222	588	4
222	529	2
394	364	3
394	1484	4
222	781	3
222	658	3
222	679	2
394	383	2
394	577	2
222	710	4
222	941	3
222	972	2
222	51	3
222	68	4
222	433	4
222	44	3
394	928	4
222	441	2
222	392	4
222	378	1
222	1438	4
222	1035	2
394	773	4
222	140	1
222	217	3
222	585	3
222	808	3
222	1041	3
222	80	2
394	552	3
394	979	5
394	561	4
222	233	2
222	386	2
222	377	1
222	1188	3
222	849	4
222	578	3
222	576	3
394	1210	3
222	501	2
394	771	4
222	780	3
222	468	2
222	816	1
222	1045	3
222	554	2
222	1066	1
222	1074	3
222	1179	1
222	700	3
222	575	3
222	40	1
222	1044	4
222	719	1
222	769	2
222	1029	1
222	1250	1
222	391	3
222	41	3
222	1207	2
222	373	3
222	537	4
222	712	3
222	1053	3
222	734	2
222	1239	2
222	571	2
222	450	3
222	446	3
222	471	3
222	1011	4
222	424	1
222	148	2
222	763	3
222	685	4
222	409	3
222	929	1
222	413	3
222	120	2
222	368	1
222	1057	4
222	931	1
749	406	4
749	984	3
749	484	5
749	1013	1
749	127	4
749	609	4
749	1023	3
749	187	3
130	269	4
130	682	4
130	888	3
130	342	3
525	332	4
525	300	4
525	288	4
525	289	3
525	322	2
525	127	3
525	282	4
525	125	3
525	248	4
525	257	4
525	181	4
525	742	3
525	121	4
525	237	4
525	147	3
525	25	5
525	250	3
525	762	4
525	1	4
525	15	4
525	472	2
525	7	3
525	111	4
525	123	3
525	14	3
525	1012	3
525	255	1
525	124	3
525	293	3
525	100	4
525	475	3
525	596	4
525	1047	2
525	1011	3
525	685	4
525	118	3
525	713	4
525	829	2
525	1315	4
525	597	3
525	1014	3
525	276	5
525	676	2
525	281	3
525	151	5
525	928	3
525	411	3
525	291	2
525	405	4
525	412	2
525	252	3
525	595	2
829	100	4
829	13	4
525	106	2
829	410	3
525	269	5
557	300	4
557	50	4
557	872	5
557	532	5
557	298	5
557	299	4
557	343	4
825	124	3
825	919	1
825	275	3
825	832	3
825	1011	3
825	833	4
825	195	5
825	566	5
825	98	5
825	176	5
825	385	5
825	423	5
825	746	5
825	491	4
825	174	5
825	12	5
292	79	5
292	183	5
292	665	3
292	343	2
292	176	5
292	919	5
292	195	5
292	96	4
292	482	5
292	173	5
292	180	5
292	657	5
292	98	5
292	209	5
292	285	4
292	475	5
292	276	5
292	298	4
292	515	4
292	50	4
292	100	5
292	248	4
292	181	4
292	7	3
292	408	4
292	510	4
292	11	5
292	124	4
292	1	4
292	9	4
292	115	4
292	151	5
292	127	5
292	83	5
292	125	2
292	1014	3
292	844	5
292	1142	4
292	24	4
292	324	3
292	1010	4
292	117	4
292	10	5
292	111	4
409	288	1
292	282	4
292	250	3
409	286	5
409	300	3
292	118	3
409	303	4
409	538	3
292	20	2
292	472	3
292	235	3
292	405	3
292	249	3
409	321	2
409	327	2
409	1176	4
292	252	3
409	338	3
409	270	2
409	937	2
292	535	3
409	322	2
409	325	4
409	326	3
409	289	1
292	628	3
292	150	4
894	863	5
292	222	3
292	228	5
292	234	5
292	499	5
292	197	5
292	486	4
292	144	5
292	226	4
42	294	4
292	168	5
292	1073	5
292	603	5
292	48	5
292	492	4
292	491	4
292	132	4
292	659	5
409	877	2
409	264	1
409	995	4
409	879	1
409	749	3
409	1392	1
409	1393	1
409	1295	1
292	64	5
292	511	5
292	320	5
292	855	5
292	56	5
292	705	4
42	276	1
292	653	4
292	194	4
292	483	5
292	203	4
292	58	5
42	125	4
292	602	4
292	199	5
292	174	5
292	654	5
42	471	4
42	118	4
292	589	4
292	479	4
292	156	5
292	223	5
42	405	4
292	661	5
292	207	5
292	523	4
42	742	4
42	284	3
292	429	5
292	153	4
292	265	4
292	607	4
292	423	5
292	484	5
292	169	5
292	190	5
42	15	4
42	1	5
292	165	4
292	528	5
292	462	3
292	419	4
292	488	5
409	266	1
409	339	2
409	876	2
409	890	1
42	282	4
409	680	1
42	924	3
409	343	3
292	525	5
292	789	4
292	135	4
292	214	3
42	281	3
292	28	4
292	193	4
42	926	3
292	1050	4
292	1039	4
292	2	4
292	86	4
292	631	5
42	274	5
42	273	3
42	546	3
42	237	4
42	222	4
42	1049	3
42	111	1
42	369	4
42	685	4
42	866	4
42	413	1
42	1028	4
42	290	3
409	1242	2
409	1093	2
409	1360	2
42	456	3
42	925	4
42	103	3
42	1048	1
42	1040	3
42	1051	4
42	409	3
42	280	4
409	1328	2
409	1369	4
42	411	4
42	1047	4
42	934	4
42	826	3
42	756	5
409	1379	3
42	977	2
42	595	1
409	1537	4
409	127	4
409	504	2
409	523	4
42	64	5
42	174	5
42	491	3
42	98	4
409	134	5
409	1512	5
409	479	5
409	618	4
409	480	5
409	12	4
409	170	4
409	171	4
409	615	5
409	526	3
409	209	5
409	116	4
409	199	4
409	485	2
409	608	4
409	478	4
409	180	5
42	96	5
42	50	5
42	419	5
42	176	3
42	95	5
42	173	5
42	172	5
409	663	4
409	216	4
409	427	5
409	175	4
42	568	4
409	50	5
409	528	4
409	1558	5
42	181	5
409	514	5
409	435	3
409	484	4
42	136	4
42	194	5
409	474	5
409	275	4
409	603	5
42	69	4
42	523	5
409	165	4
409	659	5
409	923	5
409	1070	4
409	357	5
409	168	5
409	1020	5
42	215	5
42	203	4
42	185	4
42	82	4
42	658	2
42	603	4
42	12	4
42	97	3
42	132	5
42	606	3
42	228	4
42	1050	3
409	203	5
409	89	5
409	223	4
42	87	4
409	530	4
409	483	4
409	481	3
42	655	3
409	466	4
409	192	4
409	1524	4
42	423	5
42	175	2
42	357	5
42	969	5
42	202	5
409	654	3
409	607	5
42	496	5
42	318	5
42	196	5
409	1194	5
409	1073	4
409	172	5
409	475	4
409	213	4
409	99	3
42	168	3
42	427	4
42	692	4
409	496	5
409	191	5
409	178	5
409	179	5
409	1449	5
409	429	5
409	98	5
409	661	5
409	647	5
409	489	5
42	183	4
42	48	5
42	566	5
42	204	5
409	135	5
42	86	3
42	211	4
409	632	3
409	520	2
409	318	4
409	505	5
409	28	2
409	511	5
42	195	5
42	265	3
42	521	2
409	100	5
409	1541	4
409	166	4
409	205	3
409	14	5
409	136	4
409	9	4
42	79	5
42	428	3
42	58	5
409	22	2
409	631	3
42	83	4
42	462	2
42	443	3
42	684	4
42	234	4
409	187	3
409	633	4
409	657	3
42	479	4
42	432	3
42	588	5
42	216	5
42	385	5
42	418	5
409	58	4
409	714	3
409	382	4
409	433	4
42	239	5
42	736	5
42	28	5
42	143	4
42	72	3
42	71	4
42	161	4
409	173	3
409	79	4
409	855	4
42	746	3
42	781	4
42	66	4
42	501	5
42	729	3
42	99	5
42	732	5
42	468	4
409	493	4
409	381	2
409	604	4
409	461	3
42	88	5
42	755	4
42	467	3
42	794	3
409	133	4
409	48	2
409	59	5
409	276	4
42	939	4
42	660	3
42	73	4
409	709	4
409	204	5
42	679	2
42	735	4
42	131	2
42	44	3
42	380	4
42	1043	2
42	210	5
409	154	5
409	664	4
409	854	4
42	77	5
42	403	3
42	229	4
409	498	4
409	156	2
409	60	5
409	207	3
42	433	2
42	371	4
42	404	5
42	506	3
42	1046	3
42	387	3
409	676	2
409	965	2
409	115	2
409	65	4
409	8	3
409	87	3
42	953	2
409	211	4
409	606	4
409	609	3
409	1097	2
42	63	4
42	1045	2
42	102	5
42	625	3
409	30	4
409	174	4
42	582	3
409	83	3
409	1593	4
409	945	3
42	999	4
42	54	4
42	451	2
42	402	5
409	491	2
409	529	5
409	708	4
409	1159	2
409	404	2
409	181	4
409	201	1
42	141	3
42	941	4
42	227	4
42	785	4
42	1041	4
42	135	4
42	230	5
42	70	3
42	38	3
42	367	2
42	720	4
409	210	4
409	486	3
409	428	4
409	705	2
409	527	4
409	200	2
409	23	4
409	197	3
409	214	4
409	97	5
409	733	4
409	283	4
409	206	4
409	367	3
409	162	4
409	1065	2
42	559	2
42	142	4
42	627	2
42	1044	4
42	2	5
409	195	4
409	6	4
42	469	4
42	219	1
42	43	2
42	1042	3
409	202	3
409	518	1
409	516	4
409	186	5
409	61	4
409	1050	4
409	684	4
42	591	4
42	283	3
42	410	3
42	151	4
42	121	4
42	25	3
42	845	5
42	834	1
431	754	3
431	538	4
431	689	3
385	198	3
394	183	4
394	176	5
394	343	3
394	665	2
394	257	4
394	250	4
394	252	3
394	380	4
394	222	4
394	228	5
394	62	4
394	50	5
394	227	4
394	229	3
394	230	3
394	449	3
394	450	3
385	462	2
409	1021	4
409	153	4
409	45	4
409	430	4
409	499	3
409	497	3
409	1346	3
409	482	4
409	285	4
409	1099	4
115	302	4
115	310	3
115	269	3
115	137	5
115	628	5
115	696	4
115	273	4
115	980	4
115	121	3
115	741	3
115	922	3
115	475	5
115	124	5
115	93	3
744	9	3
744	238	4
744	28	3
115	508	5
744	156	4
115	762	4
744	603	5
744	188	3
744	428	4
744	657	5
744	963	5
115	596	1
115	279	3
115	763	2
115	471	2
115	847	4
115	284	2
115	952	5
115	282	4
115	20	3
115	1067	4
115	117	4
115	237	2
115	192	5
115	174	5
115	317	5
115	496	1
115	176	5
115	187	5
115	558	5
115	48	5
115	772	4
115	172	4
115	22	3
115	462	4
115	79	4
115	32	5
115	23	5
115	11	4
115	56	5
115	98	3
115	185	5
115	654	5
744	481	3
744	482	3
744	23	4
744	174	4
744	483	4
744	127	5
744	1134	3
744	479	5
115	657	3
115	183	5
115	265	2
115	228	4
115	1073	5
115	684	3
115	431	4
115	466	5
115	673	3
115	443	4
115	218	3
115	77	2
115	642	5
115	33	4
115	229	3
115	470	2
115	127	5
744	302	5
744	340	3
115	479	5
115	69	1
744	307	4
744	301	3
744	276	4
744	237	4
744	508	5
744	1	4
115	8	5
115	9	5
115	1008	5
115	7	5
115	100	5
115	357	5
115	240	5
115	12	5
115	234	5
115	13	5
115	50	5
115	89	5
115	92	4
115	181	4
115	511	5
115	530	5
115	177	5
115	4	4
115	82	4
115	96	3
115	969	1
115	644	3
115	83	3
115	178	5
115	543	2
744	50	3
744	628	2
690	294	3
690	73	2
690	655	4
690	216	4
690	238	5
690	208	5
690	56	4
690	186	4
690	202	2
690	211	3
690	194	4
690	663	4
690	168	3
690	204	3
690	25	3
690	514	1
690	8	4
690	85	1
690	523	4
690	629	1
690	1118	1
690	163	3
690	4	3
690	153	5
690	428	1
690	239	2
690	746	2
690	72	2
690	763	4
690	66	3
690	210	3
690	435	5
690	393	4
690	167	2
690	781	2
690	88	4
690	232	4
690	274	3
690	80	3
690	1185	1
690	63	3
690	384	3
690	1041	3
690	158	4
690	94	4
690	67	4
690	1028	4
690	396	2
690	712	4
690	376	3
690	451	4
690	780	4
690	722	3
690	790	3
690	585	2
690	364	3
690	127	4
690	9	3
690	276	3
690	237	4
690	148	3
690	546	4
690	284	4
690	993	3
690	223	4
557	887	3
690	357	5
557	269	3
557	270	3
690	98	5
557	682	2
690	496	4
690	154	3
557	865	3
557	305	3
557	875	4
690	69	5
557	334	4
557	166	4
557	529	5
690	47	1
690	120	1
690	240	1
690	716	1
690	90	1
690	174	4
690	89	2
690	705	1
557	198	5
557	739	3
557	271	4
690	70	2
557	150	3
690	203	4
690	12	4
690	1	4
557	268	5
557	1176	5
557	165	5
557	12	5
557	197	5
557	337	5
557	8	5
557	307	5
557	180	5
557	96	5
690	64	5
690	79	4
690	431	2
690	742	3
690	234	4
690	77	3
690	121	3
690	649	4
690	218	5
690	443	3
690	642	3
690	684	4
690	233	3
690	636	4
690	226	3
690	159	3
690	53	2
690	281	3
690	554	3
690	1210	3
690	1042	4
690	118	4
690	581	2
690	1207	3
690	106	3
690	1090	3
690	1273	3
690	197	4
690	747	3
690	402	3
690	51	3
690	794	3
690	739	3
805	337	2
825	930	5
825	827	4
825	982	5
825	986	5
825	1034	4
825	363	4
825	1013	2
825	323	4
825	1244	5
825	825	4
220	269	5
220	300	5
220	286	5
220	340	4
220	294	4
220	306	4
220	333	3
220	258	3
220	319	4
220	268	4
220	305	4
220	288	5
220	301	4
220	995	3
220	682	4
220	303	4
220	289	4
220	332	3
220	325	1
220	264	3
220	343	3
220	298	4
281	690	5
281	288	4
281	310	4
281	308	1
281	338	2
281	258	2
281	271	5
281	333	3
281	331	3
281	326	1
281	682	3
281	538	4
281	332	4
281	877	4
281	294	3
281	300	4
281	301	3
281	289	3
281	304	5
281	748	5
281	938	2
281	989	2
281	259	3
281	322	4
281	323	3
281	342	1
116	343	2
116	887	3
196	269	3
196	242	3
196	286	5
196	306	4
196	340	3
196	1022	4
196	251	3
196	257	2
196	1007	4
196	1241	3
196	428	4
196	381	4
196	202	3
196	285	5
196	116	3
196	8	5
196	655	5
196	111	4
196	173	2
196	153	5
196	238	4
196	70	3
196	382	4
196	393	4
196	287	3
196	66	3
196	663	5
196	845	4
196	13	2
196	762	3
196	25	4
795	257	3
196	692	5
196	67	5
196	580	2
196	411	4
196	108	4
196	1118	4
196	94	3
196	110	1
795	42	3
795	208	4
795	4	4
484	181	5
484	50	5
484	293	5
114	269	4
795	432	3
795	58	4
114	318	3
114	659	4
114	172	5
114	98	4
114	357	4
114	679	2
114	654	3
114	224	3
114	482	4
114	168	3
114	100	5
114	175	5
114	96	3
114	496	4
114	182	3
114	89	5
114	474	5
114	176	5
114	505	3
114	483	4
114	640	2
114	507	3
114	1104	5
114	186	3
114	200	3
114	485	3
114	615	2
114	204	3
114	855	3
114	520	3
114	646	4
114	655	3
114	197	4
114	183	5
114	56	3
114	135	4
114	157	2
114	179	5
795	12	4
795	152	4
114	195	4
570	302	4
570	340	3
570	258	3
570	303	5
570	271	4
570	305	5
570	288	2
570	690	3
570	301	3
570	268	3
570	326	1
570	324	2
570	245	1
570	748	3
570	289	1
570	886	2
570	243	1
570	358	2
570	286	4
570	879	2
570	327	4
570	321	1
795	175	5
795	47	3
795	189	3
795	214	4
795	144	4
795	265	3
795	91	5
795	423	2
795	710	3
795	238	3
483	271	3
861	294	3
861	305	4
861	242	5
861	321	1
861	286	4
861	937	4
861	319	5
861	289	5
861	301	4
861	292	4
861	531	4
861	14	4
861	275	5
861	86	5
861	70	4
861	179	1
861	170	5
861	736	4
861	83	5
861	462	4
861	463	3
861	45	5
861	529	5
861	52	5
861	116	4
861	10	3
861	509	5
861	213	5
861	740	4
861	475	3
861	382	5
861	381	4
861	582	2
861	584	5
861	1009	5
861	20	4
861	547	4
861	737	3
861	714	4
861	1148	3
861	26	3
861	1227	4
861	949	4
743	300	4
743	292	3
743	302	5
743	269	4
743	242	4
743	308	2
743	301	4
743	303	5
743	258	5
743	289	3
743	268	4
743	340	3
743	311	5
743	286	3
743	748	4
743	259	3
743	326	3
743	879	4
743	294	2
743	288	2
743	321	2
743	322	3
743	338	1
743	276	5
743	15	3
743	744	5
743	408	4
743	181	3
743	224	5
743	297	5
743	100	5
743	222	4
743	9	5
743	298	4
743	273	3
218	12	5
218	98	5
218	654	4
218	603	4
218	466	4
218	183	5
218	39	2
218	55	4
218	657	5
218	1073	5
218	23	4
218	176	5
218	273	4
218	642	3
218	431	3
218	33	4
218	265	3
218	591	3
218	504	3
218	789	3
218	410	3
218	695	3
218	8	3
218	5	3
218	164	3
218	56	3
218	294	2
218	203	4
374	1218	2
758	338	4
758	342	4
758	689	1
758	1025	3
758	687	3
385	156	4
114	191	3
114	171	4
114	210	3
114	527	3
114	153	3
114	156	4
114	522	5
114	180	3
742	50	4
742	24	3
742	1	4
742	181	3
742	127	5
742	13	4
742	14	5
742	508	4
742	591	4
742	15	4
742	124	4
742	475	4
742	100	5
742	7	3
742	284	3
742	1012	4
742	117	2
742	546	1
742	282	3
742	237	4
742	109	1
742	250	3
742	222	2
825	823	4
825	1087	3
825	741	4
319	689	3
125	270	4
913	19	5
192	269	3
192	258	5
913	175	5
192	302	5
192	301	4
192	340	4
192	1265	3
192	289	4
913	432	3
913	99	4
913	12	4
913	25	3
913	131	5
913	209	2
913	428	3
913	185	4
913	596	1
913	530	2
913	436	3
192	813	4
192	1160	4
192	1405	5
192	127	4
192	50	4
192	255	2
192	276	2
192	9	5
192	257	4
913	189	3
192	25	4
913	174	5
192	1137	4
192	100	5
913	15	3
192	7	4
192	125	3
192	515	4
192	118	2
192	277	3
192	284	5
192	287	4
192	235	3
192	121	2
192	111	2
192	476	2
913	179	3
192	252	1
192	948	3
913	82	3
913	227	1
913	228	5
913	423	3
192	108	4
192	1171	2
913	418	3
913	729	3
913	151	4
192	1061	4
913	28	3
913	747	3
913	22	5
153	294	2
153	322	3
153	323	2
153	321	3
153	325	2
153	678	2
153	64	5
153	216	2
153	265	4
153	357	5
153	127	3
153	50	1
153	56	5
153	172	1
153	174	1
153	181	1
153	22	2
153	568	4
153	182	5
153	187	2
153	510	3
153	79	5
153	258	5
456	14	5
456	1008	4
456	508	4
456	150	4
456	985	3
456	1	2
456	1129	4
456	919	4
456	1198	4
456	933	3
456	922	4
456	3	4
456	864	4
456	109	3
456	547	3
456	979	3
456	282	3
456	1324	4
456	222	2
456	952	4
456	1010	5
456	845	3
456	369	3
456	405	1
456	546	4
456	111	3
456	460	3
456	274	3
456	763	4
456	125	4
456	121	2
456	1059	4
456	696	3
456	544	3
456	818	3
456	1009	5
456	410	4
456	1057	3
456	1081	4
456	824	3
456	743	2
456	1134	4
456	273	3
456	9	3
456	1328	4
456	475	5
456	100	3
456	1017	4
456	129	3
456	13	4
456	289	4
456	325	3
456	324	4
456	179	5
456	59	4
456	427	4
456	98	3
456	185	4
456	209	3
456	1019	4
456	191	3
456	1604	4
456	187	4
456	32	4
456	483	4
456	943	4
456	175	3
456	174	4
456	23	4
456	172	5
456	127	5
456	443	4
456	603	5
456	357	4
456	133	3
456	490	4
456	180	4
456	433	4
456	181	3
456	608	4
456	461	4
456	135	4
456	182	3
456	61	4
456	79	3
456	772	4
456	523	4
456	56	5
456	170	5
456	474	5
456	194	3
456	505	4
456	498	4
456	234	3
456	50	4
456	462	3
456	1020	4
456	22	4
456	480	4
456	188	4
456	485	4
456	559	3
456	806	3
456	616	3
456	42	4
456	12	3
456	715	3
456	640	4
456	721	4
456	238	4
456	1267	4
456	95	4
456	708	4
456	197	4
456	168	4
456	97	4
456	655	3
456	60	4
456	177	4
456	403	2
456	367	3
456	479	5
456	91	2
456	1547	4
456	693	3
456	69	4
456	143	3
456	484	4
456	963	4
456	265	3
456	186	4
456	92	4
456	33	4
456	421	3
456	204	3
456	419	4
456	582	5
456	955	4
456	211	4
456	216	4
456	1551	3
456	568	2
456	414	3
456	747	4
456	86	2
456	1240	3
456	506	4
456	447	3
456	232	2
456	432	4
456	697	4
456	200	4
456	1421	3
456	431	4
456	68	4
456	588	3
456	57	4
456	789	3
456	218	4
456	660	5
456	228	3
456	214	4
456	448	3
456	202	3
456	423	3
456	46	3
456	710	3
456	196	4
456	662	4
456	208	4
456	1101	3
456	71	3
456	382	1
456	99	3
456	1248	3
456	580	4
456	72	1
456	673	3
456	672	1
456	210	3
456	4	3
456	217	3
456	793	3
456	1218	3
456	161	3
456	366	2
456	80	2
456	1478	4
456	1222	2
456	1220	3
456	380	3
456	578	2
456	959	4
456	581	3
456	449	3
456	739	3
456	231	2
456	737	3
456	53	4
456	1168	4
456	101	3
456	658	3
456	550	2
456	54	3
456	402	2
456	94	3
456	229	3
456	226	2
456	720	3
456	452	2
456	395	2
456	1107	4
456	294	1
279	832	3
279	342	4
887	305	5
887	50	5
887	718	1
887	7	4
887	100	2
887	127	3
887	257	5
887	1084	5
887	258	1
887	125	5
887	1015	5
887	471	3
887	1	5
887	181	5
887	288	4
887	410	4
887	763	5
887	1278	2
887	845	4
887	596	5
887	9	2
887	1012	1
887	222	3
887	294	5
887	24	5
887	993	5
887	118	5
887	109	5
887	597	5
887	871	5
887	151	5
887	243	1
887	111	5
887	121	5
887	472	4
887	1279	3
887	405	5
887	1120	5
887	279	5
887	274	1
887	235	3
887	926	5
887	25	2
887	1060	5
887	477	1
887	928	5
887	455	5
259	15	3
887	284	4
887	760	5
887	1051	4
887	1079	1
887	1047	5
887	828	3
887	1283	5
887	473	4
887	369	5
887	13	1
887	409	4
887	252	4
887	240	5
887	932	2
887	931	3
887	105	3
887	476	1
887	411	4
887	832	2
887	1028	5
887	929	1
887	756	5
887	225	4
259	121	3
887	254	4
887	412	5
887	934	4
887	122	5
887	1383	4
887	826	1
887	1013	4
887	1033	4
887	98	3
887	202	5
887	183	1
887	28	5
887	1473	1
887	699	1
887	22	5
887	568	2
887	839	4
887	491	2
887	655	1
887	318	5
887	210	5
887	496	4
887	431	3
887	172	5
887	427	5
887	95	4
887	419	2
887	143	5
887	421	5
887	423	2
887	969	5
887	432	5
887	69	4
887	8	4
887	418	4
887	204	5
887	168	4
887	164	4
887	1413	4
887	180	4
887	132	4
887	115	5
887	128	5
887	588	4
887	87	5
887	96	4
887	1063	1
887	195	4
887	385	4
887	99	5
887	416	2
887	633	5
887	289	5
887	697	1
887	692	5
887	228	4
887	710	5
887	1540	5
887	470	3
887	720	5
887	443	4
887	200	1
887	91	5
887	501	4
887	1496	4
887	71	5
887	82	4
887	404	4
887	1136	5
887	90	5
887	562	5
887	84	4
887	393	4
887	142	1
887	378	5
887	609	4
887	465	5
887	176	5
887	946	4
887	56	5
887	673	5
887	140	5
887	755	5
887	420	5
887	72	4
887	206	5
887	768	4
887	218	5
887	38	5
887	548	1
887	559	4
887	1116	5
887	187	4
887	365	5
887	578	4
887	65	5
887	368	5
887	47	5
887	1239	3
887	1035	5
887	1029	5
389	712	3
389	700	2
389	502	4
389	997	3
389	579	1
389	383	2
389	824	3
389	1052	2
385	221	5
910	310	3
910	300	4
910	748	3
910	245	2
910	289	3
910	1025	2
910	405	4
910	118	3
910	3	2
910	252	2
910	597	3
910	291	1
910	831	1
910	254	1
910	98	4
910	210	4
910	23	4
910	414	4
216	66	2
216	15	3
216	25	3
216	367	3
216	1047	3
216	790	3
216	693	3
216	27	3
216	95	3
216	1218	3
216	143	2
216	1067	5
216	402	2
216	577	1
216	98	5
216	423	4
137	690	2
216	174	5
216	122	5
216	286	4
216	221	4
216	204	4
137	300	5
216	64	5
216	12	5
216	508	4
216	1161	4
137	748	4
137	289	3
137	327	4
137	266	5
137	680	5
137	260	3
137	687	4
137	243	4
137	121	5
137	222	5
137	50	5
137	237	4
137	15	4
137	597	5
137	250	5
137	117	5
137	181	5
137	257	5
137	1	3
137	866	3
137	546	5
137	118	5
137	685	5
137	405	5
137	472	4
137	235	5
137	249	4
137	1028	5
137	1117	2
137	411	5
137	476	1
137	51	1
137	210	5
137	96	5
137	174	5
137	144	5
137	195	5
137	183	5
137	79	5
137	55	5
137	385	5
137	172	5
137	89	5
894	845	3
621	154	5
621	722	4
621	3	5
621	1185	3
621	108	3
621	804	4
621	871	3
913	588	3
106	286	4
106	14	4
106	100	3
106	1	4
484	15	5
484	117	4
484	25	3
484	7	4
484	471	4
484	742	3
484	24	1
106	64	4
106	22	4
106	318	5
106	69	4
484	121	4
484	9	1
484	125	4
484	151	4
106	703	4
484	1	5
484	274	4
484	111	4
484	237	3
484	926	4
484	235	2
484	597	3
484	405	4
106	223	4
106	647	3
106	165	5
106	196	5
106	162	5
106	194	5
106	97	5
106	210	4
106	495	4
106	25	4
106	28	4
106	582	4
106	12	4
106	86	3
106	699	4
106	191	5
106	660	4
106	77	4
106	70	3
106	435	3
106	8	4
106	211	4
106	712	3
106	526	4
106	566	4
106	684	4
106	161	3
106	216	5
106	778	4
106	213	4
106	88	3
106	273	3
106	48	3
106	45	3
106	82	3
106	692	3
106	739	3
106	956	3
106	59	4
106	923	4
106	463	3
106	584	4
385	129	3
759	332	4
759	328	5
759	245	3
759	984	2
759	937	4
759	117	5
759	50	4
759	257	4
759	121	5
759	237	3
759	591	3
759	222	5
759	1016	5
759	405	4
759	471	4
759	281	4
195	823	4
13	294	2
13	286	3
13	310	4
13	340	2
13	307	2
13	308	3
13	311	3
13	268	4
13	333	3
13	302	5
13	305	4
13	690	3
13	328	3
13	303	4
13	270	4
13	271	1
13	262	4
13	881	2
13	306	3
13	874	5
13	185	3
13	12	5
13	98	4
13	504	5
13	56	5
13	474	4
13	617	3
13	514	5
13	475	3
13	205	2
13	216	3
13	515	2
13	198	3
13	242	2
13	168	4
13	191	3
13	480	3
13	638	3
13	433	4
13	589	3
13	197	4
13	654	5
13	494	4
13	530	5
13	165	3
13	195	3
13	86	1
13	857	3
13	615	4
13	238	3
13	127	5
13	661	5
13	613	4
13	357	3
13	332	3
13	331	3
13	358	3
13	876	2
13	327	3
13	749	3
13	873	1
13	886	5
13	875	1
13	263	5
13	879	2
13	299	3
13	689	2
13	300	1
106	1242	4
227	321	3
227	322	3
668	269	5
668	300	4
668	286	4
668	302	5
668	340	4
668	307	4
668	538	5
668	271	4
668	328	4
668	258	2
668	289	2
668	882	3
668	333	3
668	358	3
795	168	5
795	1101	4
795	382	4
795	97	2
795	95	4
795	202	3
795	746	3
795	154	3
795	182	4
795	135	3
795	655	3
795	203	3
795	727	3
795	96	2
385	652	5
385	474	5
385	189	5
385	207	4
130	176	5
130	343	4
31	302	4
31	303	3
31	268	3
31	328	2
31	321	4
31	262	5
31	340	3
31	319	4
31	299	4
31	1022	5
31	306	3
31	682	2
31	271	4
31	886	2
31	875	4
31	1020	3
31	136	5
31	135	4
31	484	5
31	514	5
31	32	5
31	490	4
31	811	4
31	175	5
31	519	4
31	192	4
31	1019	5
31	1021	3
31	79	2
31	124	4
31	153	4
31	493	5
31	504	5
31	705	5
31	611	4
31	498	4
276	343	4
385	922	4
378	465	3
668	311	4
668	13	4
668	323	4
668	993	4
668	596	3
95	878	1
95	586	2
749	1	4
749	1088	2
749	295	3
749	254	2
749	223	4
668	137	3
668	475	4
668	257	3
668	283	5
668	29	3
668	231	2
668	403	4
668	124	3
668	367	5
668	50	5
299	343	3
299	538	3
668	210	5
894	12	5
894	20	5
894	919	4
894	331	4
894	124	5
894	529	4
894	293	4
894	327	4
259	294	3
566	879	2
566	289	1
566	242	5
566	327	3
566	260	2
566	483	4
566	529	4
566	22	3
566	135	5
566	156	4
566	479	4
566	496	5
566	182	4
566	98	4
566	511	4
566	480	4
566	318	4
566	443	4
566	144	3
566	165	5
566	64	5
566	100	5
566	1193	5
566	70	4
566	508	4
566	136	4
566	163	5
566	523	4
566	86	4
566	172	3
566	133	4
566	213	5
566	423	2
566	166	4
566	693	5
566	153	2
566	7	4
566	192	5
566	673	4
566	12	4
566	521	4
566	684	4
566	204	3
566	56	4
566	191	4
566	461	4
566	134	5
566	705	4
566	186	3
566	95	2
566	137	5
566	173	3
566	11	3
566	181	2
566	157	5
566	168	4
566	467	3
566	210	4
566	15	3
566	273	5
566	50	2
566	97	3
566	88	3
566	1005	5
566	462	4
566	69	4
566	230	2
566	83	4
566	203	4
566	234	3
566	512	4
566	96	3
566	660	4
566	582	5
566	127	5
566	651	4
566	218	4
566	485	3
566	228	2
566	196	4
566	23	4
566	89	4
566	707	4
566	772	4
566	378	4
566	143	3
566	207	5
566	392	4
566	235	3
566	20	4
566	202	4
566	631	4
566	288	3
566	742	3
566	403	3
566	177	4
566	465	2
566	736	4
566	8	4
566	856	5
566	1065	5
566	82	4
566	170	5
566	215	3
566	2	5
566	121	3
566	385	3
566	31	3
566	265	4
566	727	4
566	117	4
566	419	2
566	33	2
566	405	5
566	71	2
566	411	4
566	576	2
566	54	3
566	763	4
566	25	2
566	161	4
566	1232	2
566	154	3
566	685	3
566	77	4
566	155	2
566	240	3
566	219	1
566	231	1
566	1028	2
566	108	2
566	384	3
566	386	1
566	959	4
566	393	2
566	1437	2
566	790	3
566	387	4
566	388	3
566	80	3
566	755	2
566	49	2
566	1044	3
566	122	2
566	94	2
566	575	1
566	395	1
566	110	1
566	78	1
347	300	5
347	286	3
347	328	4
347	258	4
347	333	5
347	879	3
347	288	5
347	748	2
347	323	1
347	294	1
347	268	4
347	271	1
347	324	1
347	245	5
347	689	4
347	260	1
347	222	4
347	181	5
347	100	3
347	475	4
347	246	4
347	127	5
347	50	5
347	273	5
347	151	3
347	284	3
347	471	4
347	1	4
347	117	5
347	15	2
347	121	3
347	713	3
347	137	2
347	125	5
347	7	4
347	298	5
347	1012	4
347	282	5
347	257	4
347	742	5
347	405	4
347	508	3
347	237	4
347	280	4
347	24	3
347	276	3
347	249	5
347	25	2
347	685	3
347	982	1
347	293	5
347	147	4
347	118	4
347	1016	3
347	1283	1
347	291	5
347	841	3
347	597	3
347	472	5
347	106	2
347	1059	3
347	763	5
347	544	4
347	148	3
347	460	3
347	410	5
347	546	4
347	455	2
347	1028	2
347	290	3
347	411	5
347	1011	3
347	819	1
347	829	4
347	928	3
347	252	2
347	105	2
347	1088	1
347	1047	1
347	977	5
347	235	2
347	595	2
347	363	1
347	696	4
347	756	2
347	827	1
347	240	5
347	871	4
347	369	4
347	1244	3
347	831	1
347	930	2
347	820	2
347	1291	1
347	11	5
347	318	3
347	12	3
347	55	5
347	195	4
347	421	2
347	156	5
347	187	5
347	223	4
347	69	5
347	56	5
347	182	5
347	357	5
347	96	4
347	168	5
347	192	4
347	87	3
347	204	4
347	806	3
347	1039	5
347	176	3
347	79	5
347	226	4
347	186	5
347	216	3
347	172	5
347	432	4
347	655	5
347	210	4
347	427	4
347	22	5
347	609	4
347	132	5
347	97	4
347	385	4
347	180	5
347	686	5
347	230	4
347	735	2
347	418	4
347	356	5
347	693	5
347	144	5
347	660	2
347	215	4
347	202	4
347	435	5
347	183	3
347	203	5
347	174	4
347	82	5
347	123	3
347	470	5
347	31	5
347	588	3
347	568	4
347	98	5
347	462	2
347	177	5
347	241	3
347	403	5
347	77	5
347	317	1
347	95	4
347	501	4
347	70	2
347	200	4
347	4	4
347	208	2
347	188	5
347	699	1
347	173	2
347	1035	3
347	959	5
347	627	4
347	943	4
347	423	4
347	157	5
347	239	5
347	99	3
347	392	2
347	28	4
347	159	4
347	17	4
347	233	5
347	76	5
347	65	2
347	692	4
347	91	1
347	416	3
347	721	5
347	371	1
347	227	4
347	550	5
347	164	3
347	73	2
347	158	3
347	163	4
347	468	2
347	465	3
347	68	5
347	386	1
347	404	4
347	926	1
347	85	5
549	258	5
549	323	2
549	748	4
549	678	3
549	1	5
549	50	5
549	181	4
549	515	5
549	151	3
549	282	3
549	100	4
549	472	3
549	127	5
549	121	4
549	118	4
549	252	3
549	405	4
549	24	3
549	866	4
549	237	4
549	288	4
549	620	3
549	411	3
549	1047	3
549	225	3
159	250	3
159	1190	5
207	1197	4
207	845	3
207	53	1
805	248	4
805	665	4
805	183	5
805	176	4
805	343	5
805	209	4
805	1014	4
805	147	5
805	190	5
805	228	3
805	11	2
805	56	4
805	79	5
805	22	1
805	144	3
805	7	5
805	210	3
805	385	1
805	55	5
805	195	3
805	89	4
805	172	4
805	431	1
805	96	4
805	174	3
805	4	2
805	117	3
805	128	5
805	222	4
805	161	1
805	550	3
805	679	4
805	455	4
805	82	3
805	568	3
805	33	5
805	121	3
805	229	2
805	405	3
805	68	3
805	403	4
805	241	2
805	24	4
805	1110	5
805	636	4
805	231	3
805	226	3
805	761	3
805	831	4
805	472	2
805	576	4
805	827	4
805	38	3
805	554	1
805	597	3
805	810	2
805	185	5
805	100	5
805	98	5
805	443	5
805	558	5
805	234	5
805	288	1
805	200	5
805	217	2
805	164	3
805	447	4
805	5	4
805	17	4
805	436	3
805	559	3
805	396	4
805	569	1
805	413	2
805	406	1
805	145	2
805	452	3
805	169	4
805	95	3
805	432	5
805	588	2
805	91	5
805	1	4
805	418	2
805	420	4
805	422	4
805	625	3
805	71	3
805	501	5
805	99	2
805	102	4
805	473	4
805	946	2
805	101	2
805	1091	2
805	12	4
805	659	3
805	123	4
805	118	3
805	581	2
805	642	4
805	470	5
805	742	3
805	148	2
805	928	3
805	595	3
