259	255	4	874724710
259	286	4	874724727
259	298	4	874724754
259	185	4	874724781
259	173	4	874724843
259	108	4	874724882
259	772	4	874724882
259	288	3	874724905
259	928	4	874724937
259	117	4	874724988
259	200	4	874725081
259	405	3	874725120
259	1074	3	874725264
259	176	4	874725386
259	210	4	874725485
259	357	5	874725485
851	687	2	874728168
851	696	3	874728338
851	284	3	874728338
851	295	5	874728370
851	544	4	874728396
851	473	4	874728396
851	290	4	874728430
851	147	4	874728461
851	121	4	874728565
851	717	3	874728598
712	1040	4	874729682
712	220	5	874729682
712	510	2	874729749
712	417	4	874729750
712	731	5	874729750
712	50	4	874729750
712	385	5	874729778
712	623	4	874729778
712	97	5	874729816
712	66	5	874729816
712	969	4	874729850
712	553	5	874729850
712	96	5	874729850
712	79	4	874729850
712	173	5	874729901
712	181	5	874729901
712	172	5	874729901
712	739	4	874729935
712	42	1	874729935
712	234	2	874729935
712	498	3	874729935
712	421	4	874729935
712	402	4	874729935
712	423	3	874729960
712	174	5	874729995
712	99	4	874729995
712	692	5	874729995
712	392	5	874729996
712	1220	5	874729996
712	812	4	874729996
712	61	3	874730031
712	82	5	874730031
712	215	3	874730031
712	202	4	874730031
712	432	4	874730056
712	462	3	874730085
712	195	3	874730085
712	69	3	874730085
712	746	4	874730085
712	177	2	874730155
712	88	4	874730155
712	776	4	874730155
712	1055	4	874730155
712	4	4	874730179
712	785	5	874730206
712	238	3	874730206
712	1469	4	874730206
712	585	4	874730234
712	419	3	874730234
712	365	3	874730234
712	660	4	874730234
712	1503	4	874730235
712	72	4	874730261
712	560	3	874730261
712	71	5	874730261
712	228	3	874730261
712	73	5	874730293
712	622	4	874730293
712	210	5	874730293
712	393	3	874730320
712	662	5	874730320
712	141	3	874730320
712	584	4	874730342
712	716	5	874730370
712	949	4	874730370
712	378	4	874730370
712	732	5	874730370
712	83	4	874730396
712	191	3	874730396
712	196	4	874730396
712	59	2	874730420
712	136	1	874730443
712	230	3	874730467
712	655	5	874730467
712	404	3	874730467
712	1053	4	874730490
712	729	5	874730491
712	568	5	874730491
712	941	5	874730491
712	506	3	874730520
712	495	4	874730520
712	60	1	874730520
712	486	4	874730521
712	946	4	874730521
712	747	3	874730552
712	95	4	874730552
712	431	3	874730552
712	38	4	874730553
712	418	3	874730553
851	111	3	874767408
851	1014	3	874767408
851	845	3	874767408
851	742	5	874767519
851	824	4	874767550
851	815	3	874767550
851	405	5	874767550
119	300	5	874774286
119	286	5	874774286
119	323	4	874774449
119	322	4	874774449
119	100	5	874774575
119	275	5	874774575
119	458	5	874774575
119	866	3	874774575
119	50	5	874774718
119	455	4	874774719
119	741	4	874774815
119	235	5	874774956
119	718	5	874774956
119	813	4	874774956
119	277	4	874774993
119	237	5	874775038
119	298	4	874775038
119	412	4	874775136
119	1086	4	874775136
119	282	5	874775136
119	628	4	874775185
119	7	5	874775185
119	276	2	874775262
119	125	5	874775262
119	1016	5	874775262
119	93	4	874775262
119	222	5	874775311
119	121	4	874775311
119	982	4	874775406
119	829	5	874775406
119	823	3	874775406
119	181	4	874775406
119	742	5	874775406
119	472	4	874775406
119	597	4	874775465
119	287	4	874775465
119	762	4	874775465
119	924	4	874775535
119	117	5	874775535
119	475	4	874775580
119	109	5	874775580
119	826	4	874775580
119	274	4	874775580
119	257	4	874775614
119	473	3	874775647
119	1202	4	874775680
119	250	2	874775731
119	827	3	874775815
119	405	4	874775815
119	105	2	874775849
119	255	3	874775914
119	546	4	874775914
119	717	3	874775945
119	930	3	874775945
119	831	2	874775980
119	1034	3	874775980
640	790	4	874777260
640	11	4	874777440
640	496	4	874777491
640	12	5	874777491
640	382	4	874777528
640	56	5	874777528
640	180	5	874777528
640	170	5	874777583
640	134	5	874777623
640	474	4	874777623
640	770	4	874777658
640	64	5	874777701
640	81	5	874777735
640	175	5	874777735
640	47	4	874777735
640	55	5	874777765
640	461	4	874777833
640	169	5	874777890
640	182	5	874777925
640	318	5	874777948
640	204	5	874777974
640	91	4	874777998
640	70	4	874778065
640	85	5	874778065
640	4	4	874778065
640	941	5	874778095
640	580	5	874778096
640	209	5	874778154
640	189	5	874778181
640	693	5	874778207
640	201	4	874778240
640	96	5	874778240
640	663	5	874778240
640	357	5	874778274
640	53	4	874778274
640	239	5	874778274
640	214	5	874778274
640	1073	5	874778299
640	428	5	874778299
640	66	4	874778345
640	42	5	874778345
640	202	5	874778366
640	231	5	874778424
640	233	4	874778479
640	22	4	874778479
640	540	3	874778479
640	161	4	874778479
640	68	4	874778479
640	195	4	874778515
640	79	5	874778515
640	92	4	874778515
640	2	4	874778568
640	684	4	874778568
640	385	5	874778569
640	566	4	874778569
640	568	4	874778569
640	226	5	874778569
640	38	4	874778612
640	720	3	874778612
640	578	3	874778612
640	62	3	874778612
640	761	5	874778613
640	33	3	874778696
640	550	4	874778722
640	373	3	874778756
640	802	3	874778756
640	391	3	874778756
119	252	3	874780832
119	825	3	874780860
594	319	3	874780864
594	292	3	874780864
594	245	3	874780909
594	988	2	874780945
119	977	3	874780969
119	1259	3	874780996
594	19	3	874781004
594	100	4	874781004
119	1244	3	874781037
119	254	2	874781037
594	515	5	874781050
119	595	3	874781067
119	986	3	874781068
594	127	4	874781076
594	181	3	874781076
594	14	4	874781173
594	126	3	874781173
119	492	5	874781198
119	11	5	874781198
119	1261	4	874781198
119	56	4	874781198
119	1153	5	874781198
594	221	4	874781207
119	213	5	874781257
119	96	5	874781257
119	194	5	874781257
119	174	4	874781303
119	182	4	874781303
119	168	5	874781351
119	82	2	874781352
119	89	4	874781352
119	511	5	874781407
119	210	5	874781407
119	64	4	874781460
119	1260	5	874781547
119	486	4	874781547
119	655	5	874781628
119	22	4	874781698
119	188	4	874781742
119	382	5	874781742
119	1101	5	874781779
119	31	5	874781779
119	70	3	874781829
119	87	5	874781829
119	193	4	874781872
119	12	3	874781915
119	568	4	874781915
119	124	4	874781994
119	199	5	874781994
119	385	5	874781994
119	28	5	874782022
119	154	5	874782022
119	86	4	874782068
119	697	5	874782068
119	23	3	874782100
119	658	5	874782127
119	716	5	874782190
119	449	5	874782190
119	172	4	874782191
119	132	5	874782228
594	50	3	874783018
594	15	4	874783052
594	222	4	874783052
594	744	3	874783298
594	276	3	874783470
594	237	3	874784095
23	323	2	874784266
23	181	4	874784337
23	713	4	874784337
23	250	4	874784338
23	7	4	874784385
23	124	5	874784440
23	14	4	874784440
23	919	5	874784440
23	50	4	874784440
23	116	5	874784466
23	19	4	874784466
23	109	3	874784466
23	13	4	874784497
23	408	5	874784538
23	100	5	874784557
23	283	4	874784575
23	1	5	874784615
23	405	4	874784638
23	224	5	874784638
23	151	3	874784668
23	546	3	874784668
23	235	1	874784712
23	472	2	874784972
23	597	3	874785024
23	202	3	874785165
23	961	5	874785165
23	518	5	874785194
23	357	3	874785233
23	56	4	874785233
23	433	5	874785233
23	170	4	874785348
23	522	4	874785447
23	603	4	874785448
23	275	5	874785474
23	8	4	874785474
23	59	4	874785526
23	238	5	874785526
23	414	3	874785526
23	175	5	874785526
23	705	4	874785526
23	96	4	874785551
23	154	3	874785552
23	228	4	874785582
23	89	5	874785582
23	504	4	874785624
23	55	4	874785624
23	234	2	874785624
23	174	4	874785652
23	213	3	874785675
23	214	3	874785701
23	183	3	874785728
23	479	5	874785728
23	132	4	874785756
23	185	4	874785756
23	171	5	874785809
23	1006	3	874785809
23	32	3	874785809
23	230	4	874785809
23	176	3	874785843
23	512	5	874785843
23	463	4	874785843
23	642	3	874785843
23	209	5	874785843
23	172	4	874785889
23	710	4	874785889
23	652	4	874785926
23	83	4	874785926
23	144	3	874785926
23	527	4	874785926
23	102	3	874785957
23	79	4	874785957
23	367	4	874785957
23	189	5	874785985
23	194	4	874786016
23	98	5	874786016
23	418	4	874786037
23	143	3	874786066
23	99	4	874786098
23	134	4	874786098
23	629	4	874786098
23	387	3	874786098
23	204	3	874786122
23	133	4	874786220
23	95	4	874786220
23	145	3	874786244
276	258	5	874786337
276	300	4	874786338
276	294	4	874786366
276	328	4	874786366
276	322	3	874786392
276	323	3	874786392
276	288	4	874786392
276	325	3	874786419
276	324	4	874786419
276	358	3	874786419
276	678	3	874786419
23	153	4	874786438
276	260	3	874786439
913	4	4	874786460
23	385	4	874786462
276	298	5	874786467
276	919	4	874786467
276	508	5	874786467
276	408	5	874786467
276	181	5	874786488
23	423	3	874786488
23	211	4	874786512
23	70	2	874786513
276	7	5	874786517
276	273	4	874786517
276	628	4	874786538
276	117	4	874786568
276	546	3	874786568
276	127	5	874786568
276	1	5	874786568
276	151	5	874786568
276	276	4	874786605
276	100	5	874786605
276	547	4	874786605
276	284	4	874786605
276	591	3	874786632
276	249	4	874786632
276	696	2	874786632
276	471	4	874786657
276	257	4	874786657
276	123	4	874786657
594	520	4	874786664
594	357	4	874786664
276	109	4	874786686
276	410	4	874786686
276	25	4	874786686
276	246	4	874786686
276	147	4	874786686
276	293	4	874786686
594	483	3	874786695
276	455	4	874786713
276	1016	3	874786713
276	240	4	874786713
276	235	4	874786734
23	203	4	874786746
276	237	5	874786756
276	742	4	874786756
276	475	5	874786756
23	421	5	874786770
23	511	5	874786770
276	685	4	874786784
276	250	4	874786784
276	1010	3	874786784
23	28	3	874786793
276	845	4	874786807
276	823	3	874786807
276	411	4	874786807
276	473	4	874786831
276	406	2	874786831
276	290	4	874786854
276	225	3	874786854
276	458	4	874786854
276	125	4	874786876
276	1129	4	874786876
23	62	3	874786880
276	121	4	874786897
276	840	3	874786897
23	747	3	874786903
276	108	3	874786924
276	148	3	874786924
276	150	4	874786924
276	3	3	874786924
23	196	2	874786926
276	974	2	874786945
23	162	3	874786950
276	118	3	874786964
23	528	4	874786974
23	195	4	874786993
276	252	3	874787006
276	825	3	874787006
23	73	3	874787016
23	161	2	874787017
276	405	3	874787044
276	1028	3	874787044
23	155	3	874787059
276	993	3	874787065
276	281	3	874787065
23	449	2	874787083
276	977	2	874787090
276	1245	3	874787091
276	472	3	874787109
23	526	3	874787116
23	215	2	874787116
23	217	2	874787144
276	597	3	874787150
276	1013	3	874787150
276	122	3	874787150
23	229	3	874787162
276	930	2	874787172
276	120	2	874787172
276	21	3	874787195
276	595	2	874787195
23	419	3	874787204
23	216	4	874787204
276	763	3	874787214
276	456	2	874787237
23	451	2	874787256
23	856	4	874787288
276	1079	2	874787300
23	516	4	874787330
23	655	3	874787330
23	381	4	874787350
276	192	5	874787353
276	180	5	874787353
276	214	5	874787353
276	1006	3	874787353
23	90	2	874787370
276	175	5	874787376
532	761	4	874787387
276	47	4	874787407
276	12	5	874787407
276	582	3	874787407
276	27	3	874787407
23	88	3	874787410
276	469	4	874787441
276	135	5	874787441
276	160	4	874787441
276	28	4	874787441
276	64	5	874787441
23	82	3	874787449
276	23	5	874787467
276	65	4	874787467
276	806	4	874787467
276	318	5	874787496
276	523	4	874787496
276	22	5	874787496
276	11	5	874787497
276	357	5	874787526
276	461	4	874787526
276	57	3	874787526
276	558	4	874787526
276	387	3	874787526
276	197	5	874787549
276	97	3	874787549
276	182	5	874787549
23	173	5	874787587
23	1005	3	874787647
23	227	3	874787738
23	380	5	874787774
23	404	4	874787860
23	739	2	874787861
23	662	3	874788045
23	219	1	874788187
23	549	3	874788290
23	1004	3	874788318
23	780	1	874788388
23	679	3	874788443
532	227	4	874788566
532	143	4	874788755
851	748	3	874788804
532	1221	5	874788957
23	386	4	874789001
851	1047	3	874789005
851	1009	2	874789084
851	924	4	874789109
532	1199	3	874789155
23	427	5	874789279
23	530	4	874789279
23	71	3	874789299
532	38	3	874789332
532	451	4	874789474
532	795	2	874789538
532	1228	3	874789704
532	105	3	874789704
532	1207	2	874790439
532	831	2	874790629
532	1046	4	874790629
276	157	5	874790773
276	1141	3	874790773
276	223	5	874790773
276	531	4	874790801
532	554	4	874790813
276	772	4	874790826
276	70	4	874790826
276	470	3	874790855
276	939	3	874790855
276	1194	3	874790875
276	693	4	874790903
276	647	4	874790903
276	732	4	874790903
276	423	5	874790926
532	1337	3	874790930
276	193	4	874790952
276	429	5	874790972
276	39	3	874790995
276	69	4	874790996
276	392	3	874790996
532	1188	4	874790998
276	54	3	874791025
276	51	3	874791025
276	1220	4	874791048
276	425	4	874791101
276	356	3	874791101
276	81	4	874791101
276	86	3	874791101
276	187	5	874791102
276	179	5	874791102
276	1267	4	874791102
276	526	4	874791123
276	215	4	874791145
276	46	3	874791145
276	58	4	874791169
276	569	4	874791169
276	291	3	874791169
532	771	3	874791172
276	549	3	874791194
276	658	4	874791194
276	239	4	874791194
276	715	3	874791194
276	735	4	874791214
276	382	4	874791236
276	317	4	874791257
276	655	4	874791297
276	697	2	874791316
276	365	3	874791339
276	375	1	874791339
276	1482	4	874791383
276	380	3	874791383
276	43	1	874791383
276	1213	1	874791407
276	402	3	874791407
532	1428	4	874791420
276	583	3	874791444
276	720	2	874791464
276	803	2	874791487
276	1232	3	874791488
532	1426	3	874791506
276	76	4	874791506
276	1135	4	874791527
276	56	5	874791623
276	789	3	874791623
276	168	5	874791623
276	42	4	874791623
276	8	4	874791623
276	4	4	874791623
276	153	4	874791667
276	367	3	874791667
276	204	5	874791667
276	209	4	874791667
532	721	4	874791671
276	786	3	874791694
276	959	4	874791695
276	154	4	874791747
532	929	3	874791786
532	734	3	874791786
276	564	3	874791805
276	73	3	874791805
276	746	4	874791806
276	854	4	874791806
276	1118	4	874791830
532	592	3	874791850
276	428	4	874791870
276	85	3	874791871
276	202	4	874791871
276	721	3	874791871
276	40	3	874791871
276	1140	2	874791894
276	17	4	874791894
276	796	1	874791932
276	158	3	874791932
276	274	3	874791960
276	72	4	874791960
276	692	4	874791960
276	433	4	874791960
276	88	3	874791960
532	364	3	874791976
532	545	2	874791976
276	173	5	874791993
276	66	3	874791993
276	67	3	874791993
276	709	4	874792018
276	186	5	874792018
276	33	4	874792018
532	411	3	874792031
276	1218	4	874792040
276	393	4	874792094
276	210	4	874792094
276	388	2	874792094
276	401	3	874792094
276	232	3	874792094
276	396	4	874792118
276	571	2	874792118
532	369	3	874792142
276	783	1	874792143
276	780	3	874792143
276	63	3	874792168
276	384	3	874792189
821	294	4	874792194
276	451	3	874792216
532	139	5	874792232
276	80	3	874792237
276	41	3	874792277
276	728	2	874792277
821	1084	5	874792285
821	100	2	874792285
276	575	2	874792310
276	409	3	874792310
276	407	2	874792310
276	55	4	874792366
276	89	5	874792366
276	174	5	874792366
276	24	4	874792366
821	14	4	874792369
821	275	5	874792369
276	144	5	874792401
276	176	5	874792401
276	82	4	874792402
276	183	5	874792402
276	241	4	874792402
821	476	4	874792403
276	172	5	874792435
276	96	5	874792435
276	2	4	874792436
276	79	4	874792436
276	684	4	874792436
276	233	3	874792436
276	128	4	874792436
821	117	3	874792442
276	195	5	874792483
276	161	3	874792483
276	636	4	874792483
276	265	4	874792483
276	229	3	874792483
276	68	4	874792483
821	237	5	874792491
821	763	3	874792491
276	540	1	874792519
276	541	3	874792520
276	226	4	874792520
276	665	3	874792520
276	449	2	874792520
276	679	3	874792520
821	284	3	874792521
821	181	4	874792521
276	385	4	874792547
276	188	4	874792547
276	184	4	874792547
276	686	3	874792547
276	576	3	874792547
821	126	5	874792570
821	993	4	874792570
276	62	2	874792574
276	38	3	874792574
276	550	4	874792574
821	845	5	874792591
276	397	1	874792601
276	566	4	874792601
276	802	3	874792634
276	831	3	874792634
276	1416	3	874792634
276	743	1	874792634
276	450	1	874792634
276	399	2	874792634
821	148	3	874792650
276	218	4	874792663
276	185	4	874792663
276	98	5	874792663
276	447	4	874792663
276	200	5	874792663
276	559	4	874792663
276	164	4	874792663
276	217	4	874792692
276	672	3	874792692
276	219	4	874792692
276	5	3	874792692
276	448	4	874792692
276	145	3	874792692
276	443	4	874792692
821	459	5	874792698
276	436	4	874792711
276	561	2	874792745
276	379	3	874792745
276	800	3	874792745
821	121	3	874792752
821	471	4	874792752
276	669	1	874792767
276	551	3	874792767
821	274	5	874792778
276	816	2	874792793
276	773	3	874792794
276	567	3	874792794
821	1	5	874792813
821	473	3	874792813
821	15	5	874792835
276	463	4	874792839
276	969	4	874792839
276	95	5	874792839
276	432	5	874792839
821	125	4	874792860
276	141	4	874792870
276	418	4	874792870
276	404	4	874792870
276	71	4	874792870
276	755	3	874792870
276	143	5	874792870
821	151	4	874792889
821	1197	5	874792889
276	588	4	874792907
276	417	4	874792907
276	99	4	874792907
276	419	5	874792907
276	627	3	874792907
276	420	4	874792945
276	142	3	874792945
276	951	3	874792969
276	624	2	874792969
276	843	4	874792989
821	1060	5	874793022
821	405	4	874793022
821	597	3	874793022
276	501	4	874793035
276	1031	2	874793035
276	1035	3	874793035
276	1091	3	874793035
821	111	4	874793049
276	415	3	874793062
276	820	3	874793062
276	426	3	874793092
276	768	3	874793118
821	742	4	874793130
821	106	2	874793196
276	794	2	874793198
821	118	3	874793218
821	281	3	874793218
821	318	5	874793368
821	22	5	874793418
821	28	5	874793469
821	389	5	874793469
821	180	5	874793517
821	79	5	874793517
821	357	5	874793517
821	483	5	874793517
821	495	5	874793574
821	234	5	874793574
821	509	5	874793574
821	705	5	874793649
821	64	5	874793649
821	427	5	874793649
821	174	5	874793773
821	560	3	874793773
821	435	4	874793773
821	213	5	874793806
821	98	5	874793847
821	56	5	874793847
821	97	5	874793848
821	504	4	874793848
821	707	5	874793848
532	1240	2	874793852
821	161	4	874793898
821	132	5	874793898
821	95	5	874793898
821	484	5	874793898
821	70	4	874793933
821	71	5	874793969
532	1407	2	874794386
532	407	2	874794386
276	747	4	874795448
276	421	4	874795500
276	739	2	874795538
276	807	2	874795574
276	1073	3	874795613
276	603	5	874795613
532	1496	2	874795634
276	159	3	874795637
276	44	3	874795637
276	31	4	874795704
276	156	5	874795704
276	1253	1	874795729
276	653	5	874795729
276	77	3	874795751
276	1157	2	874795772
276	1046	3	874795772
276	1090	1	874795795
276	771	2	874795795
276	552	3	874795795
276	1042	1	874795823
276	572	3	874795823
276	1273	2	874795823
276	554	2	874795823
276	462	4	874795868
276	634	4	874795888
276	171	4	874795928
276	198	5	874795949
532	412	2	874795951
276	207	4	874795988
276	206	5	874795988
276	1131	3	874796116
532	834	4	874796151
276	1056	4	874796201
276	29	3	874796373
276	231	3	874796373
276	254	2	874796373
532	1502	1	874796400
276	1314	3	874796412
276	631	3	874796412
276	759	1	874796412
532	450	2	874796421
291	288	5	874805453
291	324	1	874805453
291	245	2	874805577
291	325	4	874805610
291	237	4	874805668
291	129	5	874805699
291	475	5	874805699
291	147	4	874805768
291	9	5	874805804
291	844	5	874805804
291	181	5	874805804
291	50	5	874805860
291	235	2	874805860
291	508	5	874805892
291	1012	4	874805892
291	1067	4	874805892
291	249	4	874805893
291	250	4	874805927
291	244	2	874805927
291	619	3	874805927
291	742	3	874805927
291	93	4	874805927
291	455	5	874805958
291	106	4	874805958
291	546	3	874805958
291	121	2	874805984
291	405	4	874805984
291	985	3	874805984
291	123	4	874806006
259	181	4	874809057
259	317	5	874809057
259	98	4	874809091
259	12	5	874809192
259	97	4	874809292
851	984	3	874809850
157	286	5	874813268
157	515	5	874813477
157	150	5	874813703
157	1	5	874813703
157	1302	5	874813703
157	293	5	874813703
157	235	5	874813703
817	258	3	874815541
817	300	3	874815542
817	876	4	874815542
817	288	4	874815593
817	294	4	874815593
817	327	4	874815593
817	329	4	874815649
817	748	4	874815649
817	328	4	874815679
817	358	4	874815679
817	245	2	874815789
817	289	2	874815789
817	324	2	874815789
817	928	3	874815835
817	222	4	874815835
817	1	4	874815835
817	121	3	874815835
817	9	3	874815836
817	129	4	874815836
817	15	3	874815836
817	273	5	874815885
817	124	4	874815885
817	7	4	874815885
817	147	3	874815947
817	924	3	874815947
817	455	3	874815947
817	405	3	874815947
817	546	4	874815947
817	117	5	874815947
817	24	4	874815947
817	118	3	874815947
817	597	2	874816007
817	840	2	874816007
817	363	3	874816007
817	281	4	874816007
817	831	1	874816007
195	753	3	874824313
195	386	2	874825826
195	771	2	874825826
195	384	2	874825826
195	779	2	874825826
195	1407	2	874825826
195	1414	2	874825826
195	67	2	874825826
195	1415	1	874825827
756	258	3	874826502
756	300	4	874826502
756	173	3	874826565
756	1	4	874826629
756	1149	5	874827023
756	171	4	874827062
756	275	3	874827103
756	1009	4	874827247
756	30	4	874827283
756	256	4	874827486
893	258	3	874827508
893	288	3	874827526
893	323	2	874827595
756	367	4	874827614
893	298	4	874827623
893	1	5	874827725
756	235	3	874827755
756	8	4	874827755
893	294	3	874827789
893	69	5	874827818
756	135	2	874827884
756	731	3	874827920
893	259	3	874827960
756	92	3	874828027
756	289	4	874828027
893	237	4	874828097
893	1012	3	874828163
756	1652	1	874828198
756	527	3	874828242
756	1274	2	874828278
893	358	2	874828296
893	260	2	874828296
893	264	3	874828296
756	1119	4	874828349
893	286	4	874828384
756	71	3	874828391
756	9	2	874828453
893	781	3	874828569
893	147	3	874828569
756	50	4	874828592
756	22	3	874828592
756	228	3	874828640
756	96	4	874828640
893	410	4	874828649
893	24	4	874828649
756	89	4	874828769
893	476	3	874828772
893	117	4	874828772
893	845	3	874828772
893	1245	2	874828812
756	117	4	874828826
756	403	2	874828826
756	147	4	874828826
756	176	4	874828826
893	118	4	874828864
893	405	5	874828864
893	240	4	874828864
893	125	3	874828864
893	471	4	874828897
756	210	4	874828902
756	568	3	874828903
756	399	2	874828967
756	118	2	874828967
756	195	3	874828967
756	222	2	874828967
893	976	1	874828981
756	230	3	874829010
893	235	3	874829035
893	411	3	874829056
893	928	3	874829129
756	554	1	874829152
756	121	3	874829152
756	550	2	874829152
893	820	3	874829161
893	290	3	874829161
756	3	1	874829174
893	220	3	874829187
893	597	4	874829230
893	412	3	874829249
893	122	2	874829249
756	95	3	874829258
756	588	4	874829258
756	99	3	874829258
756	432	4	874829258
893	148	3	874829287
893	1215	3	874829287
756	501	3	874829296
756	473	3	874829296
756	418	3	874829333
756	1240	4	874829333
893	819	3	874829355
756	420	4	874829373
893	151	4	874829427
756	197	2	874829446
756	97	3	874829484
756	421	4	874829637
756	274	3	874829637
756	155	4	874829637
756	111	4	874829670
756	66	4	874829705
893	77	4	874829706
893	426	4	874829733
893	56	5	874829733
756	739	4	874829743
756	88	1	874829743
893	11	4	874829753
893	172	5	874829883
893	50	5	874829883
756	642	2	874829924
756	591	4	874829924
756	159	4	874829924
756	234	3	874829924
893	246	3	874829968
756	79	4	874829990
756	742	3	874830026
756	860	1	874830068
893	144	4	874830101
756	226	3	874830103
893	161	5	874830122
893	759	3	874830137
893	724	3	874830160
893	531	4	874830160
756	566	4	874830168
756	983	2	874830305
893	121	4	874830313
893	96	4	874830314
893	1218	3	874830338
756	930	3	874830344
756	123	2	874830344
893	849	3	874830372
893	815	3	874830372
893	771	3	874830424
756	53	3	874830432
756	419	3	874830513
756	151	4	874830550
756	755	3	874830598
756	423	3	874830675
756	82	3	874830748
756	622	3	874830790
756	1031	2	874830819
756	138	2	874830864
756	225	1	874830864
756	63	3	874830908
756	404	3	874830908
756	91	3	874830954
756	409	2	874830998
756	383	3	874831050
756	398	3	874831050
756	161	3	874831194
756	141	3	874831227
756	122	1	874831227
756	183	4	874831383
756	1060	4	874831383
756	1074	4	874831383
756	181	4	874831383
756	919	5	874831383
756	402	4	874831383
756	178	5	874831383
756	143	5	874831383
756	100	5	874831383
756	603	5	874831383
756	245	3	874832096
756	323	3	874832096
756	325	3	874832132
756	753	2	874832788
756	435	3	874832788
291	262	4	874833603
291	15	5	874833668
291	293	5	874833668
291	151	5	874833668
291	284	4	874833687
291	273	3	874833705
291	240	4	874833726
291	471	4	874833746
291	285	4	874833746
291	282	4	874833788
291	1016	4	874833827
291	763	4	874833841
291	597	3	874833857
291	756	3	874833878
291	118	2	874833878
291	1017	4	874833911
291	823	3	874833936
291	3	3	874833936
291	933	4	874833936
291	824	4	874833962
291	924	4	874833962
291	974	1	874833962
291	825	4	874833983
291	290	4	874834001
291	125	4	874834019
291	1277	4	874834019
291	760	2	874834037
291	291	5	874834054
291	413	4	874834054
291	977	2	874834071
291	236	4	874834128
291	975	2	874834146
291	456	3	874834165
291	1047	2	874834165
291	1215	1	874834184
291	411	4	874834220
291	833	3	874834236
291	460	5	874834254
291	685	5	874834254
291	122	3	874834289
291	829	2	874834308
291	1376	3	874834323
291	1244	4	874834345
291	1059	4	874834345
291	834	3	874834358
291	369	3	874834388
291	717	3	874834388
291	928	2	874834389
291	21	2	874834389
291	24	5	874834481
291	246	5	874834481
291	1	5	874834481
291	117	5	874834481
291	124	5	874834481
291	294	5	874834481
291	7	5	874834481
291	410	5	874834481
291	100	5	874834481
291	741	5	874834481
291	56	5	874834701
291	98	5	874834701
291	1073	5	874834701
291	12	5	874834701
291	55	4	874834735
291	234	4	874834735
291	943	4	874834735
291	470	3	874834768
291	939	4	874834768
291	1109	4	874834768
291	31	4	874834768
291	466	5	874834768
291	156	5	874834768
291	79	5	874834799
291	770	4	874834799
291	566	4	874834799
291	77	4	874834799
291	636	4	874834799
291	218	4	874834799
291	5	5	874834799
291	773	3	874834827
291	581	5	874834827
291	379	3	874834827
291	53	5	874834827
291	33	4	874834850
291	17	4	874834850
291	1217	3	874834850
291	164	4	874834875
291	356	4	874834875
291	1046	4	874834875
291	1083	3	874834876
291	592	3	874834895
291	226	5	874834895
291	1471	3	874834914
291	761	3	874834914
291	38	3	874834914
291	800	2	874834944
291	1042	4	874834944
291	572	3	874834944
291	573	4	874834944
291	1253	3	874834944
291	1157	3	874834944
291	552	3	874834963
291	54	4	874834963
291	1077	4	874834963
291	231	3	874835024
291	11	4	874835024
291	27	3	874835024
291	172	5	874835062
291	22	5	874835062
291	128	4	874835062
291	96	4	874835062
291	4	4	874835062
291	174	5	874835062
291	144	5	874835091
291	92	4	874835091
291	82	4	874835116
291	89	3	874835116
291	568	4	874835141
291	385	4	874835141
291	540	3	874835141
291	1188	4	874835165
291	403	4	874835165
291	686	5	874835165
291	195	4	874835165
291	232	4	874835198
291	184	4	874835198
291	188	3	874835198
291	576	4	874835198
291	550	4	874835218
291	391	1	874835242
291	578	4	874835242
291	562	4	874835242
291	1239	2	874835279
291	1303	3	874835279
276	871	2	874836608
276	1244	3	874836608
276	975	3	874836629
276	928	3	874836629
276	1011	3	874836682
276	931	2	874836682
276	104	1	874836682
276	479	5	874836703
276	949	3	874836725
933	318	4	874853605
933	132	3	874853605
933	64	5	874853605
933	475	2	874853605
933	22	5	874853634
933	42	1	874853635
933	357	4	874853635
933	214	3	874853666
933	95	3	874853666
933	56	5	874853688
933	474	5	874853734
933	98	5	874853734
933	210	3	874853734
933	160	3	874853755
933	153	3	874853779
933	317	4	874853779
933	238	2	874853819
933	79	3	874853819
933	183	4	874853819
933	735	3	874853846
933	168	3	874853869
933	127	5	874853898
933	11	4	874853899
933	193	4	874853927
933	508	3	874853927
933	100	5	874853927
933	89	4	874853957
933	234	3	874853957
933	789	4	874853957
933	523	4	874853957
933	28	4	874853977
933	151	4	874853977
933	69	4	874854009
933	1070	2	874854031
933	215	3	874854031
933	166	3	874854062
933	515	3	874854062
933	651	3	874854081
933	39	3	874854100
933	181	2	874854100
933	156	4	874854135
933	194	4	874854135
933	12	4	874854135
933	179	5	874854135
933	97	2	874854161
933	52	3	874854161
933	159	3	874854190
933	367	4	874854190
933	7	4	874854190
933	228	4	874854217
933	583	3	874854217
933	219	1	874854217
933	433	1	874854251
933	435	4	874854251
933	125	4	874854251
933	211	4	874854251
933	1	3	874854294
933	284	2	874854294
933	187	4	874854294
933	176	3	874854315
933	230	3	874854338
933	654	4	874854338
933	410	3	874854383
933	4	3	874854383
933	50	4	874854383
933	21	1	874854383
933	9	3	874854402
933	652	3	874854424
933	483	4	874854424
933	135	4	874854444
933	175	4	874854444
933	164	2	874854461
933	467	3	874854479
933	25	2	874854589
933	195	4	874854589
933	470	4	874854611
933	471	3	874854611
933	73	4	874854629
933	732	3	874854651
933	392	3	874854652
933	209	2	874854678
933	447	2	874854678
933	218	3	874854678
933	88	3	874854696
933	265	4	874854697
933	204	3	874854723
933	87	4	874854723
933	180	5	874854723
933	174	4	874854745
933	202	2	874854745
933	746	4	874854762
933	222	1	874854783
933	200	4	874854783
933	823	2	874854813
933	182	4	874854853
933	226	2	874854874
933	627	2	874854874
933	196	4	874854932
933	157	4	874854932
933	144	4	874854932
933	1017	3	874854953
933	476	2	874854953
933	62	1	874854994
933	177	4	874854994
933	70	2	874855020
933	173	3	874855020
933	96	2	874855020
933	241	2	874855069
933	273	3	874855069
933	282	3	874855104
933	53	1	874855104
933	58	3	874855121
933	121	3	874855138
543	24	3	874861639
543	742	3	874861699
543	111	4	874861699
543	508	4	874861792
543	117	3	874861792
543	118	3	874862036
543	129	4	874862036
506	475	1	874862229
506	274	4	874862229
506	363	3	874862646
506	10	2	874862734
543	179	4	874862879
543	694	4	874862966
543	134	5	874862967
543	432	4	874862967
543	153	3	874863035
543	423	3	874863035
543	191	4	874863035
543	513	4	874863035
543	1555	3	874863155
543	70	4	874863155
543	102	4	874863155
543	195	4	874863155
543	144	4	874863269
543	735	4	874863269
543	170	4	874863269
543	1073	3	874863269
543	64	4	874863336
543	664	4	874863336
543	98	4	874863336
543	165	4	874863436
543	69	4	874863436
543	1441	3	874863436
543	318	3	874863549
543	157	3	874863549
543	919	2	874863549
543	582	3	874863550
543	509	3	874863734
543	202	4	874863734
543	357	4	874863803
543	160	3	874863803
543	642	3	874863803
543	770	4	874863803
543	1099	4	874863878
543	192	4	874863878
543	183	4	874864034
543	218	3	874864034
543	463	3	874864034
543	466	4	874864094
543	462	4	874864182
543	175	3	874864182
543	647	3	874864182
543	23	4	874864183
543	60	5	874864346
543	730	3	874864346
543	114	4	874864346
543	97	3	874864346
543	531	4	874864347
543	214	3	874864421
543	528	4	874864666
543	174	4	874864666
543	216	4	874864666
543	518	3	874864736
543	684	4	874864737
543	204	4	874864737
543	443	4	874864857
543	163	4	874864870
543	200	4	874864870
543	71	4	874864870
543	194	3	874864870
543	1619	3	874865635
543	110	2	874865635
543	176	4	874865635
543	521	4	874865636
543	44	3	874865728
543	95	3	874865728
543	700	2	874865923
543	11	3	874866116
543	197	4	874866116
543	180	4	874866208
543	663	4	874866208
543	479	4	874866208
543	529	4	874866208
543	1524	4	874866319
543	238	3	874866319
543	187	4	874866535
543	709	3	874866535
543	56	5	874866535
543	66	3	874866535
543	737	3	874866535
291	200	4	874867740
291	672	3	874867741
291	448	5	874867741
291	396	4	874867757
291	558	4	874867757
291	706	3	874867785
291	219	4	874867785
291	670	5	874867785
291	567	5	874867786
291	551	2	874867824
291	563	3	874867824
291	816	3	874867852
291	774	3	874867852
291	565	2	874867852
291	223	5	874867912
291	469	5	874867912
291	175	2	874867966
291	64	5	874867994
291	48	5	874868027
291	735	4	874868027
291	212	4	874868027
291	1229	2	874868027
291	46	4	874868045
291	732	4	874868097
291	214	4	874868146
291	70	4	874868146
291	69	5	874868146
291	772	4	874868169
291	423	4	874868210
291	179	5	874868255
291	366	3	874868255
291	941	4	874868284
291	427	4	874868304
291	84	3	874868327
291	715	5	874868327
291	215	4	874868382
291	1220	5	874868382
291	569	3	874868580
291	655	4	874868629
291	555	1	874868629
291	1505	4	874868647
291	375	1	874868791
291	729	4	874871442
291	631	5	874871479
291	402	4	874871498
291	1206	3	874871551
291	365	3	874871570
291	1478	2	874871585
291	798	4	874871655
291	1213	3	874871655
291	1139	3	874871671
291	202	4	874871736
291	153	4	874871736
291	204	4	874871736
291	238	5	874871736
291	8	4	874871766
291	428	5	874871766
291	168	5	874871800
291	367	4	874871800
291	90	5	874871800
291	173	5	874871800
506	878	3	874872812
506	137	2	874872872
506	478	4	874873067
506	510	5	874873067
506	1020	4	874873067
506	367	3	874873068
506	71	5	874873068
506	234	5	874873111
506	432	4	874873112
506	523	5	874873112
506	200	4	874873112
506	463	3	874873157
506	135	5	874873157
506	174	5	874873157
506	660	3	874873157
506	48	2	874873158
506	641	5	874873158
506	95	5	874873198
506	211	4	874873198
506	518	4	874873198
506	603	5	874873198
506	194	5	874873247
506	31	4	874873247
506	772	1	874873247
506	1073	4	874873247
506	42	3	874873247
506	12	5	874873247
506	55	4	874873287
506	514	5	874873287
506	175	5	874873327
506	69	5	874873327
506	140	3	874873327
506	761	2	874873327
506	56	4	874873374
506	731	4	874873374
506	97	4	874873374
506	195	4	874873374
506	8	5	874873374
506	202	5	874873374
506	582	3	874873423
506	96	4	874873423
506	470	4	874873423
506	208	4	874873423
506	604	4	874873528
506	692	4	874873529
506	521	5	874873529
506	684	5	874873529
506	209	4	874873529
506	490	3	874873529
506	479	4	874873571
506	228	5	874873571
506	191	4	874873615
506	496	5	874873615
506	132	4	874873615
506	529	3	874873615
506	218	3	874873615
506	497	5	874873703
506	430	4	874873703
506	198	2	874873703
506	73	4	874873703
506	33	3	874873703
506	435	5	874873744
506	196	4	874873745
506	657	5	874873745
506	82	5	874873745
506	216	4	874873794
506	542	3	874873794
506	85	3	874873795
506	447	4	874873847
506	231	3	874873847
506	230	4	874873847
506	655	4	874873892
506	176	5	874873892
506	712	3	874873893
506	88	4	874873944
506	385	4	874873944
506	193	4	874873944
506	63	4	874873944
506	68	4	874873944
506	461	2	874873944
506	81	1	874874000
506	642	4	874874000
506	399	5	874874054
506	79	5	874874054
506	608	4	874874055
506	204	5	874874055
506	70	4	874874055
506	168	5	874874055
506	418	4	874874055
506	199	4	874874109
506	89	5	874874109
506	732	4	874874109
506	233	4	874874109
506	770	3	874874110
506	530	5	874874110
506	710	5	874874151
506	239	3	874874152
506	203	4	874874152
506	183	5	874874308
506	173	4	874874308
506	661	5	874874308
506	28	4	874874308
506	503	4	874874396
506	1046	4	874874396
506	417	4	874874396
506	560	3	874874458
506	403	4	874874458
506	739	4	874874525
506	611	5	874874525
506	516	4	874874525
506	517	2	874874585
506	945	4	874874585
506	380	4	874874585
506	425	4	874874585
506	747	2	874874629
506	356	3	874874630
506	465	4	874874630
506	181	5	874874676
506	66	4	874874676
506	443	4	874874760
506	205	5	874874760
506	1219	2	874874760
506	972	3	874874760
506	855	4	874874802
506	72	3	874874802
506	46	3	874874802
506	393	3	874874802
506	2	4	874874850
506	581	2	874874850
506	241	2	874874850
506	423	5	874874850
506	77	3	874874850
506	44	4	874874850
506	607	4	874874851
506	29	2	874874894
506	62	3	874874894
506	67	3	874874894
506	229	4	874874895
506	663	4	874874947
506	5	4	874874947
506	646	4	874874947
506	53	4	874874985
506	58	4	874874985
506	186	4	874875062
506	951	3	874875062
506	227	4	874875062
506	796	3	874875062
506	836	4	874875062
506	746	5	874875062
506	580	3	874875062
506	47	4	874876486
506	755	4	874876486
506	525	4	874876486
506	654	4	874876486
506	715	2	874876486
506	86	3	874876551
506	92	3	874876551
506	792	2	874876598
506	434	4	874876599
506	94	3	874876599
506	90	2	874876599
506	693	4	874876651
506	54	4	874876651
506	489	4	874876651
291	85	2	874877699
933	216	3	874938239
933	710	2	874938309
933	163	2	874938309
933	232	1	874938354
933	393	2	874938371
933	154	2	874938389
933	934	1	874938412
933	239	3	874938412
933	959	1	874938430
933	67	1	874938430
933	1188	1	874938474
933	94	1	874938475
933	105	2	874938475
933	384	1	874938475
933	167	2	874938491
933	451	1	874938507
933	72	3	874938538
933	63	2	874938563
933	186	4	874938563
933	1183	3	874938596
933	1028	2	874938620
933	575	1	874938620
933	866	2	874938620
933	388	1	874938620
933	1037	1	874938620
933	734	2	874938644
933	765	1	874938644
933	763	3	874938644
933	110	1	874938664
933	940	1	874938664
933	80	2	874938689
933	411	2	874938689
933	577	1	874938705
933	1246	1	874938728
933	1110	3	874938728
933	585	1	874938728
933	561	3	874938808
933	452	1	874938808
933	559	2	874938808
933	441	2	874938833
933	453	1	874938833
933	424	1	874938833
933	569	1	874938850
933	184	1	874938850
933	665	1	874938878
933	834	1	874938878
933	233	2	874939008
933	172	2	874939031
933	231	1	874939031
933	679	1	874939078
933	229	1	874939078
933	227	1	874939078
933	161	2	874939105
933	636	2	874939105
933	546	2	874939105
933	403	3	874939105
933	82	3	874939130
933	399	3	874939157
933	405	3	874939157
933	117	2	874939157
933	550	1	874939185
933	38	2	874939185
933	576	1	874939185
933	385	3	874939207
933	568	2	874939207
933	449	1	874939207
933	391	1	874939230
933	578	1	874939230
933	597	1	874939230
933	840	3	874939230
933	1228	1	874939247
506	676	1	874945513
346	748	4	874947380
346	300	5	874947380
346	366	2	874947609
346	1011	1	874947609
346	172	5	874947609
346	50	5	874947609
346	175	4	874947644
346	134	5	874947644
346	210	4	874947700
346	127	5	874947747
346	176	4	874947747
346	727	1	874947794
346	7	2	874947923
346	640	3	874947923
346	180	5	874947958
346	187	3	874948030
346	182	5	874948031
346	22	5	874948059
346	79	5	874948105
346	520	5	874948105
346	318	5	874948105
346	4	4	874948105
346	203	4	874948139
346	156	4	874948139
346	213	3	874948173
346	98	2	874948173
346	11	4	874948174
346	64	4	874948214
346	168	4	874948252
346	188	4	874948252
346	153	3	874948252
346	96	5	874948252
346	215	3	874948303
346	1039	2	874948303
346	186	3	874948303
346	143	3	874948332
346	181	5	874948332
346	183	4	874948382
346	967	2	874948426
346	100	3	874948426
346	173	3	874948475
346	211	4	874948475
346	177	4	874948476
346	470	3	874948513
346	133	5	874948513
346	742	4	874948513
346	89	4	874948513
346	842	1	874948513
346	174	5	874948547
346	55	5	874948639
346	195	5	874948703
346	121	4	874948703
346	204	4	874948730
346	273	4	874948783
346	164	3	874948824
346	455	3	874948889
346	518	4	874948889
346	233	4	874948889
346	616	1	874948890
346	515	5	874948890
346	369	3	874948890
346	97	4	874948929
346	240	1	874948929
346	684	4	874948929
346	241	4	874948929
346	732	3	874948955
346	660	2	874948979
346	159	4	874949011
346	216	3	874949011
346	658	3	874949011
346	423	4	874949057
346	237	4	874949086
346	746	3	874949116
346	394	4	874949116
346	56	5	874949217
346	54	4	874949217
346	151	4	874949244
346	88	4	874949380
346	83	4	874949923
346	642	3	874949952
346	91	1	874950029
346	276	1	874950029
346	117	4	874950054
346	76	4	874950135
346	147	4	874950172
346	561	3	874950172
346	128	2	874950208
346	12	5	874950232
346	234	2	874950291
346	739	3	874950316
346	31	4	874950383
346	685	3	874950383
346	403	3	874950383
346	161	3	874950413
346	951	2	874950463
346	184	1	874950463
346	578	2	874950463
346	1018	3	874950536
346	431	5	874950616
346	141	4	874950692
346	196	3	874950692
346	566	5	874950766
346	636	3	874950794
346	265	4	874950794
346	17	1	874950839
21	258	4	874950889
21	292	3	874950889
21	872	2	874950889
21	286	3	874950889
21	324	4	874950889
21	319	2	874950889
21	326	5	874950889
21	300	3	874950889
21	748	1	874950889
21	262	4	874950931
21	325	4	874950931
21	299	1	874950931
21	873	2	874950932
21	876	2	874950932
21	327	3	874950932
21	288	3	874950932
21	995	2	874950932
346	472	4	874950937
346	77	4	874950937
346	693	4	874950937
346	157	3	874950966
346	549	4	874950966
21	289	3	874950972
21	680	1	874950972
21	323	2	874950972
21	260	2	874950972
21	264	3	874950972
21	688	1	874950972
21	321	3	874950972
21	877	2	874950972
346	1135	4	874950993
346	38	3	874950993
21	687	2	874951005
21	988	1	874951005
21	322	3	874951005
21	328	3	874951005
21	259	2	874951005
21	874	2	874951005
21	875	4	874951005
21	678	2	874951005
21	245	1	874951006
21	261	1	874951006
346	365	1	874951029
346	809	3	874951029
21	878	2	874951039
21	990	2	874951039
21	991	2	874951039
21	989	3	874951039
21	243	2	874951039
21	263	1	874951040
21	330	4	874951040
21	984	1	874951040
21	457	1	874951054
21	948	1	874951054
21	301	4	874951054
346	363	3	874951062
346	68	3	874951062
346	541	3	874951104
21	994	2	874951104
21	50	3	874951131
21	127	5	874951188
21	9	5	874951188
21	15	4	874951188
21	408	5	874951188
21	1	5	874951244
21	473	3	874951245
21	103	1	874951245
21	240	4	874951245
21	993	4	874951245
21	844	4	874951292
21	7	5	874951292
21	100	5	874951292
21	547	2	874951292
21	406	1	874951293
21	834	1	874951293
21	413	2	874951293
21	424	1	874951293
21	370	1	874951293
21	760	1	874951293
21	758	1	874951314
21	767	1	874951314
21	985	2	874951349
21	244	4	874951349
21	992	2	874951349
21	980	2	874951349
21	273	4	874951349
21	295	3	874951349
21	591	3	874951382
21	981	2	874951382
21	123	4	874951382
21	118	1	874951382
21	129	4	874951382
21	222	2	874951382
21	298	5	874951382
21	741	3	874951382
21	696	2	874951382
21	974	3	874951416
21	121	1	874951416
21	281	2	874951416
21	983	2	874951416
21	619	2	874951416
21	977	2	874951416
21	979	2	874951416
21	931	2	874951446
21	291	3	874951446
21	975	3	874951447
21	106	2	874951447
21	925	2	874951447
21	982	1	874951482
21	986	1	874951482
21	148	1	874951482
21	930	1	874951482
21	978	1	874951483
21	717	1	874951483
21	976	1	874951483
21	820	3	874951616
21	928	3	874951616
21	987	3	874951616
21	628	3	874951616
21	358	3	874951616
21	294	3	874951616
21	742	3	874951617
21	596	3	874951617
21	242	3	874951617
21	595	3	874951617
21	854	5	874951657
21	234	5	874951657
21	671	5	874951657
21	98	5	874951657
21	185	5	874951658
21	853	5	874951658
21	320	3	874951658
21	445	3	874951658
21	201	5	874951658
21	56	5	874951658
21	558	5	874951695
21	706	2	874951695
21	637	4	874951695
21	200	5	874951695
21	164	5	874951695
21	447	5	874951695
21	817	3	874951695
21	17	4	874951695
21	670	3	874951696
21	218	4	874951696
346	72	3	874951714
346	708	3	874951714
346	944	3	874951714
21	217	3	874951727
21	448	4	874951727
21	800	1	874951727
21	635	4	874951727
21	860	2	874951727
21	672	3	874951727
21	452	4	874951727
21	441	3	874951761
21	559	1	874951761
21	443	4	874951761
21	668	1	874951761
21	669	1	874951761
21	5	2	874951761
21	561	1	874951761
21	145	1	874951761
346	673	3	874951782
346	582	3	874951783
21	564	3	874951797
21	219	5	874951797
21	453	2	874951797
21	656	5	874951797
21	839	1	874951797
21	184	4	874951797
21	773	3	874951797
21	396	2	874951798
21	440	1	874951798
21	569	3	874951820
21	439	1	874951820
21	53	4	874951820
21	379	3	874951820
21	665	3	874951858
21	436	4	874951858
21	858	1	874951858
21	437	1	874951858
21	438	1	874951858
21	567	2	874951858
21	444	3	874951859
21	859	2	874951859
21	674	2	874951897
21	675	5	874951897
21	590	1	874951898
21	565	3	874951898
21	573	2	874951898
21	816	1	874951898
21	774	2	874951898
21	551	3	874951898
21	563	2	874951898
21	769	1	874951916
130	286	5	874953239
130	326	5	874953239
130	300	5	874953239
130	321	5	874953291
130	288	5	874953291
130	876	4	874953291
130	289	5	874953291
130	294	5	874953337
130	329	4	874953337
130	330	4	874953424
130	328	4	874953525
130	261	4	874953525
130	322	4	874953525
130	678	4	874953526
130	243	2	874953526
130	245	1	874953526
130	299	3	874953526
130	358	4	874953526
130	748	4	874953526
130	258	4	874953526
130	7	5	874953557
130	508	4	874953557
130	150	5	874953558
130	100	3	874953558
130	864	2	874953595
130	1142	4	874953595
130	475	3	874953595
130	1	5	874953595
130	237	5	874953621
130	181	5	874953621
130	93	5	874953665
130	257	4	874953665
130	993	5	874953665
130	50	5	874953665
130	295	3	874953698
130	1016	4	874953698
130	246	4	874953698
130	455	4	874953728
130	763	5	874953728
130	534	5	874953728
130	235	4	874953728
130	284	2	874953728
130	248	3	874953769
130	293	5	874953769
130	222	4	874953769
130	298	5	874953769
130	255	4	874953794
130	109	3	874953794
130	111	5	874953825
130	819	3	874953825
130	596	4	874953825
130	815	3	874953866
130	24	5	874953866
130	597	4	874953866
130	756	4	874953866
130	412	4	874953866
297	258	5	874953892
297	326	2	874953892
297	286	5	874953892
297	300	3	874953892
130	685	3	874953895
130	118	4	874953895
130	117	5	874953895
130	1017	3	874953895
130	471	2	874953928
130	717	3	874953928
297	294	3	874953948
297	245	3	874954060
297	748	2	874954060
297	678	3	874954093
297	100	5	874954183
297	24	4	874954260
297	275	5	874954260
297	116	4	874954260
297	919	1	874954260
297	515	5	874954353
297	129	4	874954353
297	124	4	874954353
297	283	4	874954387
297	137	5	874954425
297	1	3	874954425
297	475	5	874954426
297	284	4	874954497
297	117	4	874954497
297	25	4	874954497
297	628	4	874954497
297	50	5	874954541
297	864	3	874954541
297	7	4	874954541
297	235	2	874954611
297	455	4	874954611
297	471	3	874954611
297	546	3	874954763
297	1007	4	874954763
297	273	4	874954763
297	20	4	874954763
297	257	3	874954763
297	298	5	874954814
297	109	4	874954814
297	248	3	874954814
297	535	3	874954814
297	293	3	874954844
297	282	3	874954845
297	222	4	874954845
297	1014	3	874954845
297	250	1	874955085
297	108	4	874955085
297	111	3	874955085
297	596	3	874955107
297	1016	3	874955131
297	288	3	874955131
297	147	3	874955183
297	13	3	874955210
297	249	3	874955210
297	508	4	874955210
712	243	4	874956228
712	762	4	874956244
712	168	2	874956357
712	178	2	874956357
712	728	4	874956384
712	627	4	874956515
712	588	4	874956515
712	625	3	874956516
712	542	4	874956543
712	1091	3	874956543
712	102	4	874956543
712	768	5	874956560
712	699	5	874956586
712	1221	4	874956641
712	366	5	874956713
712	1043	3	874956788
712	204	4	874956810
712	781	4	874956841
712	738	4	874956841
712	367	4	874956841
712	49	3	874956872
712	451	5	874956872
712	399	5	874956872
712	433	3	874956903
712	232	3	874956903
712	63	4	874956903
712	376	3	874956903
712	996	4	874956903
712	790	4	874956931
712	110	5	874956956
712	40	5	874956956
712	386	3	874956956
712	944	4	874956981
712	1037	4	874956981
712	783	3	874956981
712	1036	5	874956981
712	94	4	874957005
712	395	4	874957005
712	401	3	874957027
712	734	4	874957027
712	90	3	874957027
712	26	2	874957053
712	575	3	874957053
712	388	3	874957053
712	67	3	874957086
712	1178	4	874957086
712	1074	3	874957086
712	722	3	874957086
712	465	4	874957113
712	755	4	874957113
712	416	3	874957113
712	843	3	874957140
712	140	4	874957140
712	501	3	874957140
712	420	3	874957140
712	842	3	874957160
712	1480	4	874957161
712	415	4	874957161
712	398	4	874957179
712	400	3	874957179
712	78	4	874957207
712	794	4	874957243
712	724	3	874957268
712	796	4	874957268
712	1119	4	874957269
712	955	2	874957293
712	51	3	874957293
712	143	5	874957306
621	692	4	874962614
621	393	3	874962705
621	73	5	874962772
621	88	2	874962772
621	1118	3	874962824
621	33	4	874962824
621	780	4	874962824
621	208	4	874962824
621	367	3	874962900
621	72	2	874962900
621	585	4	874962988
621	4	4	874962988
621	746	4	874963028
621	451	1	874963028
621	94	2	874963081
621	790	4	874963081
621	384	3	874963081
621	721	4	874963126
621	386	3	874963126
621	80	4	874963126
621	944	5	874963126
621	940	3	874963166
621	383	2	874963166
621	401	1	874963210
621	1029	2	874963210
621	41	4	874963273
621	783	3	874963273
621	40	3	874963273
621	795	1	874963273
621	63	1	874963445
621	577	3	874963446
621	364	3	874963446
621	1036	1	874963446
621	55	5	874963594
621	183	4	874963594
621	79	5	874963594
621	385	5	874963797
621	176	3	874963797
621	96	5	874963797
621	568	5	874963797
621	82	5	874964267
621	184	3	874964267
621	233	3	874964375
621	231	4	874964375
621	161	3	874964447
621	38	3	874964495
621	62	4	874964496
621	53	4	874964496
621	241	4	874964604
621	578	5	874964604
621	398	2	874964605
621	541	4	874964605
621	576	2	874964605
621	810	3	874964657
621	540	3	874964657
621	391	3	874964657
621	554	4	874964657
621	200	4	874964816
621	559	5	874964915
621	561	4	874964945
621	769	3	874964991
621	567	3	874964991
621	542	2	874965093
621	432	4	874965093
621	624	5	874965093
621	419	4	874965093
621	584	5	874965094
621	143	2	874965208
621	588	3	874965208
621	71	3	874965208
621	420	4	874965298
621	418	3	874965298
621	417	3	874965299
621	142	3	874965299
621	91	3	874965299
621	625	4	874965299
621	755	3	874965299
621	501	3	874965299
621	174	3	874965407
621	172	5	874965407
621	50	5	874965407
621	173	4	874965407
621	8	5	874965407
621	28	4	874965408
621	87	5	874965408
621	181	5	874965408
1	168	5	874965478
1	172	5	874965478
621	404	3	874965496
1	165	5	874965518
1	156	4	874965556
1	166	5	874965677
1	196	5	874965677
1	187	4	874965678
1	250	4	874965706
1	14	5	874965706
1	127	5	874965706
1	109	5	874965739
1	117	3	874965739
1	181	5	874965739
1	1	5	874965758
1	246	5	874965905
1	50	5	874965954
1	248	4	874965954
1	257	4	874965954
1	253	5	874965970
1	249	4	874965970
860	300	4	874967063
860	286	4	874967063
860	262	4	874967063
276	1145	2	874977115
276	809	2	874977245
276	769	1	874977334
276	590	2	874977334
276	563	3	874977334
276	1228	1	874977422
276	391	2	874977442
276	431	3	874977474
276	1110	3	874977474
276	586	3	874977512
276	1239	1	874977512
276	373	2	874977513
276	1274	1	874977513
276	1407	1	874977513
276	779	2	874977513
276	1413	1	874977513
276	101	4	874977555
276	189	4	874977555
276	169	5	874977555
276	1240	4	874977579
342	324	1	874984002
342	326	1	874984002
342	319	4	874984002
342	286	4	874984002
342	327	4	874984025
342	262	2	874984025
342	875	1	874984045
342	301	5	874984045
342	289	2	874984067
342	294	3	874984067
342	873	3	874984068
342	156	4	874984128
342	196	3	874984128
342	23	5	874984154
342	179	5	874984175
342	531	3	874984175
342	657	5	874984207
342	175	5	874984207
342	133	4	874984207
342	100	5	874984207
342	486	5	874984207
342	32	5	874984207
342	475	5	874984233
342	9	5	874984233
342	357	3	874984234
342	204	4	874984261
342	153	4	874984261
342	98	3	874984261
342	11	5	874984315
342	12	5	874984315
342	487	5	874984315
342	56	5	874984315
342	461	3	874984315
342	514	5	874984341
342	152	4	874984341
342	558	5	874984341
342	160	3	874984365
342	4	4	874984395
342	433	5	874984395
342	1103	3	874984395
342	135	3	874984395
342	47	5	874984430
342	584	4	874984430
342	208	4	874984430
342	220	1	874984455
342	137	2	874984455
342	248	3	874984455
342	13	3	874984480
342	813	5	874984480
342	246	4	874984480
342	1007	4	874984507
342	1368	5	874984507
342	276	3	874984531
342	150	3	874984531
342	1014	1	874984531
342	108	4	874984574
342	1010	1	874984574
342	255	4	874984574
342	1009	1	874984596
342	1016	1	874984596
342	298	3	874984619
342	287	3	874984619
342	952	3	874984619
342	293	4	874984619
342	1012	4	874984639
342	249	3	874984661
342	410	3	874984661
342	14	5	874984661
342	129	5	874984684
342	93	4	874984684
342	535	3	874984727
342	833	3	874984751
342	1160	3	874984751
342	149	5	874984788
342	844	3	874984789
342	974	2	874984789
342	508	3	874984810
342	123	5	874984832
342	237	4	874984832
342	763	3	874984854
342	1047	2	874984854
342	1094	3	874984873
342	756	3	874984895
342	274	2	874984895
342	762	2	874984914
532	301	4	874999563
346	293	3	875000499
346	291	5	875002643
346	1258	4	875002895
346	597	3	875003052
346	831	3	875003274
76	258	3	875027206
76	324	4	875027206
76	286	5	875027206
76	327	3	875027271
76	264	3	875027292
76	23	5	875027355
76	192	5	875027442
76	89	4	875027507
76	203	4	875027507
76	276	5	875027601
76	56	5	875027739
76	1006	3	875027907
76	919	3	875027945
76	70	4	875027981
76	59	4	875027981
76	60	4	875028007
76	531	4	875028007
76	1129	5	875028075
76	61	4	875028123
76	960	3	875028143
76	6	5	875028165
76	1158	4	875028190
76	98	5	875028391
76	100	5	875028391
76	197	5	875028563
76	216	4	875028624
76	421	3	875028682
76	135	5	875028792
76	175	4	875028853
76	150	5	875028880
833	288	2	875035487
833	289	1	875035487
833	324	3	875035487
833	328	2	875035534
833	262	2	875035534
833	240	4	875035624
833	1386	4	875035660
833	515	3	875035660
833	127	5	875035660
833	50	2	875035718
833	475	3	875035718
833	129	3	875035718
833	980	3	875035800
833	1187	5	875035850
833	325	4	875035885
833	1353	3	875035885
833	293	4	875035885
833	933	4	875035914
833	508	5	875035953
833	7	3	875035953
833	273	3	875035954
833	1017	4	875036017
833	93	4	875036056
833	108	2	875036102
833	628	4	875036102
833	13	2	875036139
833	591	2	875036139
833	100	4	875036169
833	24	4	875036213
833	150	3	875036213
833	181	2	875036321
833	546	2	875036354
833	298	5	875036383
833	235	4	875036418
833	1012	4	875036418
833	151	4	875036418
833	742	3	875036468
833	250	3	875036499
833	460	2	875036827
833	696	3	875036912
833	405	3	875038395
833	1335	2	875038433
833	118	2	875038483
833	174	2	875038529
833	192	5	875038529
833	195	5	875038529
833	854	4	875038529
833	642	3	875038626
833	467	2	875038626
833	641	4	875038626
833	504	4	875038671
833	206	4	875038671
833	357	4	875038709
833	153	3	875038709
833	511	4	875038742
833	154	5	875038775
833	168	5	875038775
833	156	4	875038775
833	589	5	875038807
833	55	3	875038807
833	176	2	875038850
833	11	5	875038850
833	434	3	875038888
833	730	4	875038888
833	223	4	875038888
833	1070	5	875038987
833	134	5	875038987
833	522	2	875039039
833	184	3	875039039
833	1019	5	875039039
833	518	3	875039100
833	1154	4	875039101
833	479	2	875039101
833	923	5	875039153
833	1006	1	875039153
833	64	3	875039204
833	558	4	875039204
833	385	3	875039204
833	671	5	875039204
833	182	5	875039254
833	79	3	875039254
833	204	1	875039255
833	69	2	875039326
833	208	3	875039326
833	645	3	875039416
833	185	5	875039416
833	12	5	875039416
833	653	4	875039558
833	654	5	875039558
407	189	4	875042268
407	234	3	875042268
407	484	4	875042378
407	238	5	875042378
407	474	3	875042378
407	209	5	875042378
407	168	5	875042424
407	8	5	875042425
407	496	5	875042425
407	214	4	875042466
407	519	4	875042466
407	357	4	875042569
407	69	4	875042569
407	96	3	875042569
407	134	5	875042569
407	56	5	875042569
407	153	4	875042569
407	483	4	875042642
407	478	4	875042642
407	169	5	875042642
407	174	5	875042675
407	514	4	875042675
407	28	4	875042826
407	656	4	875042865
407	175	4	875042865
407	290	3	875042865
407	100	5	875042905
407	132	4	875043800
407	188	3	875043801
407	152	4	875043826
407	173	5	875043948
407	504	3	875043948
407	89	4	875043948
407	172	4	875044037
407	603	4	875044037
407	655	4	875044037
407	210	4	875044037
407	91	4	875044337
407	211	4	875044400
407	650	2	875044400
407	217	4	875044400
407	184	4	875044473
407	98	5	875044510
407	235	4	875044531
407	180	4	875044597
407	127	3	875044597
407	185	5	875044597
407	181	3	875045027
407	227	2	875045190
407	95	3	875045190
407	479	4	875045240
407	201	4	875045240
407	684	3	875045268
407	50	4	875045268
407	68	4	875045269
407	230	4	875045371
407	205	4	875045371
407	642	2	875045627
407	403	4	875045658
407	215	3	875045658
407	385	4	875045658
407	949	3	875045685
407	200	4	875045685
407	436	3	875045814
407	746	4	875046268
407	179	3	875046427
407	525	4	875046427
407	176	4	875046427
407	498	4	875046427
407	710	4	875046460
407	71	3	875046460
407	510	4	875046752
407	157	2	875046752
407	228	4	875046799
407	183	4	875046799
407	193	3	875046799
941	300	4	875048495
941	258	4	875048495
941	294	4	875048532
941	358	2	875048581
297	277	3	875048641
941	117	5	875048886
941	408	5	875048886
941	919	5	875048887
941	298	5	875048887
941	181	5	875048887
941	257	4	875048952
941	7	4	875048952
941	993	4	875048996
941	124	5	875048996
941	763	3	875048996
941	222	2	875049038
941	273	3	875049038
941	455	4	875049038
941	475	4	875049038
941	1007	4	875049077
941	147	4	875049077
941	1	5	875049144
941	15	4	875049144
297	168	5	875049192
297	208	4	875049192
870	289	2	875050332
870	286	4	875050332
870	873	2	875050370
870	288	4	875050370
870	327	4	875050410
870	328	3	875050410
870	988	2	875050439
870	641	4	875050524
870	646	4	875050524
870	178	4	875050559
870	520	5	875050559
870	95	4	875050559
870	653	4	875050559
870	497	4	875050559
870	474	4	875050559
870	195	4	875050602
870	127	5	875050602
870	697	4	875050603
870	48	4	875050603
870	69	4	875050603
870	514	5	875050637
870	170	5	875050637
870	188	5	875050672
870	185	4	875050672
870	428	4	875050672
870	134	4	875050697
870	171	4	875050698
870	174	5	875050698
870	603	5	875050723
870	58	5	875050723
870	197	5	875050723
870	317	4	875050723
870	12	4	875050748
870	657	5	875050748
870	1073	5	875050748
870	523	5	875050774
870	479	5	875050801
870	528	4	875050801
870	654	4	875050801
870	56	5	875050826
870	489	4	875050827
870	177	4	875050827
870	50	3	875050865
870	318	5	875050865
870	131	4	875050865
870	23	4	875050865
870	655	4	875050865
870	238	4	875050865
870	244	3	875051043
870	284	2	875051072
870	7	4	875051072
870	475	5	875051100
870	273	3	875051100
870	813	4	875051101
30	259	4	875058280
30	255	4	875059984
30	164	4	875060217
30	82	4	875060217
30	319	4	875060217
30	181	4	875060217
30	780	4	875060217
30	1013	3	875060334
30	172	4	875060742
30	161	4	875060883
30	403	2	875061066
30	873	1	875061066
30	2	3	875061066
30	231	2	875061066
30	50	3	875061066
397	322	1	875063613
397	243	1	875063613
397	327	2	875063649
397	680	1	875063649
397	688	1	875063649
397	991	1	875063678
397	878	1	875063722
397	457	1	875063722
397	988	1	875063722
397	261	1	875063722
397	989	1	875063722
397	65	2	875063876
188	300	4	875071195
188	288	4	875071195
188	294	2	875071249
188	326	3	875071293
188	877	2	875071361
188	678	3	875071361
1	262	3	875071421
188	259	3	875071443
1	93	5	875071484
1	224	5	875071484
1	124	5	875071484
1	19	5	875071515
188	265	5	875071520
188	11	5	875071520
188	144	3	875071520
1	123	4	875071541
1	137	5	875071541
1	146	4	875071561
1	7	4	875071561
188	632	5	875071581
1	235	5	875071589
1	15	5	875071608
188	199	4	875071658
188	56	4	875071658
188	205	3	875071710
188	185	4	875071710
1	245	2	875071713
1	264	2	875071713
1	126	2	875071713
1	24	3	875071713
1	260	1	875071713
1	237	2	875071749
188	553	4	875071775
188	510	3	875071775
1	13	5	875071805
1	25	4	875071805
1	121	4	875071823
1	251	4	875071843
188	210	4	875071891
188	1263	3	875071891
188	97	5	875071891
188	64	5	875071891
1	240	3	875071898
1	236	4	875071898
1	118	3	875071927
188	98	5	875071957
1	130	3	875072002
188	69	4	875072009
188	483	5	875072009
188	485	3	875072087
188	764	4	875072087
1	190	5	875072125
1	65	4	875072125
1	47	4	875072125
1	31	3	875072144
188	181	3	875072148
188	864	2	875072148
1	114	5	875072173
1	28	4	875072173
1	39	4	875072173
1	52	4	875072205
188	511	2	875072211
188	187	3	875072211
1	238	4	875072235
1	11	2	875072262
1	69	3	875072262
1	199	4	875072262
1	183	5	875072262
1	161	4	875072303
1	95	4	875072303
188	77	4	875072328
188	1041	3	875072328
1	83	3	875072370
1	179	3	875072370
1	60	5	875072370
188	484	5	875072392
188	79	5	875072393
1	98	4	875072404
1	64	5	875072404
1	22	4	875072404
1	135	4	875072404
1	202	5	875072442
1	26	3	875072442
1	163	4	875072442
188	22	5	875072459
1	8	1	875072484
1	89	5	875072484
188	318	5	875072518
1	182	4	875072520
1	48	5	875072520
1	214	4	875072520
1	160	4	875072547
1	99	3	875072547
1	192	4	875072547
1	175	5	875072547
1	128	4	875072573
1	180	3	875072573
188	692	5	875072583
188	568	4	875072583
1	185	4	875072631
1	143	1	875072631
188	157	3	875072674
188	474	4	875072674
188	143	5	875072674
188	164	4	875072674
188	591	5	875072674
1	204	5	875072688
1	68	4	875072688
1	55	5	875072688
1	56	4	875072716
1	96	5	875072716
188	50	4	875072741
188	174	5	875072741
188	127	4	875072799
188	240	1	875072799
1	79	4	875072865
1	81	5	875072865
1	151	4	875072865
188	419	5	875072876
188	176	4	875072876
1	70	3	875072895
1	212	4	875072895
1	23	4	875072895
1	84	4	875072923
1	197	5	875072956
1	184	4	875072956
1	94	2	875072956
1	191	5	875072956
188	162	4	875072972
188	519	4	875072972
188	28	3	875072972
188	118	3	875072972
188	234	4	875073048
188	76	4	875073048
188	161	3	875073048
1	134	4	875073067
1	145	2	875073067
1	207	5	875073067
1	186	4	875073128
188	191	3	875073128
1	97	3	875073128
1	188	3	875073128
188	96	5	875073128
188	195	3	875073179
1	85	3	875073180
1	144	4	875073180
1	36	2	875073180
1	159	3	875073180
1	174	5	875073198
1	17	3	875073198
188	629	4	875073246
188	209	2	875073246
188	462	4	875073246
188	180	5	875073329
188	194	3	875073329
188	468	4	875073329
188	177	4	875073329
188	13	4	875073408
188	651	4	875073408
188	392	5	875073408
188	7	5	875073477
188	684	3	875073477
188	204	4	875073478
188	357	4	875073647
188	121	4	875073647
188	470	5	875073647
188	237	3	875073648
188	202	2	875073712
188	498	5	875073828
188	732	3	875073828
188	38	3	875073828
188	151	3	875073909
188	742	5	875073909
188	100	4	875074127
188	673	4	875074127
188	628	5	875074200
188	356	4	875074200
188	566	5	875074200
188	5	4	875074266
188	226	3	875074266
188	233	3	875074266
188	717	4	875074329
188	443	4	875074329
188	159	3	875074589
188	54	4	875074589
188	504	3	875074589
188	218	5	875074667
188	148	4	875074667
188	635	2	875074667
188	930	4	875074720
188	769	2	875074720
188	281	3	875074772
188	1213	2	875074847
188	928	3	875074847
188	554	2	875074891
188	153	5	875075062
188	211	4	875075062
188	792	2	875075062
188	173	5	875075118
188	66	3	875075118
188	216	5	875075300
188	88	4	875075300
188	455	4	875075432
113	242	2	875075887
113	288	3	875075887
113	289	2	875075887
113	321	3	875075887
113	258	5	875075887
113	300	3	875075887
113	319	2	875075887
113	262	2	875075983
113	322	3	875076044
113	328	5	875076044
113	678	2	875076044
113	292	3	875076105
113	324	2	875076180
113	237	3	875076246
113	116	3	875076246
113	9	3	875076307
113	124	3	875076307
113	424	1	875076357
113	50	5	875076416
113	277	3	875076416
113	742	3	875076827
113	126	5	875076827
113	7	3	875076827
113	222	3	875076872
113	246	5	875076872
113	299	5	875076986
113	327	5	875076987
291	72	4	875086090
291	49	4	875086090
291	154	4	875086185
291	66	4	875086185
291	158	2	875086208
291	393	3	875086235
291	785	4	875086308
291	1209	1	875086308
291	67	4	875086308
291	1098	4	875086330
291	80	4	875086354
291	1178	4	875086354
291	94	2	875086354
291	722	4	875086460
291	210	5	875086491
291	376	3	875086534
291	395	3	875086534
291	1028	3	875086561
291	384	4	875086562
291	1079	2	875086608
291	940	3	875086608
291	571	2	875086608
291	41	4	875086636
291	780	5	875086636
291	577	1	875086669
291	412	3	875086669
291	383	2	875086699
291	364	3	875086699
291	790	4	875086699
291	575	2	875086699
291	998	1	875086728
291	801	3	875086766
291	401	4	875086766
291	1305	3	875086766
291	1489	2	875086766
291	71	4	875086887
291	946	4	875086887
291	140	4	875086887
291	99	4	875086887
291	588	4	875086920
291	418	4	875086920
291	28	4	875086920
291	1078	4	875086920
291	143	3	875086921
291	95	4	875086921
291	417	4	875086958
291	404	4	875086958
291	755	2	875086958
291	420	4	875086991
291	627	4	875086991
291	416	4	875087100
291	501	4	875087100
291	820	4	875087125
291	101	4	875087198
291	1219	4	875087221
291	97	4	875087264
291	747	4	875087290
291	794	4	875087334
291	739	3	875087334
291	421	4	875087352
291	155	3	875087371
291	783	2	875087432
291	159	4	875087488
291	1248	4	875087634
291	1090	2	875087634
291	1273	2	875087634
291	1210	4	875087656
291	574	1	875087656
291	769	1	875087673
291	582	4	875087720
291	496	5	875088191
793	288	4	875103584
793	294	5	875103584
793	117	4	875103739
793	127	5	875103773
793	181	4	875103810
793	1014	3	875103810
793	9	3	875103810
793	237	3	875103842
793	150	4	875103842
793	844	4	875103842
793	248	4	875103875
793	1067	4	875103875
793	257	4	875103901
793	815	3	875103901
793	50	5	875103942
793	273	3	875103942
793	628	3	875103942
793	298	4	875103971
793	222	3	875103971
793	276	3	875103971
793	824	3	875104000
793	250	4	875104031
793	100	4	875104031
793	7	3	875104031
793	129	4	875104067
793	235	3	875104068
793	1142	5	875104068
793	293	4	875104091
793	1	4	875104091
793	109	4	875104119
793	118	2	875104119
793	151	5	875104142
793	1187	2	875104167
793	121	3	875104193
793	406	2	875104221
793	458	3	875104243
793	696	3	875104303
793	282	4	875104340
793	106	3	875104340
793	405	3	875104340
793	252	4	875104498
793	148	4	875104498
793	122	3	875104532
793	597	3	875104565
793	240	4	875104565
793	3	4	875104592
793	979	3	875104620
793	508	4	875104620
793	742	3	875104648
793	823	3	875104648
793	1365	2	875104718
793	685	3	875104718
793	456	3	875104752
793	591	4	875104752
793	928	3	875104864
30	29	3	875106638
407	289	3	875115339
407	194	4	875115452
407	705	4	875116117
407	97	4	875116167
407	204	3	875116964
407	371	2	875116964
407	154	5	875116964
407	737	4	875117053
407	143	4	875117053
407	433	4	875117053
407	195	4	875119886
407	135	3	875119886
346	58	3	875122112
833	474	5	875122675
833	806	4	875122675
833	56	4	875122716
833	483	4	875122716
833	22	3	875122716
833	205	4	875122814
833	163	3	875122814
833	234	3	875122884
833	183	5	875123026
833	684	3	875123195
833	32	5	875123255
833	445	4	875123299
833	177	5	875123299
833	47	5	875123299
833	98	3	875123359
833	367	3	875123359
833	197	3	875123427
833	23	5	875123427
833	646	5	875123427
833	647	4	875123427
833	1428	3	875123494
833	429	3	875123506
833	128	3	875123536
833	656	4	875123536
833	1149	4	875123677
833	198	4	875123677
833	180	5	875123677
833	135	4	875123677
833	4	3	875123781
833	640	3	875123986
833	657	4	875123986
833	616	5	875124024
833	179	5	875124181
833	433	3	875124181
833	664	3	875124225
833	238	2	875124225
833	203	5	875124299
833	443	3	875124348
833	187	5	875124348
833	919	2	875124348
833	76	2	875124382
833	943	4	875124382
833	670	1	875124428
833	89	5	875124495
833	218	4	875124495
833	58	2	875124495
833	211	3	875124495
833	521	4	875124495
833	188	4	875124495
833	448	3	875124495
833	160	5	875124535
833	175	4	875124535
833	209	5	875124604
833	860	2	875124604
833	320	4	875124647
833	378	3	875124648
756	251	4	875129238
756	55	5	875129318
422	324	5	875129523
422	258	4	875129523
422	326	3	875129523
422	286	5	875129523
422	299	1	875129602
422	327	3	875129603
422	288	3	875129640
422	358	2	875129640
422	323	3	875129668
422	260	3	875129668
422	325	2	875129692
422	294	3	875129692
422	276	5	875129791
422	273	5	875129791
422	100	4	875129791
422	124	3	875129839
422	257	4	875129839
422	127	4	875129839
422	181	4	875129839
422	1007	4	875129839
422	129	4	875129839
422	475	4	875129881
422	515	4	875129882
422	7	3	875129882
422	137	5	875129882
422	15	3	875129882
422	93	4	875129882
422	50	4	875129911
422	126	4	875129911
422	1199	3	875129975
422	117	2	875129975
422	275	5	875130026
422	919	5	875130027
422	293	3	875130027
422	477	4	875130027
422	1017	4	875130063
422	295	3	875130063
422	1	3	875130063
422	250	5	875130100
422	248	3	875130100
422	926	2	875130100
422	1187	4	875130137
422	222	4	875130137
422	235	2	875130173
422	151	4	875130173
422	922	4	875130173
422	458	3	875130173
422	717	3	875130173
422	109	2	875130204
422	742	2	875130204
422	410	5	875130230
422	237	4	875130230
833	614	2	875131539
833	655	2	875131810
833	200	4	875131847
833	1427	3	875131974
833	506	2	875132079
833	432	4	875132134
833	96	5	875132134
833	191	4	875132134
833	157	2	875132195
833	1231	4	875132237
833	597	1	875133458
833	1016	1	875133458
833	121	1	875133458
833	186	1	875133458
833	819	1	875133458
833	403	1	875133458
833	1181	1	875133458
833	544	1	875133458
833	249	1	875133458
833	517	2	875133633
833	715	2	875133633
833	26	1	875133661
833	194	3	875133840
833	523	3	875133840
833	430	4	875133840
833	202	4	875133924
833	1118	3	875133924
833	381	4	875134016
833	451	1	875134016
833	152	2	875134063
833	745	4	875134063
833	396	3	875134063
833	428	2	875134110
833	111	2	875134110
833	201	4	875134150
833	1071	3	875134150
833	33	2	875134264
833	663	3	875134317
833	940	2	875134411
833	384	3	875134724
833	72	2	875134724
833	824	1	875134843
833	67	3	875134891
833	1029	1	875134940
833	122	2	875135058
833	401	2	875135113
833	577	1	875135113
833	28	3	875135213
833	92	2	875135363
30	7	4	875140648
30	294	4	875140648
30	252	3	875140740
658	24	3	875145493
658	515	5	875145493
658	100	4	875145493
658	1079	2	875145572
658	235	2	875145572
658	276	4	875145572
658	137	3	875145572
658	9	4	875145572
658	127	5	875145614
658	408	5	875145614
658	181	3	875145614
658	1	4	875145614
658	718	3	875145667
658	475	4	875145667
658	844	3	875145667
658	257	4	875145667
658	477	3	875145750
658	129	3	875145750
658	50	4	875145750
658	919	2	875145841
658	628	3	875145841
658	7	4	875145879
658	471	4	875145879
658	117	4	875145879
658	952	2	875145926
658	458	3	875145926
658	22	4	875147448
658	171	4	875147448
658	182	5	875147448
658	467	4	875147448
658	772	3	875147591
658	32	3	875147800
658	45	5	875147800
658	98	4	875147800
658	527	5	875147800
658	429	4	875147800
658	510	3	875147800
658	96	4	875147873
658	86	4	875147873
658	960	4	875147873
658	518	4	875147873
658	201	3	875147873
658	8	5	875147873
658	42	4	875147873
658	511	4	875147935
658	192	4	875147935
658	169	5	875147935
658	603	4	875147994
658	433	4	875147994
658	1101	4	875147995
658	530	4	875147995
658	69	4	875147995
658	730	3	875147995
658	55	4	875148059
658	195	3	875148059
658	654	4	875148059
658	923	3	875148059
658	212	3	875148059
658	724	3	875148059
658	31	3	875148108
658	56	5	875148108
658	198	5	875148108
658	735	3	875148108
658	168	3	875148108
658	178	5	875148195
658	943	3	875148196
658	488	4	875148196
658	70	3	875148196
658	318	4	875148196
658	273	4	875148262
658	151	5	875148319
275	300	4	875153898
275	258	3	875154310
275	1	4	875154310
275	408	3	875154438
275	95	3	875154535
275	946	3	875154535
275	169	3	875154535
275	432	4	875154535
275	71	3	875154535
275	420	2	875154535
275	101	4	875154535
275	588	3	875154535
275	1091	2	875154535
275	625	2	875154655
275	418	3	875154718
275	99	3	875154718
275	627	3	875154718
275	102	3	875154718
275	501	3	875154718
275	173	3	875154795
275	154	2	875154878
275	89	3	875154878
275	98	4	875155140
275	202	3	875155167
275	174	4	875155257
195	373	3	875158215
337	515	5	875184280
337	181	2	875184353
337	742	5	875184353
337	50	5	875184413
337	106	2	875184682
337	127	3	875184682
337	235	3	875184717
337	1016	4	875184825
337	257	3	875184963
337	25	3	875184963
337	250	3	875185219
337	229	3	875185319
337	230	5	875185319
337	380	4	875185319
337	222	5	875185319
337	449	4	875185319
337	450	2	875185319
337	227	5	875185319
337	228	5	875185319
337	125	4	875185574
337	15	5	875185596
337	151	5	875185627
337	121	5	875185664
130	123	4	875216112
130	174	5	875216249
130	56	5	875216283
130	68	5	875216283
130	12	4	875216340
130	1039	4	875216420
130	228	4	875216420
130	89	4	875216458
130	55	5	875216507
130	98	5	875216507
130	202	5	875216507
130	216	4	875216545
130	11	5	875216545
130	496	5	875216593
130	173	3	875216593
130	477	4	875216593
130	531	5	875216628
130	144	5	875216717
130	589	4	875216717
130	69	5	875216718
130	204	5	875216718
130	433	3	875216718
130	168	3	875216786
130	389	3	875216786
130	99	5	875216786
130	65	4	875216786
130	96	5	875216786
130	95	5	875216867
130	588	4	875216867
130	234	5	875216932
130	357	5	875216933
130	642	4	875216933
130	423	5	875216978
130	427	5	875217033
130	185	5	875217033
130	806	3	875217096
130	17	5	875217096
130	470	2	875217096
130	28	4	875217172
130	179	4	875217265
130	22	5	875217265
130	1267	4	875217265
130	88	2	875217265
130	79	5	875217392
130	200	5	875217392
130	374	4	875217392
130	940	3	875217392
833	233	2	875223756
833	581	1	875223813
833	431	2	875223813
833	230	1	875223923
833	449	2	875223923
833	573	1	875223976
833	552	3	875223976
833	53	1	875224039
833	673	4	875224039
833	379	2	875224178
833	649	3	875224178
833	452	1	875224178
833	675	4	875224252
833	217	2	875224252
833	436	2	875224252
833	861	3	875224309
833	219	4	875224309
833	665	3	875224309
833	447	5	875224309
833	441	1	875224352
833	444	3	875224352
833	667	1	875224381
833	172	2	875224482
833	679	3	875224482
833	526	4	875224515
833	161	1	875224515
833	68	4	875224515
833	578	1	875224603
833	576	3	875224603
833	540	1	875224687
833	1597	5	875225193
833	1214	4	875225193
833	1628	3	875225219
833	512	4	875225257
833	30	4	875225297
759	300	5	875227686
759	258	4	875227686
759	748	4	875227708
759	294	5	875227708
759	323	4	875227724
759	678	2	875227742
759	742	5	875227798
759	181	5	875227798
759	127	2	875227798
759	1	5	875227798
759	275	4	875227858
759	298	4	875227858
759	220	5	875227904
759	24	3	875227904
759	756	4	875227922
759	118	5	875227954
337	471	5	875235809
337	371	4	875236191
337	1133	4	875236281
337	520	5	875236281
337	636	4	875236281
337	831	1	875236281
337	392	5	875236512
337	135	5	875236512
337	67	4	875236631
297	98	5	875238579
297	588	4	875238579
297	135	4	875238608
297	202	3	875238638
297	223	5	875238638
297	1073	3	875238695
297	435	3	875238726
297	705	2	875238726
297	144	3	875238778
297	430	1	875238778
297	529	3	875238778
297	582	4	875238814
297	230	2	875238814
297	95	3	875238814
297	42	3	875238853
297	157	2	875238853
297	160	1	875238853
297	86	5	875238883
297	724	3	875238883
297	175	4	875238883
297	1109	3	875238922
297	357	4	875238922
297	55	4	875238922
297	480	4	875238923
297	198	3	875238923
297	191	3	875238923
297	465	3	875238984
297	22	4	875238984
297	201	4	875238984
297	228	2	875238984
297	183	4	875238984
297	234	3	875239018
297	498	3	875239018
297	527	5	875239018
297	692	3	875239018
297	367	2	875239018
297	946	2	875239092
297	200	3	875239092
297	574	1	875239092
297	474	4	875239125
297	182	3	875239125
297	89	4	875239125
297	79	3	875239125
297	32	4	875239267
297	196	4	875239267
297	128	4	875239346
297	92	3	875239346
297	652	3	875239346
297	514	3	875239383
297	237	4	875239383
297	57	5	875239383
297	56	5	875239422
297	204	3	875239422
297	716	3	875239422
297	194	3	875239453
297	265	3	875239454
297	118	3	875239495
297	27	1	875239535
297	209	4	875239535
297	114	5	875239569
297	746	3	875239569
297	70	5	875239619
297	148	3	875239619
297	12	5	875239619
297	154	5	875239658
297	432	4	875239658
297	699	4	875239658
297	197	3	875239691
297	73	2	875239691
297	447	4	875239691
297	8	5	875239795
297	185	5	875239870
297	143	5	875239870
297	97	5	875239871
297	28	4	875239913
297	231	3	875239913
297	233	2	875239914
297	90	4	875239942
297	53	3	875239942
297	603	5	875239942
297	736	4	875239975
297	151	3	875239975
297	11	4	875240015
297	479	5	875240015
297	419	3	875240016
297	1136	3	875240053
297	195	1	875240053
297	153	5	875240053
297	133	4	875240090
297	211	4	875240090
297	156	4	875240090
297	47	2	875240090
297	1217	1	875240132
297	443	2	875240133
297	215	2	875240133
297	69	3	875240171
297	448	3	875240171
297	213	3	875240171
297	17	3	875240201
297	4	1	875240201
297	173	4	875240237
297	423	3	875240237
297	625	3	875240266
297	485	3	875240267
297	102	1	875240267
1	252	2	875240677
1	105	2	875240739
1	148	2	875240799
1	108	5	875240920
1	147	3	875240993
1	106	4	875241390
1	243	1	875241390
1	220	3	875241390
1	122	3	875241498
1	104	1	875241619
1	107	4	875241619
1	247	1	875241619
1	120	1	875241637
1	45	5	875241687
703	288	4	875242076
703	258	4	875242076
703	300	4	875242077
703	748	3	875242281
703	323	2	875242281
703	294	2	875242281
703	328	3	875242303
703	259	1	875242336
703	322	3	875242336
703	7	4	875242599
703	100	4	875242663
703	275	4	875242663
703	127	5	875242663
703	25	3	875242683
703	222	4	875242704
703	628	4	875242762
703	181	5	875242762
703	1197	3	875242762
703	123	4	875242787
703	237	5	875242787
703	993	4	875242787
703	50	5	875242813
703	117	4	875242814
703	15	5	875242814
703	9	2	875242814
703	1	4	875242851
703	1012	4	875242852
703	118	5	875242852
703	742	3	875242852
703	764	2	875242885
703	235	1	875242885
703	926	4	875242885
703	471	4	875242885
703	596	3	875242912
703	819	2	875242912
703	864	2	875242912
703	458	3	875242935
703	276	3	875242964
703	293	4	875242990
703	257	5	875242990
703	508	3	875243028
703	845	4	875243028
703	1047	3	875243028
703	410	4	875243028
703	147	3	875243049
703	591	4	875243049
703	121	5	875243049
221	327	4	875243968
221	259	4	875243990
221	847	4	875244051
221	181	4	875244087
221	100	5	875244125
221	50	4	875244125
221	508	4	875244160
221	273	5	875244183
221	7	4	875244204
221	475	4	875244204
221	358	3	875244232
221	222	3	875244232
221	288	3	875244232
221	763	4	875244232
221	1017	4	875244268
221	1134	4	875244289
221	129	5	875244331
221	298	4	875244331
221	240	4	875244352
221	24	5	875244352
221	109	2	875244369
221	1067	3	875244387
221	246	5	875244457
221	257	4	875244475
221	1012	4	875244475
221	544	4	875244512
221	150	5	875244557
221	282	4	875244558
221	762	4	875244598
221	250	5	875244633
221	405	3	875244633
221	117	4	875244633
221	476	2	875244673
221	824	3	875244694
221	1016	3	875244713
221	685	3	875244766
221	1011	4	875244792
221	121	2	875244813
221	108	3	875244866
221	3	4	875244901
221	118	1	875244940
221	1059	4	875245077
221	407	2	875245100
221	931	3	875245100
221	423	2	875245167
221	32	4	875245223
221	485	2	875245265
221	12	5	875245283
221	1098	4	875245283
221	55	4	875245319
221	64	5	875245350
221	651	4	875245350
221	470	3	875245374
221	403	4	875245374
221	17	4	875245406
221	173	4	875245406
221	144	4	875245427
221	4	3	875245462
221	23	4	875245462
221	48	5	875245462
221	469	3	875245481
221	174	4	875245514
221	215	4	875245514
221	59	2	875245514
221	156	5	875245533
221	461	4	875245574
221	184	4	875245574
221	56	5	875245592
221	623	3	875245618
221	186	4	875245641
221	69	4	875245641
221	96	5	875245672
221	318	5	875245690
221	79	4	875245715
221	789	4	875245739
221	29	3	875245739
221	210	5	875245760
221	695	4	875245776
221	39	4	875245798
221	42	5	875245813
221	1073	4	875245846
221	70	3	875245870
221	172	5	875245907
221	154	3	875245907
221	467	4	875245928
221	385	4	875245948
221	1437	3	875245967
24	289	3	875245985
24	288	3	875245985
24	258	4	875245985
24	300	4	875245985
221	92	4	875245989
221	178	4	875245989
221	204	4	875246008
221	151	1	875246008
24	358	3	875246012
24	294	3	875246037
221	1035	3	875246124
221	496	3	875246146
221	550	4	875246183
221	161	3	875246183
24	129	3	875246185
24	919	3	875246185
221	588	3	875246209
221	128	3	875246209
24	249	4	875246216
24	475	4	875246216
24	117	4	875246216
221	265	3	875246247
24	25	4	875246258
221	566	3	875246308
221	218	4	875246308
221	732	4	875246330
221	231	4	875246359
221	568	4	875246398
221	633	3	875246459
221	399	3	875246459
221	1267	3	875246459
221	940	4	875246482
221	230	3	875246506
221	38	2	875246506
221	780	3	875246552
221	33	4	875246632
221	386	3	875246662
221	76	4	875246662
221	1010	3	875246662
221	1185	3	875246710
221	1218	3	875246745
221	943	4	875246759
221	1090	3	875246783
221	468	3	875246824
221	576	3	875246824
221	94	3	875246857
221	1210	3	875246887
221	384	3	875246919
221	721	5	875246944
221	578	4	875247023
221	258	1	875247297
221	1217	4	875247421
221	684	4	875247454
221	227	3	875247522
221	53	4	875247565
221	1208	3	875247565
221	391	3	875247754
221	27	4	875247754
221	809	3	875247775
221	1407	3	875247833
221	1314	3	875247833
221	1250	2	875247855
279	288	3	875249102
279	321	5	875249102
279	294	2	875249117
279	990	1	875249134
279	13	3	875249210
279	408	5	875249210
279	275	3	875249232
279	100	4	875249259
279	248	4	875249259
279	151	4	875249259
279	250	3	875249259
346	496	5	875260242
346	959	2	875260577
346	657	4	875260577
452	491	4	875261100
452	520	3	875261100
346	132	4	875261235
452	170	4	875261261
452	207	4	875261261
452	528	4	875261261
452	480	5	875261261
452	173	4	875261350
452	490	4	875261350
452	615	3	875261350
452	514	3	875261350
452	58	3	875261666
452	496	5	875261666
452	661	4	875261747
452	515	4	875261747
346	33	5	875261753
452	156	4	875261819
452	474	3	875263067
452	237	2	875263068
346	785	3	875263077
346	546	4	875263238
452	531	4	875263244
452	483	5	875263244
452	98	5	875263330
452	492	4	875263413
452	89	5	875263413
452	174	4	875263413
346	2	5	875263473
346	53	1	875263501
346	218	3	875263574
346	62	3	875263634
346	219	2	875263664
346	94	3	875263845
346	232	3	875263877
346	1222	4	875263877
346	977	3	875264110
346	29	4	875264137
346	167	2	875264209
346	1232	1	875264262
346	571	3	875264262
346	120	3	875264287
452	234	3	875264355
452	185	5	875264355
452	432	2	875264432
346	1188	1	875264472
452	275	4	875264491
346	932	2	875264752
346	395	1	875264785
452	50	5	875264825
452	462	4	875264825
452	152	2	875264826
346	780	2	875264904
346	576	3	875264945
346	158	2	875264945
452	498	4	875264976
452	427	4	875264976
346	712	3	875264985
346	1110	1	875264985
346	67	3	875264985
346	1090	2	875265071
346	1231	3	875265106
452	195	4	875265114
346	802	4	875265236
452	213	4	875265265
452	187	3	875265265
346	743	2	875265295
346	1210	3	875265335
452	842	2	875265368
452	179	5	875265368
346	3	3	875265392
452	45	4	875265446
452	134	3	875265446
346	415	2	875265527
346	720	2	875265528
346	669	1	875265690
346	1228	4	875265825
452	136	4	875266060
452	8	4	875266060
346	392	3	875266064
346	110	2	875266064
346	569	3	875266064
346	375	1	875266176
452	458	1	875266197
452	211	2	875266197
452	641	3	875266415
452	659	4	875266415
452	64	4	875266518
346	391	2	875266600
346	572	5	875266600
346	245	4	875266665
452	607	5	875266680
452	79	4	875269386
452	164	4	875269386
145	258	4	875269755
145	242	5	875269755
145	286	3	875269755
145	300	3	875269755
145	688	4	875269822
145	299	4	875269822
145	327	5	875269822
145	680	3	875269871
145	259	3	875269871
145	294	4	875269871
145	260	4	875269871
145	328	5	875270006
145	933	1	875270276
145	293	4	875270276
145	273	5	875270322
145	1012	4	875270322
145	111	3	875270322
145	515	5	875270394
145	934	1	875270394
145	9	2	875270394
145	7	5	875270429
145	100	5	875270458
145	13	5	875270507
145	235	4	875270507
145	121	2	875270507
145	181	5	875270507
145	924	2	875270508
145	282	5	875270570
145	237	5	875270570
145	410	4	875270616
145	742	4	875270616
145	993	3	875270616
145	713	4	875270616
145	106	4	875270655
145	117	5	875270655
145	150	5	875270655
145	25	2	875270655
145	15	2	875270655
145	406	3	875270692
145	240	5	875270764
145	118	3	875270764
145	1009	2	875270764
145	1047	3	875270764
145	274	3	875270800
145	249	4	875270832
145	109	4	875270903
145	1283	1	875270903
145	1033	1	875270903
145	1279	1	875270903
145	257	5	875270932
145	628	2	875270932
145	405	3	875270970
145	546	3	875271047
145	925	4	875271047
145	763	4	875271047
145	926	3	875271094
145	472	3	875271128
145	685	4	875271229
145	826	2	875271312
145	544	4	875271312
145	1057	1	875271312
145	460	1	875271312
145	1292	1	875271357
145	1087	1	875271357
145	1245	5	875271397
145	823	3	875271397
145	696	3	875271442
145	105	2	875271442
145	597	4	875271477
145	825	4	875271477
145	411	2	875271522
145	1132	3	875271522
145	3	3	875271562
145	363	4	875271607
145	1001	4	875271607
145	1028	5	875271607
145	1289	1	875271660
145	620	3	875271660
145	176	5	875271838
145	79	5	875271838
145	185	4	875271838
145	39	4	875271838
145	98	5	875271896
145	56	5	875271896
145	31	5	875271896
145	156	5	875271896
145	23	4	875271896
145	234	5	875271948
145	203	5	875271948
145	164	4	875271948
145	55	3	875272009
145	603	5	875272009
145	1073	5	875272009
145	183	5	875272009
145	642	3	875272010
145	566	5	875272010
145	939	4	875272050
145	636	4	875272050
145	943	3	875272050
145	265	5	875272131
145	789	4	875272132
145	17	3	875272132
145	44	5	875272132
145	431	5	875272132
145	1248	3	875272195
145	226	1	875272196
145	5	3	875272196
145	1208	4	875272196
145	1273	5	875272196
145	1212	2	875272196
145	770	1	875272245
145	1077	3	875272245
145	53	2	875272245
145	554	3	875272245
145	673	4	875272299
145	159	4	875272299
145	470	5	875272299
145	281	4	875272299
145	379	3	875272299
145	356	4	875272299
145	77	3	875272348
145	800	2	875272349
145	635	4	875272349
145	1217	2	875272349
145	173	5	875272604
145	949	4	875272652
145	97	5	875272652
145	727	2	875272652
145	202	4	875272694
145	216	5	875272694
145	1290	1	875272732
145	549	5	875272786
145	51	3	875272786
145	553	3	875272786
145	212	2	875272786
145	66	4	875272786
145	740	2	875272786
145	796	3	875272833
145	732	4	875272833
145	737	2	875272833
145	821	3	875272833
145	88	5	875272833
145	731	3	875272833
145	155	2	875272871
145	278	4	875272871
145	762	3	875272926
145	869	4	875272926
145	49	3	875272926
145	738	3	875272927
145	739	2	875272927
145	1041	5	875272987
145	728	2	875272988
145	22	5	875273021
145	650	4	875273120
145	11	5	875273120
145	393	5	875273174
145	684	5	875273174
145	358	4	875273234
452	648	4	875273292
452	71	3	875273415
452	654	2	875273543
452	504	2	875273544
452	1109	2	875273609
452	461	4	875273609
452	86	4	875274683
452	203	3	875275561
452	69	5	875275699
452	96	2	875275699
452	418	4	875275700
452	15	4	875275763
452	196	4	875275763
452	204	3	875275815
452	969	2	875276006
452	506	3	875276081
452	153	4	875276361
452	485	2	875276589
452	162	3	875277319
452	815	2	875277472
452	73	3	875277472
452	171	4	875277472
468	258	4	875279126
468	321	3	875279126
468	286	4	875279126
468	294	3	875279153
468	471	3	875279269
468	100	5	875279269
468	222	4	875279269
468	181	3	875280041
468	9	5	875280041
468	475	4	875280041
468	13	4	875280104
468	285	4	875280104
468	127	4	875280126
468	137	4	875280126
468	19	4	875280126
468	275	4	875280143
468	116	4	875280180
468	251	4	875280180
468	237	4	875280181
468	7	3	875280214
468	25	5	875280214
468	126	3	875280214
468	150	5	875280309
468	249	3	875280310
468	742	3	875280310
468	952	3	875280310
468	124	5	875280331
468	926	2	875280331
468	283	4	875280331
468	50	5	875280352
468	246	5	875280352
468	248	4	875280352
468	293	5	875280395
468	1	5	875280395
468	257	4	875280417
468	118	3	875280417
468	544	3	875280417
468	405	2	875280462
468	1012	4	875280462
468	297	4	875280462
468	24	3	875280462
468	117	2	875280499
468	273	2	875280499
468	15	4	875280518
468	111	4	875280518
468	508	4	875280539
468	1014	3	875280539
468	121	4	875280628
468	1134	5	875280670
468	1016	3	875280670
468	1008	4	875283843
468	826	3	875284096
468	1051	2	875284635
468	411	3	875284879
468	238	3	875286036
468	963	5	875286036
468	64	5	875286450
468	56	5	875286450
798	321	3	875286981
798	258	4	875286981
798	289	3	875286981
468	23	4	875287535
468	582	3	875287535
468	70	3	875287535
468	31	3	875287615
468	724	4	875287615
468	55	5	875287615
468	5	3	875287686
468	191	4	875287686
468	529	3	875287686
468	22	5	875287686
468	699	3	875287686
468	153	5	875287720
468	943	3	875287721
468	95	4	875287826
468	432	5	875287826
468	204	5	875287826
468	144	5	875287826
468	135	5	875287895
919	319	3	875288164
919	321	2	875288164
919	258	4	875288164
919	288	4	875288164
919	289	3	875288164
919	300	4	875288164
919	301	3	875288164
468	98	5	875288196
468	462	4	875288196
468	8	4	875288196
468	143	5	875288197
919	748	1	875288253
919	292	3	875288253
919	678	2	875288253
919	245	2	875288253
919	322	3	875288253
919	328	2	875288304
919	326	3	875288304
919	327	4	875288304
919	294	3	875288304
919	877	3	875288304
919	358	3	875288304
919	260	4	875288362
919	323	4	875288362
919	988	3	875288362
919	875	1	875288362
919	264	3	875288362
919	259	4	875288362
919	687	1	875288362
919	989	2	875288418
919	243	3	875288418
919	325	4	875288418
919	878	2	875288443
468	97	5	875288503
468	377	2	875288503
468	955	4	875288504
919	100	5	875288522
919	275	5	875288522
919	124	3	875288522
919	246	3	875288523
919	508	5	875288570
919	50	3	875288570
919	276	5	875288612
919	1152	4	875288612
919	1197	4	875288613
919	19	4	875288681
919	293	4	875288681
919	93	5	875288681
919	111	4	875288681
919	236	5	875288681
919	813	4	875288681
919	283	4	875288748
919	285	5	875288748
919	253	3	875288748
919	116	3	875288749
919	137	2	875288749
919	297	4	875288749
919	250	3	875288749
919	9	5	875288749
468	58	4	875288771
468	584	4	875288771
468	214	5	875288771
468	216	5	875288771
919	819	3	875288805
919	741	3	875288805
919	237	4	875288805
919	919	2	875288805
919	277	5	875288805
919	717	3	875288805
919	864	2	875288848
919	7	3	875288848
919	257	4	875288848
919	628	3	875288898
919	475	3	875288898
919	221	4	875288898
919	14	4	875288934
919	117	4	875288934
919	222	3	875288983
919	298	3	875288983
919	244	2	875289025
919	477	4	875289025
919	151	4	875289025
919	129	5	875289025
919	676	4	875289061
919	412	2	875289061
919	740	3	875289113
919	125	4	875289113
919	1048	3	875289113
919	282	4	875289113
919	25	4	875289113
919	756	3	875289170
919	126	4	875289170
919	255	4	875289170
919	295	3	875289170
919	1137	4	875289170
919	458	2	875289212
919	181	4	875289250
919	15	5	875289250
919	284	3	875289280
919	1	4	875289321
919	1060	3	875289322
919	147	4	875289322
919	1086	4	875289322
919	1134	2	875289356
919	21	2	875289356
919	1014	4	875289384
919	148	3	875289417
919	406	3	875289417
919	112	3	875289417
919	976	2	875289453
919	1258	3	875289453
919	20	1	875289499
919	742	4	875289499
919	16	4	875289533
919	815	2	875289533
919	1284	3	875289566
919	1012	4	875289611
919	1315	2	875289611
919	240	3	875289611
919	287	4	875289611
919	471	3	875289638
919	591	3	875289667
919	1047	3	875289697
919	832	3	875289726
919	1278	4	875289761
919	1277	4	875289887
468	642	3	875291403
468	428	4	875291403
468	192	4	875291403
468	461	4	875291570
468	69	4	875291570
468	662	4	875291570
468	498	5	875291571
468	772	4	875291722
468	89	4	875291722
468	427	5	875291722
468	180	5	875291902
468	195	5	875291902
468	12	4	875291902
468	692	4	875292027
468	435	4	875292027
468	132	5	875292134
468	200	4	875292319
468	82	5	875292320
468	159	3	875292320
468	182	5	875292320
468	647	5	875293386
468	172	4	875293386
468	318	5	875293386
468	51	3	875293386
468	655	5	875294464
468	357	5	875294549
468	42	4	875294549
468	612	4	875294549
468	65	3	875294549
468	174	5	875294549
468	157	4	875294741
468	218	4	875294971
468	173	5	875295093
468	71	5	875295148
468	96	5	875295148
468	160	3	875295148
468	531	4	875295368
468	507	5	875295412
798	323	4	875295469
798	988	3	875295469
798	748	5	875295521
798	878	4	875295521
798	259	5	875295566
798	243	4	875295566
798	687	4	875295566
279	24	5	875295591
798	1089	3	875295616
798	222	3	875295616
798	1283	4	875295695
798	1	4	875295695
798	826	5	875295695
798	815	5	875295695
279	257	5	875295736
279	25	5	875295736
798	274	5	875295772
798	1023	3	875295772
798	181	5	875295772
798	220	3	875295810
798	50	5	875295810
798	15	4	875295810
279	547	1	875295812
279	1	3	875295812
279	10	4	875295838
798	275	4	875295842
798	257	4	875295842
798	118	4	875295842
798	819	3	875295930
798	121	5	875295930
798	845	5	875295930
798	14	2	875295930
279	515	3	875295943
279	222	1	875295943
279	411	3	875296005
279	1028	4	875296104
798	756	3	875296109
798	473	2	875296109
798	111	1	875296109
798	740	2	875296148
798	405	5	875296148
798	924	3	875296148
798	125	3	875296178
798	281	4	875296234
798	1282	3	875296234
798	112	3	875296234
279	671	2	875296238
279	154	5	875296291
279	432	3	875296292
468	469	4	875296309
468	161	3	875296309
468	39	3	875296309
468	209	5	875296309
468	603	5	875296309
279	22	1	875296374
279	47	4	875296375
468	178	5	875296401
279	491	5	875296435
279	168	5	875296435
279	4	4	875296461
279	28	2	875296461
279	128	5	875296461
279	79	3	875296461
279	173	5	875296461
279	175	5	875296461
279	509	3	875296552
279	283	3	875296652
279	952	3	875296676
279	926	4	875296696
279	16	4	875296792
279	274	3	875296792
279	236	5	875296813
279	864	5	875296829
468	423	4	875296868
468	4	5	875296868
468	367	4	875296868
279	741	5	875296891
279	1017	3	875296891
279	456	3	875296924
279	546	3	875296924
279	290	4	875296924
833	455	3	875297104
833	840	2	875297195
279	147	4	875297199
279	117	5	875297199
279	762	3	875297199
833	831	1	875297256
279	146	1	875297281
279	977	4	875297281
833	826	2	875297292
279	591	2	875297381
279	1034	4	875297381
279	105	4	875297381
279	871	4	875297410
279	833	4	875297410
279	122	1	875297433
279	597	5	875297456
279	824	4	875297456
279	21	3	875297456
279	826	4	875297456
279	823	3	875297456
279	407	4	875297479
279	763	3	875297522
279	760	3	875297522
279	412	3	875297708
279	1291	4	875297708
279	121	4	875297708
279	1011	3	875298314
279	982	3	875298314
279	1093	4	875298330
279	1336	1	875298353
279	1496	3	875298419
279	1012	5	875298447
279	181	3	875298494
279	532	1	875298597
279	1244	3	875298652
279	32	3	875298696
468	170	4	875301056
468	47	5	875301056
468	91	5	875301056
468	372	2	875301098
468	1070	5	875301653
468	856	4	875302155
468	1168	2	875302155
468	226	2	875302208
468	44	4	875302208
798	699	3	875303502
798	164	4	875303502
798	1063	3	875303502
798	197	2	875303502
798	961	1	875303558
798	707	2	875303559
798	133	3	875303559
798	71	3	875303589
798	83	4	875303683
798	694	3	875303718
798	731	3	875303765
798	586	2	875303765
798	480	3	875303765
279	425	4	875306430
268	286	5	875306477
268	288	4	875306477
279	12	2	875306515
279	56	4	875306515
279	644	1	875306552
279	654	5	875306552
279	61	4	875306552
279	17	4	875306552
279	156	4	875306580
279	789	4	875306580
279	1500	5	875306613
279	854	1	875306613
279	87	1	875306613
279	482	4	875306613
279	174	4	875306636
268	475	4	875306644
268	10	4	875306691
268	16	3	875306691
268	116	4	875306760
279	65	1	875306767
268	718	4	875306805
279	461	3	875306820
279	429	4	875306910
279	214	3	875306910
279	169	5	875306910
279	40	4	875306910
279	89	4	875306910
279	558	4	875307210
279	514	4	875307210
279	428	1	875307379
279	1110	3	875307379
279	68	4	875307407
279	190	3	875307407
279	193	2	875307407
279	753	2	875307443
279	1484	3	875307587
279	202	4	875307587
279	719	4	875308222
279	64	1	875308510
279	33	4	875308510
279	132	3	875308670
279	180	2	875308670
514	258	4	875308674
514	531	3	875308734
514	169	5	875308734
279	969	3	875308799
279	42	4	875308843
279	529	3	875308843
279	501	3	875308843
279	59	4	875308843
279	792	3	875308843
279	1266	1	875308843
514	168	4	875308925
514	178	4	875308925
279	209	5	875308987
279	70	1	875309141
279	480	3	875309189
514	283	4	875309231
268	652	4	875309232
268	206	3	875309232
268	198	4	875309232
268	179	4	875309258
514	69	4	875309276
514	1	5	875309276
514	746	5	875309276
268	61	4	875309282
268	382	3	875309282
268	59	5	875309282
268	70	3	875309282
268	1073	4	875309304
268	558	3	875309304
268	52	3	875309319
268	381	3	875309344
268	580	3	875309344
268	60	5	875309344
268	582	5	875309344
268	83	4	875309344
514	15	4	875309350
514	216	5	875309350
514	95	4	875309350
514	157	4	875309350
279	385	4	875309351
514	202	4	875309414
514	7	5	875309415
514	713	3	875309415
268	234	4	875309430
268	527	4	875309430
268	404	4	875309430
268	208	4	875309430
268	480	5	875309430
268	200	4	875309459
514	98	5	875309473
279	186	5	875309482
268	181	4	875309486
268	71	3	875309486
268	655	4	875309486
268	11	4	875309507
268	98	4	875309583
268	135	4	875309583
268	183	4	875309583
268	211	4	875309583
279	211	4	875309616
279	31	3	875309667
268	474	5	875309718
268	654	5	875309718
268	50	5	875309719
268	180	3	875309719
268	710	3	875309719
268	195	4	875309719
279	702	4	875309760
279	1070	3	875309760
268	185	3	875309801
268	79	3	875309801
268	201	3	875309801
268	4	4	875309829
268	169	5	875309829
268	205	5	875309859
268	423	2	875309859
268	188	4	875309859
268	435	4	875309859
268	483	5	875309859
279	367	3	875309861
268	357	4	875309882
268	182	4	875309882
268	174	5	875309882
279	462	3	875309911
268	525	4	875309913
268	39	3	875309914
268	403	4	875309914
279	1035	3	875309935
268	95	4	875309945
268	228	4	875309945
268	127	4	875309945
279	95	3	875309950
268	55	4	875309998
268	176	5	875309998
268	56	4	875309998
268	173	4	875310031
268	172	5	875310031
268	97	4	875310031
279	486	4	875310041
279	464	4	875310041
279	73	4	875310041
268	134	5	875310083
279	1121	4	875310101
268	727	2	875310116
268	12	4	875310116
268	143	2	875310116
279	372	4	875310117
268	622	3	875310145
268	432	3	875310145
279	465	5	875310157
279	709	4	875310195
268	385	3	875310206
279	165	4	875310233
279	746	5	875310233
279	60	4	875310263
279	502	5	875310263
279	62	3	875310303
279	431	4	875310303
268	186	3	875310311
268	31	4	875310311
268	204	3	875310311
268	209	4	875310311
268	91	3	875310311
268	194	4	875310352
268	238	3	875310352
268	42	4	875310384
268	168	4	875310384
279	207	5	875310394
279	663	3	875310394
268	233	3	875310412
268	747	3	875310412
279	239	4	875310418
279	67	4	875310419
268	946	3	875310442
268	941	2	875310463
268	479	4	875310463
268	239	3	875310491
268	658	3	875310524
268	550	2	875310524
268	184	4	875310524
268	425	4	875310549
268	466	3	875310571
268	210	3	875310571
268	241	3	875310603
268	265	3	875310603
268	627	3	875310603
268	715	1	875310603
279	176	3	875310606
279	96	4	875310606
268	506	4	875310625
279	195	4	875310631
279	1118	3	875310631
279	208	5	875310631
279	662	2	875310631
268	47	1	875310645
268	33	3	875310645
268	729	3	875310673
268	1118	3	875310673
279	203	2	875310676
268	380	2	875310704
279	401	5	875310730
268	436	3	875310745
268	588	3	875310745
268	665	2	875310745
268	92	4	875310745
268	470	3	875310745
268	232	3	875310745
279	398	4	875310764
268	229	2	875310784
268	82	3	875310784
268	191	4	875310784
268	226	4	875310784
268	1065	4	875310824
268	62	3	875310824
268	227	4	875310824
268	230	3	875310824
514	197	4	875310992
514	174	5	875310992
514	462	4	875310992
514	432	4	875311156
514	96	5	875311192
514	28	5	875311192
514	135	4	875311193
514	408	5	875311225
514	429	4	875311225
514	156	4	875311225
514	185	3	875311225
76	96	5	875312034
76	1007	4	875312109
76	7	4	875312133
279	1195	1	875312339
279	712	5	875312339
279	449	3	875312378
279	638	4	875312441
279	576	3	875312441
279	167	3	875312441
279	170	3	875312643
279	649	3	875312719
279	721	5	875312719
279	233	5	875312745
279	384	4	875312946
279	382	4	875312947
279	1490	4	875312947
279	27	5	875313015
279	946	3	875313032
279	163	5	875313311
279	2	4	875313311
279	63	3	875313350
279	1444	3	875313351
279	158	3	875313351
279	630	4	875313351
279	636	5	875313387
279	566	4	875313387
279	1305	4	875313406
279	660	4	875313473
279	44	1	875313514
279	1231	4	875313583
279	802	4	875313600
279	759	4	875313616
279	862	5	875313646
279	41	2	875313646
279	80	4	875313750
279	399	4	875313859
279	391	5	875313859
279	998	5	875313883
279	1481	4	875313925
279	1181	4	875314001
279	1274	3	875314001
279	781	3	875314001
279	1486	1	875314076
279	1487	1	875314076
279	393	1	875314093
279	725	4	875314144
279	780	4	875314165
279	396	3	875314231
279	971	4	875314231
279	554	1	875314231
279	728	4	875314287
279	90	3	875314287
279	843	4	875314313
279	1000	4	875314313
279	415	3	875314313
279	1162	3	875314334
279	1209	4	875314350
279	1182	3	875314370
279	1480	3	875314370
279	379	3	875314386
279	1413	5	875314434
514	11	4	875318082
514	48	4	875318114
514	558	4	875318114
514	137	3	875318114
342	15	3	875318154
514	1039	5	875318163
514	152	4	875318163
514	214	5	875318163
514	100	4	875318163
514	87	5	875318163
514	367	5	875318164
514	191	5	875318224
514	190	5	875318224
514	582	4	875318224
514	12	5	875318263
342	1163	3	875318266
342	7	4	875318266
342	408	5	875318266
342	251	5	875318267
342	111	3	875318267
342	297	3	875318267
342	124	4	875318267
342	257	2	875318267
342	288	5	875318267
514	189	5	875318291
514	425	5	875318291
342	25	2	875318328
514	710	5	875318331
514	318	4	875318331
514	42	5	875318331
514	204	5	875318331
514	89	4	875318331
514	14	3	875318331
514	196	5	875318331
342	547	5	875318347
342	282	1	875318366
342	950	2	875318423
342	1011	3	875318467
342	476	4	875318488
342	818	4	875318488
342	975	2	875318509
342	928	3	875318509
342	236	3	875318536
342	1048	1	875318536
342	1128	5	875318536
342	1300	1	875318556
342	866	1	875318585
342	1528	3	875318585
342	125	2	875318585
342	3	2	875318606
342	544	1	875318606
342	815	4	875318629
342	591	3	875318629
342	240	3	875318629
342	412	3	875318648
342	1008	3	875318669
342	846	2	875318688
342	1315	1	875318742
342	764	1	875318762
342	1057	2	875318783
342	122	4	875318783
342	320	5	875318833
342	194	3	875318858
342	518	3	875318858
342	792	3	875318882
342	606	5	875318882
342	169	5	875318907
342	223	4	875318907
342	165	3	875318907
342	188	3	875318936
342	482	5	875318936
342	143	5	875318936
342	134	4	875318936
342	114	5	875318962
342	607	3	875318963
342	197	4	875318988
342	238	4	875319012
342	692	1	875319090
342	89	3	875319090
342	132	5	875319129
342	656	5	875319151
342	182	5	875319173
342	965	4	875319195
342	427	4	875319254
342	507	4	875319295
342	496	4	875319334
342	28	2	875319383
342	655	4	875319383
342	789	3	875319412
342	1070	3	875319412
342	421	3	875319435
342	423	4	875319436
342	57	3	875319457
342	1071	4	875319497
342	488	5	875319536
342	209	5	875319554
342	772	1	875319597
342	8	4	875319597
342	378	4	875319617
342	723	3	875319659
342	1170	3	875319659
342	42	3	875319659
342	174	2	875319681
342	483	4	875319745
342	654	4	875319745
342	1166	1	875319745
342	131	5	875319786
342	732	3	875319786
342	699	4	875319808
342	523	4	875319854
342	1167	1	875319854
342	499	5	875319912
342	58	5	875319912
342	144	5	875319912
342	367	5	875319967
342	189	5	875319967
342	478	3	875319967
342	191	5	875319991
342	68	3	875319992
342	212	5	875319992
342	716	2	875320014
265	258	4	875320024
265	288	4	875320024
265	300	5	875320024
342	26	2	875320037
342	581	3	875320037
265	294	4	875320052
265	327	3	875320052
342	727	3	875320082
342	192	4	875320082
265	328	4	875320084
265	688	2	875320084
342	216	5	875320104
265	245	4	875320112
265	323	3	875320112
265	748	5	875320112
342	574	1	875320124
265	181	2	875320180
342	1073	1	875320199
342	193	5	875320199
342	92	4	875320227
342	746	4	875320227
265	1	5	875320247
342	663	4	875320297
342	724	1	875320297
342	95	4	875320297
342	517	5	875320297
265	471	4	875320302
342	381	5	875320312
