user	item	rating	time
916	402	3	880845177
916	704	3	880845177
916	230	3	880845177
916	226	3	880845177
916	1597	3	880845206
916	290	3	880845206
916	541	2	880845206
916	234	4	880845206
916	380	2	880845206
916	83	4	880845206
916	642	3	880845227
916	561	3	880845227
916	451	3	880845227
916	79	3	880845249
916	1208	2	880845249
916	66	3	880845264
916	1220	3	880845282
916	217	4	880845282
916	1005	4	880845303
916	218	3	880845303
916	159	3	880845303
916	65	3	880845327
916	229	3	880845328
916	1042	3	880845328
916	959	4	880845328
916	737	3	880845328
916	387	4	880845328
916	570	3	880845368
916	241	4	880845368
916	2	3	880845391
916	636	3	880845391
916	233	3	880845391
916	1428	3	880845415
916	781	3	880845451
916	367	3	880845451
916	1268	3	880845451
916	80	3	880845476
916	470	3	880845476
916	971	4	880845476
916	944	2	880845476
916	1119	3	880845505
916	674	3	880845522
916	767	4	880845522
916	581	4	880845543
916	549	3	880845543
916	1206	2	880845543
916	1135	3	880845556
916	566	3	880845574
916	755	2	880845574
916	739	3	880845589
916	1217	1	880845606
916	569	2	880845606
916	77	3	880845620
916	68	3	880845636
916	559	3	880845658
916	161	3	880845658
916	366	3	880845658
916	51	2	880845658
916	708	4	880845673
916	49	3	880845673
916	101	3	880845690
916	583	4	880845690
916	679	3	880845690
916	356	3	880845722
916	1046	2	880845722
916	381	3	880845738
916	1682	3	880845755
916	219	3	880845755
916	82	4	880845772
916	54	3	880845790
916	790	2	880845790
916	155	2	880845808
916	72	3	880845808
916	73	3	880845829
916	158	2	880845829
916	417	2	880845949
916	568	4	880845949
916	190	4	880846339
916	528	3	880846339
916	863	3	880846735
279	550	4	880850073
279	144	4	880850073
279	226	4	880850073
316	286	5	880853038
316	306	4	880853072
316	292	4	880853072
207	538	2	880853139
316	988	1	880853152
316	323	1	880853152
316	304	3	880853193
316	289	2	880853219
316	678	1	880853310
316	707	4	880853485
316	213	5	880853516
316	318	5	880853516
316	462	3	880853516
316	127	2	880853548
316	185	2	880853548
316	187	2	880853548
316	199	3	880853598
316	530	2	880853599
316	132	4	880853599
316	283	5	880853599
316	168	3	880853599
316	173	1	880853654
316	50	1	880853654
316	183	1	880853654
316	180	4	880853654
316	515	4	880853654
316	427	5	880853704
316	531	5	880853704
316	507	3	880853704
316	98	5	880853743
316	9	4	880853774
316	190	5	880853774
316	730	4	880853775
316	170	4	880853810
316	487	3	880853810
316	275	5	880853810
316	483	4	880853810
316	223	4	880853849
316	276	2	880853849
316	22	4	880853849
316	69	3	880853881
316	44	4	880853881
316	14	4	880853881
316	716	5	880853881
316	1084	4	880853953
316	64	4	880853953
316	588	1	880853992
316	83	4	880853992
316	923	5	880854022
316	549	5	880854049
316	357	4	880854049
316	100	4	880854083
316	673	2	880854083
316	97	5	880854142
316	172	1	880854197
316	89	1	880854197
316	197	4	880854227
316	651	5	880854227
316	58	3	880854267
316	463	5	880854267
316	614	2	880854267
316	192	1	880854267
316	482	3	880854337
316	735	4	880854337
316	435	2	880854337
316	521	5	880854395
316	265	3	880854395
316	162	3	880854472
316	71	1	880854472
316	633	4	880854472
316	234	1	880854473
316	1039	5	880854500
316	191	5	880854539
316	174	1	880854539
316	19	5	880854539
316	582	5	880854539
424	286	4	880858792
424	690	3	880858792
424	258	2	880858792
424	310	3	880858829
424	882	3	880858829
424	304	4	880858861
424	538	5	880858861
424	689	1	880858887
424	289	5	880858924
424	288	1	880858924
424	294	5	880858979
424	259	2	880858979
424	990	5	880858979
424	683	3	880859084
424	989	2	880859084
424	323	5	880859084
424	681	3	880859115
424	243	4	880859115
424	261	3	880859115
424	300	2	880859199
424	688	2	880859228
424	333	5	880859228
424	292	4	880859228
424	427	4	880859346
424	435	3	880859346
424	969	1	880859385
424	115	1	880859385
424	172	3	880859385
424	275	5	880859410
424	100	5	880859446
424	1	1	880859493
424	127	4	880859493
424	508	3	880859519
424	1346	4	880859519
424	50	3	880859519
424	14	4	880859552
424	1084	5	880859591
424	9	5	880859623
424	276	2	880859623
424	740	5	880859674
424	840	4	880859693
424	15	4	880859722
424	151	2	880859722
424	25	4	880859723
71	302	3	880864015
71	6	3	880864124
71	89	5	880864462
878	269	4	880865183
878	286	4	880865183
878	690	2	880865230
878	321	2	880865300
878	275	4	880865469
878	19	4	880865470
878	236	2	880865470
878	258	3	880865562
878	137	3	880865562
878	50	4	880865562
878	9	4	880865562
878	285	5	880865562
878	100	2	880865661
878	20	2	880865715
878	276	3	880865715
878	181	3	880865770
878	740	2	880865813
878	14	5	880865865
878	515	4	880865900
878	126	3	880865940
878	318	5	880866013
878	59	3	880866054
878	317	4	880866054
878	435	4	880866103
878	485	3	880866103
878	482	4	880866134
878	153	5	880866177
878	463	2	880866177
878	136	4	880866241
878	165	4	880866241
878	8	3	880866288
878	509	4	880866288
878	154	3	880866369
878	707	2	880866409
878	64	5	880866446
878	1039	3	880866508
878	462	4	880866509
878	531	2	880866564
878	191	4	880866564
878	179	4	880866626
878	265	3	880866626
878	168	4	880866626
878	923	3	880866687
878	215	2	880866687
878	655	3	880866687
878	517	4	880866687
878	498	4	880866758
878	956	2	880866810
878	511	4	880866810
878	582	4	880866810
878	98	4	880866848
878	650	2	880866883
878	22	2	880866918
878	642	3	880866971
878	197	4	880866971
878	60	4	880867035
878	111	4	880867282
788	302	4	880867326
788	286	5	880867372
788	331	4	880867372
878	496	5	880867387
788	322	4	880867422
788	879	4	880867422
878	1092	3	880867444
878	127	4	880867444
788	754	4	880867477
788	300	5	880867477
788	326	4	880867477
788	328	4	880867477
878	170	4	880867485
788	289	4	880867565
878	921	4	880867665
878	45	3	880867665
878	512	5	880867709
878	640	1	880867751
878	855	3	880867803
878	584	4	880867803
878	213	3	880867854
788	301	2	880867855
788	748	3	880867855
788	323	3	880867855
788	984	3	880867855
788	258	4	880867855
788	327	3	880867855
788	294	3	880867855
788	271	3	880867855
788	270	2	880867855
788	665	2	880867890
788	227	3	880867890
878	1121	2	880867895
788	498	5	880867933
788	187	4	880867933
788	483	5	880867933
788	510	5	880867933
788	1	3	880867970
788	504	4	880867970
878	212	3	880867987
878	57	4	880867987
788	589	5	880868005
788	64	5	880868005
878	283	3	880868035
878	736	5	880868035
878	70	3	880868035
788	470	3	880868042
788	205	4	880868068
788	69	4	880868144
788	71	3	880868144
788	531	4	880868144
788	528	5	880868144
788	223	4	880868181
788	492	3	880868235
788	56	3	880868235
788	193	4	880868235
788	97	3	880868235
788	423	5	880868235
788	519	4	880868235
788	153	3	880868277
788	23	3	880868277
788	100	5	880868277
788	657	4	880868277
788	511	5	880868277
788	185	4	880868316
788	174	2	880868316
788	427	2	880868316
788	58	4	880868355
788	318	5	880868355
788	4	3	880868401
788	431	2	880868401
788	684	5	880868401
788	175	3	880868401
788	211	4	880868401
788	133	5	880868473
788	234	3	880868473
788	661	5	880868473
788	443	4	880868473
788	480	3	880868473
788	177	3	880868513
788	646	3	880868513
788	11	2	880868513
788	22	5	880868513
788	186	3	880868559
788	7	4	880868559
788	79	4	880868559
788	523	4	880868559
788	474	3	880868599
788	182	2	880868599
788	144	4	880868599
878	663	5	880868635
788	655	3	880868644
788	204	3	880868644
788	963	4	880868644
788	199	5	880868673
788	693	2	880868705
788	183	5	880868743
788	176	5	880868743
788	614	4	880868803
788	96	3	880868803
878	474	5	880868819
878	1149	4	880868820
788	651	4	880868838
788	192	4	880868838
788	55	4	880868876
788	28	5	880868876
788	601	4	880868876
788	195	3	880868876
788	429	3	880868919
788	98	5	880868919
788	12	5	880868919
788	520	4	880868919
878	237	3	880868955
788	405	4	880868974
878	274	3	880869003
788	117	4	880869014
788	135	3	880869014
788	132	5	880869014
279	273	2	880869018
279	109	5	880869018
279	433	4	880869018
788	241	5	880869075
788	200	4	880869075
878	97	3	880869090
878	202	4	880869090
788	692	3	880869106
878	451	2	880869135
788	159	3	880869135
878	216	4	880869135
788	180	4	880869174
788	73	3	880869174
788	54	4	880869174
878	692	4	880869191
788	380	3	880869215
788	148	3	880869215
788	203	5	880869215
878	371	3	880869239
878	51	4	880869239
788	1126	5	880869278
788	435	3	880869278
878	732	4	880869302
878	739	3	880869303
878	553	3	880869303
878	402	4	880869303
878	549	4	880869303
788	284	3	880869323
788	432	1	880869323
788	699	3	880869323
788	76	3	880869323
878	66	3	880869354
788	630	2	880869355
788	448	2	880869355
788	157	5	880869396
788	130	2	880869396
788	828	3	880869396
788	582	4	880869396
878	155	3	880869418
878	1100	3	880869418
878	794	4	880869418
878	88	4	880869418
385	603	5	880869422
788	44	4	880869434
788	385	3	880869434
788	591	3	880869469
788	121	4	880869469
878	796	2	880869473
788	9	4	880869508
788	550	3	880869508
788	742	3	880869508
788	89	5	880869548
788	237	4	880869584
788	10	4	880869584
788	65	4	880869584
788	433	2	880869621
788	744	4	880869621
878	116	2	880869638
788	649	3	880869649
788	357	4	880869687
788	172	3	880869687
788	553	3	880869687
788	445	4	880869718
788	549	4	880869753
788	518	3	880869754
788	230	3	880869754
788	162	3	880869787
788	482	4	880869787
788	282	4	880869819
788	68	3	880869819
788	570	3	880869862
788	471	3	880869862
788	658	3	880869862
788	568	3	880869862
788	215	3	880869908
788	708	2	880869908
788	70	4	880869908
788	151	1	880869908
788	566	4	880869908
878	204	2	880869911
878	194	4	880869911
878	175	2	880869911
788	317	4	880869945
788	521	4	880869945
788	222	3	880869945
788	85	1	880869984
788	141	3	880869984
788	503	4	880869984
788	46	3	880870018
788	51	4	880870018
878	588	2	880870048
878	432	3	880870048
788	194	4	880870052
788	729	4	880870052
788	188	4	880870083
788	164	3	880870115
788	82	3	880870116
878	99	4	880870130
878	418	3	880870130
878	71	4	880870130
788	629	1	880870149
788	739	2	880870149
788	62	3	880870179
385	1154	5	880870205
385	182	5	880870205
385	185	5	880870205
385	851	5	880870205
385	169	5	880870205
385	650	5	880870205
385	46	5	880870206
385	8	5	880870206
385	430	5	880870206
385	1070	5	880870206
788	723	3	880870207
788	554	3	880870257
788	229	3	880870299
788	447	3	880870299
788	43	3	880870299
788	736	3	880870299
788	125	3	880870335
788	118	3	880870335
788	228	3	880870365
788	809	3	880870401
788	1112	3	880870428
788	720	3	880870482
878	755	2	880870486
878	140	2	880870486
878	393	3	880870487
788	637	2	880870516
788	403	3	880870516
788	402	3	880870544
788	597	3	880870582
788	167	3	880870582
788	1277	3	880870583
788	636	3	880870583
878	82	3	880870609
878	151	1	880870609
788	645	3	880870626
788	444	3	880870626
788	561	3	880870626
788	371	3	880870626
788	627	4	880870654
788	226	4	880870710
788	639	3	880870710
878	225	3	880870765
788	810	3	880870773
788	1107	3	880870773
788	356	4	880870827
788	798	2	880870827
878	529	5	880870854
878	659	4	880870854
878	152	4	880870854
878	166	4	880870854
878	172	4	880870854
878	481	5	880870854
878	416	5	880870854
878	514	4	880870854
788	370	2	880870881
788	755	3	880870881
788	291	4	880870905
788	670	3	880870935
788	623	3	880870936
788	685	3	880870996
788	621	3	880871026
788	679	2	880871057
788	409	3	880871057
788	620	3	880871088
788	363	2	880871088
788	436	3	880871127
788	399	3	880871128
788	556	2	880871128
788	726	4	880871128
788	983	3	880871173
788	696	3	880871173
788	1478	3	880871173
788	112	3	880871173
788	781	3	880871205
788	281	4	880871205
788	29	3	880871240
788	1042	3	880871240
788	451	4	880871240
788	231	3	880871267
788	562	3	880871294
788	823	3	880871294
788	218	4	880871328
788	235	3	880871328
788	38	3	880871359
788	662	4	880871359
788	540	3	880871394
788	1518	3	880871394
788	546	3	880871429
788	1135	2	880871460
788	1248	3	880871460
788	586	2	880871490
788	120	2	880871520
788	931	2	880871551
788	1303	3	880871577
878	1041	1	880871600
878	702	1	880871600
878	781	1	880871600
878	699	1	880871600
878	949	3	880871600
878	1065	1	880871600
878	535	1	880871600
878	662	1	880871600
788	1139	1	880871605
788	715	3	880871664
788	53	1	880871717
788	1407	3	880871717
788	391	2	880871746
788	1273	3	880871771
788	579	3	880871804
788	712	3	880871804
788	1459	2	880871857
788	1183	2	880871891
788	572	3	880871891
878	15	4	880872273
878	427	5	880872394
878	497	2	880872395
878	530	5	880872619
878	234	1	880872619
878	174	3	880872669
385	1367	5	880879193
394	358	3	880886546
394	1371	2	880886546
394	164	4	880886612
394	101	4	880886670
394	181	4	880886796
394	91	4	880886821
394	28	4	880886821
394	156	4	880886855
394	1	4	880886855
394	168	5	880886919
394	433	4	880886919
394	294	4	880886919
394	179	5	880886919
394	172	4	880886919
394	96	5	880886919
394	151	5	880886919
394	288	4	880886919
394	22	5	880886919
394	195	5	880886919
394	144	5	880886978
394	508	4	880886978
394	132	4	880887000
394	12	4	880887035
394	69	5	880887063
394	98	5	880887088
394	31	3	880887152
394	154	3	880887152
394	42	4	880887152
394	79	5	880887206
394	496	5	880887206
394	419	5	880887250
394	186	5	880887322
394	238	5	880887348
394	56	5	880887406
394	117	5	880887462
394	418	4	880887462
394	4	4	880888037
394	216	3	880888063
394	282	3	880888096
394	568	5	880888167
394	742	5	880888167
394	651	4	880888223
394	204	5	880888223
394	97	4	880888223
394	202	5	880888245
394	655	5	880888313
394	746	2	880888313
394	7	5	880888390
394	265	4	880888390
394	549	4	880888452
394	121	4	880888452
394	39	4	880888501
394	672	3	880888540
394	123	5	880888566
394	77	3	880888603
394	715	4	880888689
394	210	4	880888689
394	559	4	880888746
394	208	5	880888746
394	402	4	880888775
394	141	3	880888815
394	161	4	880888850
394	226	2	880888850
394	128	3	880888896
394	578	2	880888927
394	627	5	880888972
394	217	5	880888972
394	184	3	880889010
394	405	3	880889010
394	385	5	880889010
394	403	4	880889034
394	455	4	880889066
394	118	4	880889066
394	109	4	880889159
394	658	3	880889159
394	218	4	880889187
394	33	4	880889259
394	89	5	880889349
394	416	5	880889350
394	393	4	880889350
394	24	5	880889350
394	232	4	880889374
394	88	3	880889400
394	1033	3	880889475
394	90	3	880889528
394	82	4	880889553
394	84	4	880889583
394	431	5	880889607
394	72	4	880889629
394	541	3	880889741
394	739	4	880889766
378	245	3	880906161
378	473	3	880906178
506	538	3	880908452
506	1014	3	880908472
207	196	4	880911845
207	9	4	880911845
276	890	3	880913460
276	1098	4	880913684
276	1081	3	880913705
276	453	1	880913767
276	234	5	880913767
276	452	3	880913767
276	227	4	880913800
276	222	4	880913800
276	124	5	880913800
276	50	5	880913800
276	271	4	880913800
276	228	4	880913800
860	310	4	880914645
37	288	4	880915258
37	948	4	880915407
37	222	3	880915528
37	273	3	880915528
37	7	4	880915528
37	685	3	880915528
37	121	2	880915528
37	825	2	880915565
37	546	3	880915565
37	405	4	880915565
37	833	4	880915565
37	831	2	880915607
37	597	5	880915607
37	827	3	880915607
37	118	2	880915633
37	117	4	880915674
37	24	4	880915674
37	841	3	880915711
37	930	3	880915711
37	472	2	880915711
37	363	3	880915711
37	147	3	880915749
37	210	4	880915810
37	56	5	880915810
37	174	5	880915810
37	79	4	880915810
37	96	4	880915810
37	22	5	880915810
37	50	5	880915838
37	11	4	880915838
37	195	5	880915874
37	550	4	880915902
37	161	5	880915902
37	68	5	880915902
37	385	4	880915902
37	176	4	880915942
37	230	4	880915942
37	82	1	880915942
37	568	3	880915942
37	403	5	880915942
37	27	4	880915942
37	55	3	880915942
37	566	4	880916010
37	226	5	880916010
37	578	3	880916010
37	665	3	880916046
37	231	2	880916046
37	233	4	880916046
37	62	5	880916070
37	540	2	880916070
606	298	4	880920725
606	1011	3	880921408
606	924	5	880921408
606	472	4	880921408
606	410	3	880921656
606	287	4	880921656
606	748	3	880921753
606	3	5	880922084
606	281	4	880922148
606	147	5	880922503
606	249	3	880922503
606	257	5	880922503
606	619	4	880922565
606	235	3	880922566
606	925	4	880922566
606	827	3	880922625
606	841	3	880922625
606	926	3	880922625
233	203	3	880923202
233	204	5	880923202
233	492	5	880923253
606	108	1	880923349
606	225	1	880923349
606	591	3	880923349
606	455	2	880923349
606	1047	2	880923349
606	919	2	880923349
606	103	3	880923349
606	760	3	880923349
606	685	3	880923349
606	294	2	880923349
606	11	5	880923579
606	64	5	880923579
606	8	2	880923579
606	806	5	880923579
606	507	4	880923689
606	1055	4	880923690
606	1039	4	880923690
606	418	5	880923745
606	71	5	880923745
606	966	5	880923745
606	99	4	880923799
606	491	4	880923799
606	435	4	880923862
606	588	5	880923862
606	498	4	880923862
606	200	5	880923862
606	154	3	880923862
606	963	5	880923925
606	132	5	880923925
606	98	5	880923925
606	215	4	880923925
606	176	5	880923925
606	191	5	880923988
606	568	4	880923988
606	468	4	880923989
606	421	4	880923989
606	427	4	880924106
606	419	4	880924188
606	531	5	880924188
606	95	4	880924188
606	172	5	880924322
606	1065	5	880924323
385	524	5	880924359
606	12	2	880924384
606	204	4	880924384
606	58	3	880924483
606	87	4	880924483
606	56	5	880924483
606	48	4	880924483
606	210	3	880924557
606	168	5	880924557
606	228	5	880924663
606	265	4	880924663
606	647	3	880924663
606	174	5	880924663
606	144	4	880924664
606	156	4	880924789
606	692	5	880924790
606	527	4	880924790
606	184	5	880924790
606	516	4	880924859
606	173	5	880924859
606	483	5	880924921
606	28	4	880924921
606	81	3	880924921
606	202	4	880924921
606	188	4	880924921
606	969	5	880925074
606	537	2	880925074
606	530	4	880925074
606	96	5	880925074
606	208	3	880925074
606	194	4	880925199
606	31	4	880925199
606	652	3	880925200
606	385	4	880925200
606	423	5	880925200
606	404	4	880925200
606	83	5	880925289
606	1149	4	880925289
606	186	5	880925290
606	746	5	880925394
606	393	4	880925453
606	97	5	880925453
606	684	3	880925579
606	178	5	880925579
606	216	5	880925579
606	82	5	880925646
606	651	4	880926018
606	209	4	880926018
606	157	4	880926018
606	214	4	880926018
606	203	5	880926084
606	501	4	880926084
606	230	2	880926084
606	195	5	880926162
606	183	5	880926162
606	662	4	880926162
606	55	4	880926245
606	42	3	880926245
606	135	5	880926245
606	180	4	880926245
606	241	3	880926246
606	239	4	880926339
606	432	5	880926339
606	69	4	880926339
606	655	4	880926469
606	660	5	880926470
606	88	4	880926533
606	91	5	880926610
606	735	5	880926610
606	153	3	880926700
606	942	4	880926700
606	211	5	880926759
606	196	4	880926759
606	185	3	880926759
606	1518	4	880926760
606	187	4	880926861
606	549	4	880926862
606	197	3	880926862
606	161	4	880926994
606	68	5	880927127
606	175	4	880927127
606	79	3	880927127
606	959	5	880927128
606	234	4	880927179
606	238	4	880927179
606	939	4	880927247
606	428	3	880927247
606	729	4	880927247
606	451	3	880927247
606	22	5	880927357
606	89	5	880927358
606	585	4	880927358
606	816	2	880927358
606	1110	2	880927358
606	201	4	880927417
606	709	5	880927417
606	747	4	880927468
606	179	5	880927552
606	206	4	880927552
606	198	4	880927665
606	63	3	880927666
606	441	4	880927750
606	576	3	880927750
606	637	3	880927750
606	138	3	880927923
606	38	4	880927923
606	33	4	880928180
606	928	4	880928180
606	562	4	880928181
606	951	2	880928181
54	302	4	880928519
54	258	4	880928745
54	333	5	880928745
54	327	5	880928893
54	748	5	880928957
54	288	4	880928957
54	328	4	880928957
54	338	3	880929490
14	845	3	880929564
14	813	2	880929564
14	19	5	880929651
14	922	4	880929651
14	628	5	880929697
14	240	5	880929697
54	245	4	880929738
14	455	4	880929745
14	920	4	880929745
14	13	4	880929778
37	183	4	880930042
37	127	4	880930071
37	265	4	880930072
37	92	4	880930072
37	1027	3	880930072
37	172	4	880930072
37	89	4	880930072
54	260	4	880930146
54	325	3	880930146
54	181	5	880931358
54	276	5	880931595
54	1	4	880931595
54	100	5	880931595
54	50	5	880931687
54	741	5	880931687
825	293	3	880931805
825	257	4	880931887
825	237	4	880931932
825	288	1	880931932
825	870	3	880931932
825	871	3	880932283
858	331	3	880932343
858	1368	4	880932449
858	9	5	880932449
825	258	4	880932625
858	293	3	880932692
858	100	3	880932746
858	515	4	880932911
858	127	5	880932912
858	333	4	880933013
858	307	3	880933013
858	334	4	880933072
54	250	4	880933834
54	127	4	880933834
54	273	4	880934806
54	405	4	880934806
54	597	2	880934806
54	742	5	880934806
54	237	4	880935028
54	676	5	880935294
54	7	4	880935294
54	117	5	880935384
54	685	3	880935504
374	713	1	880935656
928	288	3	880935738
928	269	5	880935738
928	268	5	880935814
54	147	5	880935959
928	1025	5	880936022
928	878	5	880936022
928	877	5	880936022
928	266	5	880936022
928	749	5	880936022
928	358	5	880936023
928	876	5	880936023
374	979	3	880936113
374	986	3	880936113
374	975	4	880936113
374	931	3	880936233
374	978	2	880936233
374	406	3	880936233
374	983	2	880936289
54	411	5	880936296
374	546	5	880936389
374	823	1	880936476
374	1013	2	880936476
54	25	4	880936500
54	240	4	880936500
374	247	1	880936522
374	1215	1	880936522
54	1012	2	880936669
54	121	4	880936669
54	151	2	880936670
928	134	5	880936742
928	114	5	880936742
928	487	5	880936769
928	172	5	880936769
928	176	3	880936817
928	168	5	880936817
928	48	5	880936817
928	173	4	880936863
928	496	5	880936863
928	165	5	880936863
928	191	5	880936863
928	187	5	880936884
928	98	5	880936884
928	135	4	880936884
928	8	5	880936905
54	295	3	880936905
928	127	5	880936905
374	544	1	880937070
928	276	5	880937144
484	924	5	880937157
928	9	5	880937163
928	1007	5	880937163
928	246	5	880937184
484	28	5	880937193
54	475	5	880937251
374	1150	1	880937253
928	328	3	880937258
928	333	3	880937258
54	257	4	880937311
54	1088	3	880937311
54	829	2	880937311
54	24	1	880937311
54	471	4	880937399
54	148	3	880937490
54	546	3	880937583
54	252	3	880937630
374	684	5	880937692
374	176	4	880937692
374	203	3	880937735
374	443	5	880937735
374	164	4	880937735
374	265	5	880937779
374	77	5	880937779
374	229	5	880937780
54	595	3	880937813
54	827	3	880937813
54	930	1	880937813
54	118	4	880937813
374	5	4	880937875
374	227	4	880937876
374	226	5	880937876
374	17	2	880937876
374	356	3	880937876
374	233	3	880937876
374	39	4	880937876
374	38	4	880937876
54	106	3	880937882
374	1042	5	880937920
374	159	4	880937920
374	642	1	880937920
54	820	3	880937992
374	449	4	880938044
374	1248	3	880938044
374	581	4	880938044
374	1046	5	880938044
54	823	2	880938088
374	1217	2	880938100
374	770	5	880938100
374	1210	4	880938100
374	572	2	880938255
374	552	4	880938255
374	717	3	880938255
374	761	3	880938370
374	450	4	880938370
374	554	2	880938370
54	406	2	880938490
54	871	5	880938547
374	195	3	880938870
374	96	4	880938870
374	161	5	880938965
374	526	4	880938965
374	550	5	880938965
374	184	2	880939034
374	241	5	880939035
374	2	4	880939035
374	403	2	880939126
374	29	3	880939127
374	779	3	880939186
374	576	3	880939186
374	665	4	880939228
374	231	2	880939228
374	540	3	880939304
374	1407	2	880939304
913	186	3	880946006
913	60	3	880946006
913	144	5	880946236
913	789	4	880946415
913	531	2	880946475
913	204	4	880946539
417	340	3	880949136
417	325	2	880949231
417	20	2	880949408
417	1011	3	880949438
417	1023	4	880949479
417	120	2	880949763
417	1057	2	880949763
417	537	4	880949849
417	485	3	880949880
417	211	4	880949907
417	382	2	880949941
417	392	3	880950280
417	946	4	880950324
599	288	4	880950997
599	872	2	880951046
599	319	2	880951046
599	682	4	880951079
599	260	1	880951113
599	294	4	880951113
599	748	4	880951144
599	873	5	880951174
599	988	4	880951211
599	888	5	880951249
417	809	3	880951251
417	44	2	880951252
599	948	4	880951281
579	288	4	880951346
579	331	3	880951346
579	269	3	880951346
579	333	4	880951372
599	276	2	880951439
579	328	3	880951444
579	258	5	880951444
579	268	3	880951444
579	286	4	880951444
599	220	5	880951479
599	255	5	880951479
579	303	3	880951494
579	294	4	880951494
579	326	3	880951494
579	327	3	880951494
417	781	3	880951559
579	289	2	880951569
579	748	3	880951569
579	877	1	880951594
599	237	5	880951595
579	245	2	880951595
599	1152	4	880951623
599	282	5	880951657
599	1	4	880951657
579	528	4	880951708
579	520	4	880951708
579	234	3	880951708
417	1135	4	880951717
417	49	3	880951737
579	408	3	880951740
579	1	4	880951740
579	523	3	880951740
599	1315	4	880951743
579	173	5	880951765
579	82	3	880951783
579	676	3	880951784
579	98	4	880951804
579	169	4	880951867
579	69	2	880951868
599	1014	4	880951885
599	111	5	880951885
417	162	3	880951886
579	209	4	880951944
579	210	3	880951944
579	65	3	880951944
599	845	5	880951974
579	50	5	880951984
579	228	3	880951984
579	7	3	880952006
579	603	5	880952006
599	756	5	880952037
579	183	4	880952038
579	179	3	880952038
579	435	5	880952038
417	552	2	880952066
579	89	3	880952102
579	582	4	880952102
417	944	4	880952141
579	168	4	880952142
579	111	4	880952142
579	709	5	880952142
599	595	5	880952144
599	274	5	880952144
579	514	3	880952165
579	1446	2	880952165
599	1278	5	880952185
579	655	3	880952201
579	100	4	880952201
579	204	3	880952201
579	238	3	880952201
417	29	2	880952218
599	284	4	880952229
599	846	5	880952229
599	280	5	880952229
599	866	2	880952229
579	186	3	880952237
579	433	3	880952237
579	382	3	880952237
599	535	4	880952267
579	202	5	880952270
579	194	5	880952271
579	4	2	880952271
579	216	5	880952299
579	70	3	880952299
599	763	5	880952316
599	1095	4	880952316
579	732	4	880952335
579	153	4	880952335
579	428	4	880952335
579	25	4	880952335
417	167	3	880952355
599	1048	2	880952357
599	975	5	880952357
579	56	3	880952360
579	49	3	880952360
579	83	5	880952360
579	381	3	880952360
417	665	2	880952400
579	393	4	880952409
417	1411	3	880952418
417	999	3	880952434
579	88	4	880952440
579	692	4	880952440
579	211	3	880952476
599	1277	4	880952496
579	66	4	880952516
579	1110	1	880952516
417	1416	2	880952534
579	845	4	880952549
579	1047	3	880952579
579	1074	3	880952579
417	1157	4	880952616
417	797	3	880952656
417	449	3	880952674
417	444	4	880952691
417	67	4	880952837
417	780	4	880952880
599	1357	2	880952905
417	725	4	880952970
417	452	2	880952970
417	1207	3	880952970
417	373	3	880952988
417	450	2	880953014
417	669	2	880953014
417	668	2	880953014
417	364	3	880953014
417	545	1	880953033
417	1247	3	880953033
417	743	2	880953053
417	769	1	880953071
417	1230	2	880953088
599	508	3	880953441
599	278	3	880953441
599	471	4	880953441
599	546	4	880953441
599	476	4	880953441
599	245	3	880953441
599	928	4	880953441
599	815	3	880953441
599	934	3	880953441
599	120	3	880953441
385	512	5	880958750
379	855	4	880961506
379	631	5	880961600
379	157	4	880961600
379	729	4	880961621
379	644	5	880961648
379	434	3	880961672
379	1206	2	880961672
379	514	3	880961718
379	524	4	880961742
379	372	4	880961807
379	746	3	880961839
379	710	4	880961839
379	239	4	880961874
379	637	2	880962047
379	563	2	880962106
379	401	3	880962187
379	63	2	880962215
379	1035	3	880962256
379	843	4	880962285
159	1092	2	880989744
159	127	5	880989744
159	597	5	880989838
159	310	5	880989865
159	24	5	880989865
894	754	4	880993317
894	311	4	880993317
894	271	2	880993335
894	887	4	880993374
894	689	3	880993390
894	283	3	880993490
894	508	3	880993490
894	16	3	880993614
894	595	3	880993632
894	7	4	880993632
894	1048	4	880993661
894	121	3	880993662
894	1010	4	880993662
894	147	3	880993709
894	107	3	880993709
894	1009	4	880993709
894	279	4	880993709
894	280	3	880993709
894	472	3	880993730
894	827	3	880993766
894	287	4	880993766
894	1381	3	880993766
45	288	3	880996629
706	294	4	880996945
706	245	3	880996945
706	331	5	880996945
706	682	2	880996945
706	288	3	880996945
706	333	1	880996945
706	323	4	880996945
706	687	1	880996945
706	325	1	880996945
706	258	4	880997001
706	181	4	880997105
706	9	3	880997105
706	273	3	880997142
706	50	5	880997142
706	471	4	880997172
706	24	3	880997172
706	125	5	880997172
706	117	4	880997195
706	100	1	880997211
706	742	2	880997324
706	1	4	880997324
706	25	4	880997385
706	7	3	880997412
706	628	4	880997412
706	756	4	880997412
706	410	4	880997444
706	118	3	880997464
706	148	4	880997464
706	237	4	880997482
379	357	5	881000269
379	133	4	881000300
379	383	2	881000374
870	268	3	881000751
870	246	3	881000751
437	287	2	881000931
437	213	4	881000931
437	709	5	881000931
437	50	5	881000958
437	173	4	881001023
437	466	2	881001121
437	117	1	881001121
437	683	2	881001121
437	281	1	881001148
437	186	3	881001208
437	770	3	881001208
437	1211	4	881001208
870	1021	2	881001249
870	191	3	881001249
870	511	3	881001249
870	949	3	881001249
870	1118	3	881001249
870	781	3	881001249
870	508	3	881001249
870	1019	3	881001249
870	1221	3	881001249
870	1006	2	881001249
437	244	3	881001270
437	94	4	881001436
437	1006	3	881001472
437	319	5	881001538
437	727	3	881001576
437	139	3	881001576
437	86	4	881001715
437	202	5	881001715
437	121	3	881001766
437	153	5	881001888
437	736	5	881001888
437	473	5	881001888
437	969	4	881001888
437	657	5	881001888
437	275	5	881001888
437	655	4	881001945
437	435	3	881001945
437	15	4	881001946
437	189	2	881001946
437	99	4	881001946
437	652	4	881001983
437	1148	4	881001983
437	421	4	881001983
437	428	5	881001983
437	708	4	881002026
437	111	3	881002067
437	301	3	881002067
437	1262	3	881002091
437	946	3	881002092
437	588	3	881002092
437	778	3	881002092
437	812	3	881002092
437	566	3	881002161
437	1113	4	881002161
437	70	3	881002161
437	168	3	881002161
437	1206	4	881002191
437	420	3	881002191
437	210	3	881002191
437	523	3	881002191
437	1404	2	881002263
437	254	3	881002300
437	672	1	881002300
437	640	1	881002300
437	478	5	881002323
437	961	5	881002323
437	462	5	881002324
437	165	4	881002324
437	716	5	881002345
437	651	4	881002345
437	480	4	881002345
437	179	4	881002345
437	1007	5	881002374
437	151	5	881002374
437	1075	4	881002374
437	955	4	881002404
437	629	3	881002405
742	258	5	881005590
742	294	3	881005590
742	321	3	881005611
634	333	4	881007052
45	127	5	881007272
45	50	5	881007272
92	406	2	881008058
45	7	3	881008080
117	1059	3	881008632
45	282	4	881008636
45	237	4	881008636
45	257	5	881008781
117	1012	4	881008815
117	1016	5	881008815
117	25	4	881009470
117	928	3	881009471
117	1047	2	881009697
117	977	3	881009738
117	546	3	881009758
117	763	5	881009890
117	597	4	881010052
117	829	3	881010219
117	252	3	881010322
117	1057	2	881010401
117	743	1	881010401
117	406	3	881010556
117	368	3	881010610
117	1165	3	881010727
117	931	3	881010728
45	100	5	881010742
45	181	4	881010742
117	1095	3	881010938
45	845	4	881011188
117	758	2	881011217
117	12	5	881011350
117	156	4	881011376
117	174	4	881011393
117	789	4	881011413
45	111	4	881011550
117	33	4	881011697
117	588	3	881011697
117	173	5	881011697
117	164	5	881011727
117	144	4	881011807
117	56	5	881011807
117	11	5	881011824
95	532	4	881011974
117	176	5	881012028
117	132	4	881012110
117	628	5	881012174
45	276	5	881012184
45	15	4	881012184
45	1060	3	881012184
117	214	5	881012193
117	195	5	881012255
117	210	4	881012293
45	109	5	881012356
45	13	5	881012356
117	98	4	881012430
117	143	1	881012472
117	423	4	881012472
117	96	5	881012530
117	168	5	881012550
117	421	5	881012601
117	184	3	881012601
117	172	5	881012623
117	772	4	881012728
117	179	5	881012776
117	265	4	881012940
45	742	4	881013176
45	1	5	881013176
45	121	4	881013563
45	762	4	881013563
45	763	2	881013563
45	151	2	881013885
45	25	4	881014015
45	596	3	881014015
45	225	4	881014070
45	597	3	881014070
45	284	4	881014130
45	21	3	881014193
45	952	4	881014247
45	473	3	881014417
45	472	3	881014417
45	1059	2	881014417
45	118	4	881014550
45	278	3	881014550
45	24	3	881014550
45	108	4	881014620
45	1001	3	881014785
45	823	4	881014785
45	993	4	881014785
605	338	2	881015064
605	223	5	881015099
45	756	2	881015244
45	764	4	881015310
45	926	3	881015386
45	826	3	881015386
45	411	3	881015657
45	476	3	881015729
45	934	2	881015860
45	820	4	881015860
45	1061	2	881016056
605	12	4	881016144
605	408	5	881016144
605	462	5	881016176
315	340	4	881017170
315	305	5	881017419
907	271	5	881030073
907	633	5	881030348
907	1284	5	881030348
907	5	5	881030348
907	322	5	881030348
907	284	5	881030348
907	96	5	881030348
907	1047	5	881030348
907	506	5	881030348
907	88	5	881030348
907	281	5	881030348
913	742	3	881036957
913	527	5	881036957
913	741	4	881037004
913	1240	2	881037004
913	276	3	881037047
913	11	4	881037106
913	260	1	881037229
913	343	1	881037310
913	469	3	881037459
913	462	3	881037459
913	222	3	881037459
913	273	3	881037670
385	1449	4	881047049
385	1499	5	881047168
532	538	4	881048155
222	271	4	881057647
394	173	5	881057730
394	423	5	881057839
394	174	5	881057914
222	689	4	881058008
394	679	3	881058062
394	233	3	881058062
394	550	4	881058101
394	554	4	881058101
222	338	1	881058145
394	720	2	881058146
394	38	4	881058146
394	546	4	881058167
394	597	2	881058201
394	29	3	881058201
394	802	1	881058201
394	391	4	881058330
394	797	3	881058330
394	540	4	881058330
394	576	2	881058371
394	68	5	881058419
222	182	4	881058666
394	386	3	881058897
394	763	3	881058929
394	73	3	881058929
394	411	4	881058969
222	208	3	881059014
222	357	4	881059014
222	127	5	881059039
222	198	4	881059039
394	795	2	881059103
394	940	3	881059103
222	812	2	881059117
222	432	3	881059142
394	1079	3	881059148
394	780	2	881059180
394	158	3	881059315
394	67	5	881059383
222	185	4	881059419
222	431	4	881059461
394	63	4	881059464
222	588	4	881059537
222	529	2	881059537
394	364	3	881059544
394	1484	4	881059619
222	781	3	881059677
222	658	3	881059678
222	679	2	881059678
394	383	2	881059704
394	577	2	881059704
222	710	4	881059714
222	941	3	881059736
222	972	2	881059758
222	51	3	881059816
222	68	4	881059876
222	433	4	881059876
222	44	3	881059877
394	928	4	881059902
222	441	2	881059920
222	392	4	881059920
222	378	1	881059993
222	1438	4	881059993
222	1035	2	881060015
394	773	4	881060053
222	140	1	881060062
222	217	3	881060062
222	585	3	881060062
222	808	3	881060130
222	1041	3	881060155
222	80	2	881060155
394	552	3	881060176
394	979	5	881060177
394	561	4	881060177
222	233	2	881060205
222	386	2	881060205
222	377	1	881060205
222	1188	3	881060281
222	849	4	881060281
222	578	3	881060281
222	576	3	881060305
394	1210	3	881060330
222	501	2	881060331
394	771	4	881060366
222	780	3	881060370
222	468	2	881060412
222	816	1	881060412
222	1045	3	881060412
222	554	2	881060435
222	1066	1	881060435
222	1074	3	881060504
222	1179	1	881060550
222	700	3	881060550
222	575	3	881060550
222	40	1	881060550
222	1044	4	881060578
222	719	1	881060578
222	769	2	881060608
222	1029	1	881060608
222	1250	1	881060635
222	391	3	881060635
222	41	3	881060659
222	1207	2	881060659
222	373	3	881060659
222	537	4	881060735
222	712	3	881060735
222	1053	3	881060735
222	734	2	881060735
222	1239	2	881060762
222	571	2	881060823
222	450	3	881060824
222	446	3	881060824
222	471	3	881060992
222	1011	4	881061049
222	424	1	881061049
222	148	2	881061164
222	763	3	881061165
222	685	4	881061165
222	409	3	881061213
222	929	1	881061213
222	413	3	881061213
222	120	2	881061304
222	368	1	881061326
222	1057	4	881061370
222	931	1	881061396
749	406	4	881072892
749	984	3	881073009
749	484	5	881073043
749	1013	1	881073081
749	127	4	881073104
749	609	4	881073104
749	1023	3	881073104
749	187	3	881073104
130	269	4	881075976
130	682	4	881076059
130	888	3	881076146
130	342	3	881076199
525	332	4	881085178
525	300	4	881085217
525	288	4	881085217
525	289	3	881085256
525	322	2	881085256
525	127	3	881085647
525	282	4	881085648
525	125	3	881085709
525	248	4	881085709
525	257	4	881085739
525	181	4	881085740
525	742	3	881085843
525	121	4	881085893
525	237	4	881085893
525	147	3	881085893
525	25	5	881085917
525	250	3	881085917
525	762	4	881085917
525	1	4	881085964
525	15	4	881085964
525	472	2	881086012
525	7	3	881086051
525	111	4	881086051
525	123	3	881086051
525	14	3	881086078
525	1012	3	881086078
525	255	1	881086078
525	124	3	881086108
525	293	3	881086108
525	100	4	881086108
525	475	3	881086108
525	596	4	881086195
525	1047	2	881086274
525	1011	3	881086274
525	685	4	881086295
525	118	3	881086393
525	713	4	881086393
525	829	2	881086393
525	1315	4	881086393
525	597	3	881086413
525	1014	3	881086468
525	276	5	881086468
525	676	2	881086518
525	281	3	881086562
525	151	5	881086562
525	928	3	881086586
525	411	3	881086612
525	291	2	881086644
525	405	4	881086693
525	412	2	881086757
525	252	3	881086780
525	595	2	881086803
829	100	4	881086893
829	13	4	881086933
525	106	2	881086938
829	410	3	881086959
525	269	5	881087067
557	300	4	881095916
557	50	4	881095916
557	872	5	881095916
557	532	5	881095916
557	298	5	881095916
557	299	4	881095916
557	343	4	881095995
825	124	3	881097389
825	919	1	881099316
825	275	3	881100775
825	832	3	881101246
825	1011	3	881101246
825	833	4	881101329
825	195	5	881101543
825	566	5	881101543
825	98	5	881101641
825	176	5	881101641
825	385	5	881101641
825	423	5	881101641
825	746	5	881101782
825	491	4	881101782
825	174	5	881101782
825	12	5	881101782
292	79	5	881103434
292	183	5	881103478
292	665	3	881103478
292	343	2	881103478
292	176	5	881103478
292	919	5	881103508
292	195	5	881103568
292	96	4	881103568
292	482	5	881103606
292	173	5	881103631
292	180	5	881103652
292	657	5	881103711
292	98	5	881103758
292	209	5	881103874
292	285	4	881103896
292	475	5	881103896
292	276	5	881103915
292	298	4	881103977
292	515	4	881103977
292	50	4	881103977
292	100	5	881103999
292	248	4	881103999
292	181	4	881104068
292	7	3	881104068
292	408	4	881104068
292	510	4	881104093
292	11	5	881104093
292	124	4	881104147
292	1	4	881104147
292	9	4	881104148
292	115	4	881104194
292	151	5	881104268
292	127	5	881104268
292	83	5	881104360
292	125	2	881104401
292	1014	3	881104424
292	844	5	881104481
292	1142	4	881104481
292	24	4	881104481
292	324	3	881104533
292	1010	4	881104581
292	117	4	881104606
292	10	5	881104606
292	111	4	881104606
409	288	1	881104647
292	282	4	881104661
292	250	3	881104679
409	286	5	881104697
409	300	3	881104697
292	118	3	881104701
409	303	4	881104727
409	538	3	881104756
292	20	2	881104760
292	472	3	881104760
292	235	3	881104797
292	405	3	881104820
292	249	3	881104820
409	321	2	881104837
409	327	2	881104837
409	1176	4	881104838
292	252	3	881104881
409	338	3	881104916
409	270	2	881104916
409	937	2	881104966
292	535	3	881105031
409	322	2	881105077
409	325	4	881105077
409	326	3	881105077
409	289	1	881105077
292	628	3	881105123
292	150	4	881105135
894	863	5	881105162
292	222	3	881105195
292	228	5	881105211
292	234	5	881105245
292	499	5	881105245
292	197	5	881105246
292	486	4	881105246
292	144	5	881105280
292	226	4	881105281
42	294	4	881105296
292	168	5	881105318
292	1073	5	881105318
292	603	5	881105318
292	48	5	881105318
292	492	4	881105318
292	491	4	881105318
292	132	4	881105340
292	659	5	881105340
409	877	2	881105366
409	264	1	881105366
409	995	4	881105366
409	879	1	881105366
409	749	3	881105367
409	1392	1	881105367
409	1393	1	881105367
409	1295	1	881105367
292	64	5	881105373
292	511	5	881105373
292	320	5	881105373
292	855	5	881105373
292	56	5	881105373
292	705	4	881105374
42	276	1	881105405
292	653	4	881105442
292	194	4	881105442
292	483	5	881105442
292	203	4	881105442
292	58	5	881105442
42	125	4	881105462
292	602	4	881105481
292	199	5	881105481
292	174	5	881105481
292	654	5	881105481
42	471	4	881105505
42	118	4	881105505
292	589	4	881105516
292	479	4	881105516
292	156	5	881105516
292	223	5	881105516
42	405	4	881105541
292	661	5	881105561
292	207	5	881105561
292	523	4	881105561
42	742	4	881105581
42	284	3	881105581
292	429	5	881105587
292	153	4	881105587
292	265	4	881105587
292	607	4	881105625
292	423	5	881105625
292	484	5	881105625
292	169	5	881105625
292	190	5	881105625
42	15	4	881105633
42	1	5	881105633
292	165	4	881105657
292	528	5	881105657
292	462	3	881105657
292	419	4	881105657
292	488	5	881105657
409	266	1	881105677
409	339	2	881105677
409	876	2	881105677
409	890	1	881105677
42	282	4	881105677
409	680	1	881105677
42	924	3	881105677
409	343	3	881105677
292	525	5	881105701
292	789	4	881105701
292	135	4	881105701
292	214	3	881105701
42	281	3	881105728
292	28	4	881105734
292	193	4	881105734
42	926	3	881105766
292	1050	4	881105778
292	1039	4	881105778
292	2	4	881105778
292	86	4	881105778
292	631	5	881105778
42	274	5	881105817
42	273	3	881105817
42	546	3	881105817
42	237	4	881105882
42	222	4	881105882
42	1049	3	881105882
42	111	1	881105931
42	369	4	881105931
42	685	4	881105972
42	866	4	881105972
42	413	1	881106072
42	1028	4	881106072
42	290	3	881106072
409	1242	2	881106087
409	1093	2	881106087
409	1360	2	881106087
42	456	3	881106113
42	925	4	881106113
42	103	3	881106162
42	1048	1	881106220
42	1040	3	881106270
42	1051	4	881106270
42	409	3	881106270
42	280	4	881106270
409	1328	2	881106287
409	1369	4	881106287
42	411	4	881106317
42	1047	4	881106419
42	934	4	881106419
42	826	3	881106419
42	756	5	881106420
409	1379	3	881106451
42	977	2	881106541
42	595	1	881106582
409	1537	4	881106605
409	127	4	881106605
409	504	2	881106682
409	523	4	881106682
42	64	5	881106711
42	174	5	881106711
42	491	3	881106711
42	98	4	881106711
409	134	5	881106734
409	1512	5	881106947
409	479	5	881106947
409	618	4	881107011
409	480	5	881107056
409	12	4	881107056
409	170	4	881107084
409	171	4	881107084
409	615	5	881107084
409	526	3	881107117
409	209	5	881107117
409	116	4	881107117
409	199	4	881107117
409	485	2	881107155
409	608	4	881107155
409	478	4	881107155
409	180	5	881107155
42	96	5	881107178
42	50	5	881107178
42	419	5	881107178
42	176	3	881107178
42	95	5	881107220
42	173	5	881107220
42	172	5	881107220
409	663	4	881107251
409	216	4	881107251
409	427	5	881107251
409	175	4	881107251
42	568	4	881107256
409	50	5	881107281
409	528	4	881107281
409	1558	5	881107281
42	181	5	881107291
409	514	5	881107310
409	435	3	881107310
409	484	4	881107310
42	136	4	881107329
42	194	5	881107329
409	474	5	881107351
409	275	4	881107351
409	603	5	881107351
42	69	4	881107375
42	523	5	881107375
409	165	4	881107410
409	659	5	881107410
409	923	5	881107410
409	1070	4	881107410
409	357	5	881107410
409	168	5	881107410
409	1020	5	881107410
42	215	5	881107413
42	203	4	881107413
42	185	4	881107449
42	82	4	881107449
42	658	2	881107502
42	603	4	881107502
42	12	4	881107502
42	97	3	881107502
42	132	5	881107502
42	606	3	881107538
42	228	4	881107538
42	1050	3	881107538
409	203	5	881107539
409	89	5	881107539
409	223	4	881107539
42	87	4	881107576
409	530	4	881107602
409	483	4	881107602
409	481	3	881107602
42	655	3	881107642
409	466	4	881107666
409	192	4	881107666
409	1524	4	881107666
42	423	5	881107687
42	175	2	881107687
42	357	5	881107687
42	969	5	881107687
42	202	5	881107687
409	654	3	881107697
409	607	5	881107697
42	496	5	881107718
42	318	5	881107718
42	196	5	881107718
409	1194	5	881107750
409	1073	4	881107750
409	172	5	881107750
409	475	4	881107750
409	213	4	881107750
409	99	3	881107750
42	168	3	881107773
42	427	4	881107773
42	692	4	881107773
409	496	5	881107817
409	191	5	881107817
409	178	5	881107817
409	179	5	881107817
409	1449	5	881107817
409	429	5	881107817
409	98	5	881107817
409	661	5	881107817
409	647	5	881107817
409	489	5	881107817
42	183	4	881107821
42	48	5	881107821
42	566	5	881107821
42	204	5	881107821
409	135	5	881107860
42	86	3	881107880
42	211	4	881107880
409	632	3	881107902
409	520	2	881107943
409	318	4	881107943
409	505	5	881107943
409	28	2	881107943
409	511	5	881107943
42	195	5	881107949
42	265	3	881107989
42	521	2	881107989
409	100	5	881107992
409	1541	4	881107992
409	166	4	881107992
409	205	3	881107992
409	14	5	881107992
409	136	4	881107992
409	9	4	881107992
42	79	5	881108040
42	428	3	881108040
42	58	5	881108040
409	22	2	881108077
409	631	3	881108077
42	83	4	881108093
42	462	2	881108093
42	443	3	881108093
42	684	4	881108093
42	234	4	881108093
409	187	3	881108126
409	633	4	881108126
409	657	3	881108126
42	479	4	881108147
42	432	3	881108147
42	588	5	881108147
42	216	5	881108147
42	385	5	881108147
42	418	5	881108147
409	58	4	881108170
409	714	3	881108170
409	382	4	881108170
409	433	4	881108170
42	239	5	881108187
42	736	5	881108187
42	28	5	881108187
42	143	4	881108229
42	72	3	881108229
42	71	4	881108229
42	161	4	881108229
409	173	3	881108246
409	79	4	881108246
409	855	4	881108246
42	746	3	881108279
42	781	4	881108280
42	66	4	881108280
42	501	5	881108345
42	729	3	881108345
42	99	5	881108346
42	732	5	881108346
42	468	4	881108346
409	493	4	881108364
409	381	2	881108364
409	604	4	881108364
409	461	3	881108364
42	88	5	881108425
42	755	4	881108425
42	467	3	881108425
42	794	3	881108425
409	133	4	881108455
409	48	2	881108455
409	59	5	881108455
409	276	4	881108455
42	939	4	881108484
42	660	3	881108484
42	73	4	881108484
409	709	4	881108496
409	204	5	881108496
42	679	2	881108548
42	735	4	881108548
42	131	2	881108548
42	44	3	881108548
42	380	4	881108548
42	1043	2	881108633
42	210	5	881108633
409	154	5	881108648
409	664	4	881108648
409	854	4	881108648
42	77	5	881108684
42	403	3	881108684
42	229	4	881108684
409	498	4	881108715
409	156	2	881108715
409	60	5	881108715
409	207	3	881108715
42	433	2	881108760
42	371	4	881108760
42	404	5	881108760
42	506	3	881108760
42	1046	3	881108760
42	387	3	881108760
409	676	2	881108777
409	965	2	881108777
409	115	2	881108777
409	65	4	881108777
409	8	3	881108777
409	87	3	881108777
42	953	2	881108815
409	211	4	881108829
409	606	4	881108829
409	609	3	881108829
409	1097	2	881108829
42	63	4	881108873
42	1045	2	881108873
42	102	5	881108873
42	625	3	881108873
409	30	4	881108881
409	174	4	881108881
42	582	3	881108928
409	83	3	881108971
409	1593	4	881108971
409	945	3	881108971
42	999	4	881108982
42	54	4	881108982
42	451	2	881108982
42	402	5	881108982
409	491	2	881109019
409	529	5	881109019
409	708	4	881109019
409	1159	2	881109019
409	404	2	881109019
409	181	4	881109019
409	201	1	881109019
42	141	3	881109059
42	941	4	881109060
42	227	4	881109060
42	785	4	881109060
42	1041	4	881109060
42	135	4	881109148
42	230	5	881109148
42	70	3	881109148
42	38	3	881109148
42	367	2	881109149
42	720	4	881109149
409	210	4	881109175
409	486	3	881109175
409	428	4	881109175
409	705	2	881109175
409	527	4	881109175
409	200	2	881109175
409	23	4	881109175
409	197	3	881109215
409	214	4	881109216
409	97	5	881109216
409	733	4	881109264
409	283	4	881109264
409	206	4	881109264
409	367	3	881109264
409	162	4	881109264
409	1065	2	881109264
42	559	2	881109271
42	142	4	881109271
42	627	2	881109271
42	1044	4	881109271
42	2	5	881109271
409	195	4	881109306
409	6	4	881109306
42	469	4	881109324
42	219	1	881109324
42	43	2	881109325
42	1042	3	881109325
409	202	3	881109347
409	518	1	881109347
409	516	4	881109347
409	186	5	881109420
409	61	4	881109420
409	1050	4	881109420
409	684	4	881109420
42	591	4	881110138
42	283	3	881110483
42	410	3	881110483
42	151	4	881110578
42	121	4	881110578
42	25	3	881110670
42	845	5	881110719
42	834	1	881110763
431	754	3	881127436
431	538	4	881127620
431	689	3	881127786
385	198	3	881128357
394	183	4	881130008
394	176	5	881130008
394	343	3	881130008
394	665	2	881130009
394	257	4	881130047
394	250	4	881130076
394	252	3	881130112
394	380	4	881132876
394	222	4	881132876
394	228	5	881132876
394	62	4	881132876
394	50	5	881132876
394	227	4	881132877
394	229	3	881132958
394	230	3	881132958
394	449	3	881132958
394	450	3	881132958
385	462	2	881135090
409	1021	4	881168603
409	153	4	881168603
409	45	4	881168603
409	430	4	881168604
409	499	3	881168631
409	497	3	881168631
409	1346	3	881168711
409	482	4	881168712
409	285	4	881168712
409	1099	4	881168712
115	302	4	881169559
115	310	3	881169559
115	269	3	881169559
115	137	5	881169776
115	628	5	881169883
115	696	4	881169984
115	273	4	881169984
115	980	4	881169984
115	121	3	881170065
115	741	3	881170065
115	922	3	881170252
115	475	5	881170252
115	124	5	881170332
115	93	3	881170332
744	9	3	881170416
744	238	4	881170416
744	28	3	881170416
115	508	5	881170438
744	156	4	881170452
115	762	4	881170508
744	603	5	881170528
744	188	3	881170528
744	428	4	881170528
744	657	5	881170575
744	963	5	881170576
115	596	1	881170663
115	279	3	881170725
115	763	2	881170725
115	471	2	881170791
115	847	4	881170844
115	284	2	881170902
115	952	5	881170998
115	282	4	881171009
115	20	3	881171009
115	1067	4	881171009
115	117	4	881171009
115	237	2	881171075
115	192	5	881171137
115	174	5	881171137
115	317	5	881171137
115	496	1	881171203
115	176	5	881171203
115	187	5	881171203
115	558	5	881171203
115	48	5	881171203
115	772	4	881171273
115	172	4	881171273
115	22	3	881171273
115	462	4	881171273
115	79	4	881171273
115	32	5	881171348
115	23	5	881171348
115	11	4	881171348
115	56	5	881171409
115	98	3	881171409
115	185	5	881171409
115	654	5	881171409
744	481	3	881171420
744	482	3	881171420
744	23	4	881171420
744	174	4	881171421
744	483	4	881171452
744	127	5	881171481
744	1134	3	881171482
744	479	5	881171482
115	657	3	881171488
115	183	5	881171488
115	265	2	881171488
115	228	4	881171488
115	1073	5	881171488
115	684	3	881171489
115	431	4	881171558
115	466	5	881171558
115	673	3	881171558
115	443	4	881171622
115	218	3	881171623
115	77	2	881171623
115	642	5	881171693
115	33	4	881171693
115	229	3	881171693
115	470	2	881171694
115	127	5	881171760
744	302	5	881171820
744	340	3	881171820
115	479	5	881171825
115	69	1	881171825
744	307	4	881171839
744	301	3	881171857
744	276	4	881171907
744	237	4	881171907
744	508	5	881171907
744	1	4	881171926
115	8	5	881171982
115	9	5	881171982
115	1008	5	881171982
115	7	5	881171982
115	100	5	881171982
115	357	5	881171982
115	240	5	881171982
115	12	5	881171982
115	234	5	881171982
115	13	5	881171983
115	50	5	881172049
115	89	5	881172049
115	92	4	881172049
115	181	4	881172049
115	511	5	881172117
115	530	5	881172117
115	177	5	881172117
115	4	4	881172117
115	82	4	881172117
115	96	3	881172117
115	969	1	881172183
115	644	3	881172183
115	83	3	881172183
115	178	5	881172246
115	543	2	881172303
744	50	3	881172357
744	628	2	881172357
690	294	3	881177237
690	73	2	881177271
690	655	4	881177272
690	216	4	881177302
690	238	5	881177302
690	208	5	881177302
690	56	4	881177349
690	186	4	881177349
690	202	2	881177349
690	211	3	881177349
690	194	4	881177349
690	663	4	881177376
690	168	3	881177376
690	204	3	881177430
690	25	3	881177430
690	514	1	881177430
690	8	4	881177430
690	85	1	881177430
690	523	4	881177430
690	629	1	881177459
690	1118	1	881177459
690	163	3	881177459
690	4	3	881177459
690	153	5	881177485
690	428	1	881177506
690	239	2	881177532
690	746	2	881177532
690	72	2	881177553
690	763	4	881177553
690	66	3	881177581
690	210	3	881177581
690	435	5	881177616
690	393	4	881177616
690	167	2	881177662
690	781	2	881177662
690	88	4	881177689
690	232	4	881177689
690	274	3	881177721
690	80	3	881177778
690	1185	1	881177778
690	63	3	881177804
690	384	3	881177804
690	1041	3	881177804
690	158	4	881177835
690	94	4	881177836
690	67	4	881177836
690	1028	4	881177836
690	396	2	881177861
690	712	4	881177880
690	376	3	881177910
690	451	4	881177910
690	780	4	881177910
690	722	3	881177937
690	790	3	881177970
690	585	2	881177970
690	364	3	881178026
690	127	4	881178213
690	9	3	881178232
690	276	3	881178293
690	237	4	881178330
690	148	3	881178365
690	546	4	881178383
690	284	4	881178442
690	993	3	881178697
690	223	4	881179069
557	887	3	881179118
690	357	5	881179122
557	269	3	881179139
557	270	3	881179166
690	98	5	881179196
557	682	2	881179213
690	496	4	881179222
690	154	3	881179222
557	865	3	881179268
557	305	3	881179268
557	875	4	881179291
690	69	5	881179293
557	334	4	881179362
557	166	4	881179397
557	529	5	881179455
690	47	1	881179469
690	120	1	881179469
690	240	1	881179469
690	716	1	881179469
690	90	1	881179469
690	174	4	881179505
690	89	2	881179505
690	705	1	881179505
557	198	5	881179513
557	739	3	881179539
557	271	4	881179557
690	70	2	881179584
557	150	3	881179621
690	203	4	881179631
690	12	4	881179631
690	1	4	881179631
557	268	5	881179653
557	1176	5	881179653
557	165	5	881179653
557	12	5	881179653
557	197	5	881179653
557	337	5	881179653
557	8	5	881179653
557	307	5	881179653
557	180	5	881179653
557	96	5	881179653
690	64	5	881179682
690	79	4	881179809
690	431	2	881179856
690	742	3	881179878
690	234	4	881179878
690	77	3	881179906
690	121	3	881179906
690	649	4	881179906
690	218	5	881179906
690	443	3	881179937
690	642	3	881179937
690	684	4	881179938
690	233	3	881179968
690	636	4	881179969
690	226	3	881179969
690	159	3	881180005
690	53	2	881180005
690	281	3	881180005
690	554	3	881180005
690	1210	3	881180035
690	1042	4	881180035
690	118	4	881180056
690	581	2	881180109
690	1207	3	881180138
690	106	3	881180138
690	1090	3	881180138
690	1273	3	881180382
690	197	4	881180427
690	747	3	881180427
690	402	3	881180497
690	51	3	881180543
690	794	3	881180543
690	739	3	881180564
805	337	2	881180971
825	930	5	881184695
825	827	4	881184695
825	982	5	881184695
825	986	5	881185343
825	1034	4	881185343
825	363	4	881185343
825	1013	2	881185672
825	323	4	881185672
825	1244	5	881185672
825	825	4	881187129
220	269	5	881197597
220	300	5	881197663
220	286	5	881197663
220	340	4	881197663
220	294	4	881197663
220	306	4	881197664
220	333	3	881197771
220	258	3	881197771
220	319	4	881197771
220	268	4	881197771
220	305	4	881197771
220	288	5	881197887
220	301	4	881197948
220	995	3	881197948
220	682	4	881198014
220	303	4	881198014
220	289	4	881198113
220	332	3	881198246
220	325	1	881198435
220	264	3	881198524
220	343	3	881198738
220	298	4	881198966
281	690	5	881200264
281	288	4	881200264
281	310	4	881200264
281	308	1	881200297
281	338	2	881200457
281	258	2	881200457
281	271	5	881200457
281	333	3	881200457
281	331	3	881200491
281	326	1	881200491
281	682	3	881200519
281	538	4	881200520
281	332	4	881200603
281	877	4	881200643
281	294	3	881200643
281	300	4	881200643
281	301	3	881200643
281	289	3	881200704
281	304	5	881200745
281	748	5	881200745
281	938	2	881200789
281	989	2	881200789
281	259	3	881200789
281	322	4	881200789
281	323	3	881200789
281	342	1	881200789
116	343	2	881246552
116	887	3	881246591
196	269	3	881250949
196	242	3	881250949
196	286	5	881250949
196	306	4	881251021
196	340	3	881251045
196	1022	4	881251143
196	251	3	881251274
196	257	2	881251577
196	1007	4	881251601
196	1241	3	881251642
196	428	4	881251702
196	381	4	881251728
196	202	3	881251728
196	285	5	881251753
196	116	3	881251753
196	8	5	881251753
196	655	5	881251793
196	111	4	881251793
196	173	2	881251820
196	153	5	881251820
196	238	4	881251820
196	70	3	881251842
196	382	4	881251843
196	393	4	881251863
196	287	3	881251884
196	66	3	881251911
196	663	5	881251911
196	845	4	881251954
196	13	2	881251955
196	762	3	881251955
196	25	4	881251955
795	257	3	881252002
196	692	5	881252017
196	67	5	881252017
196	580	2	881252056
196	411	4	881252090
196	108	4	881252110
196	1118	4	881252128
196	94	3	881252172
196	110	1	881252305
795	42	3	881252510
795	208	4	881252835
795	4	4	881253238
484	181	5	881254239
484	50	5	881254239
484	293	5	881254899
114	269	4	881256090
795	432	3	881258945
795	58	4	881259362
114	318	3	881259495
114	659	4	881259495
114	172	5	881259495
114	98	4	881259495
114	357	4	881259525
114	679	2	881259741
114	654	3	881259741
114	224	3	881259839
114	482	4	881259839
114	168	3	881259927
114	100	5	881259927
114	175	5	881259955
114	96	3	881259955
114	496	4	881259994
114	182	3	881259994
114	89	5	881260024
114	474	5	881260170
114	176	5	881260203
114	505	3	881260203
114	483	4	881260246
114	640	2	881260303
114	507	3	881260303
114	1104	5	881260352
114	186	3	881260352
114	200	3	881260409
114	485	3	881260409
114	615	2	881260441
114	204	3	881260441
114	855	3	881260473
114	520	3	881260473
114	646	4	881260473
114	655	3	881260506
114	197	4	881260506
114	183	5	881260545
114	56	3	881260545
114	135	4	881260611
114	157	2	881260611
114	179	5	881260611
795	12	4	881260621
795	152	4	881260622
114	195	4	881260861
570	302	4	881262145
570	340	3	881262145
570	258	3	881262189
570	303	5	881262256
570	271	4	881262256
570	305	5	881262256
570	288	2	881262307
570	690	3	881262307
570	301	3	881262404
570	268	3	881262404
570	326	1	881262437
570	324	2	881262437
570	245	1	881262497
570	748	3	881262497
570	289	1	881262497
570	886	2	881262534
570	243	1	881262557
570	358	2	881262582
570	286	4	881262625
570	879	2	881262795
570	327	4	881262795
570	321	1	881262795
795	175	5	881263767
795	47	3	881265108
795	189	3	881265284
795	214	4	881265372
795	144	4	881265483
795	265	3	881265483
795	91	5	881265483
795	423	2	881265617
795	710	3	881265617
795	238	3	881266197
483	271	3	881273325
861	294	3	881274504
861	305	4	881274504
861	242	5	881274504
861	321	1	881274504
861	286	4	881274504
861	937	4	881274504
861	319	5	881274504
861	289	5	881274504
861	301	4	881274504
861	292	4	881274504
861	531	4	881274529
861	14	4	881274612
861	275	5	881274612
861	86	5	881274630
861	70	4	881274672
861	179	1	881274672
861	170	5	881274672
861	736	4	881274672
861	83	5	881274672
861	462	4	881274698
861	463	3	881274698
861	45	5	881274698
861	529	5	881274718
861	52	5	881274718
861	116	4	881274739
861	10	3	881274739
861	509	5	881274739
861	213	5	881274759
861	740	4	881274760
861	475	3	881274760
861	382	5	881274780
861	381	4	881274780
861	582	2	881274796
861	584	5	881274815
861	1009	5	881274857
861	20	4	881274857
861	547	4	881274857
861	737	3	881274883
861	714	4	881274899
861	1148	3	881274913
861	26	3	881274936
861	1227	4	881274936
861	949	4	881274937
743	300	4	881277267
743	292	3	881277267
743	302	5	881277267
743	269	4	881277267
743	242	4	881277267
743	308	2	881277314
743	301	4	881277357
743	303	5	881277357
743	258	5	881277357
743	289	3	881277357
743	268	4	881277551
743	340	3	881277551
743	311	5	881277551
743	286	3	881277602
743	748	4	881277656
743	259	3	881277656
743	326	3	881277656
743	879	4	881277656
743	294	2	881277656
743	288	2	881277690
743	321	2	881277690
743	322	3	881277750
743	338	1	881277800
743	276	5	881277855
743	15	3	881277855
743	744	5	881277892
743	408	4	881277931
743	181	3	881277931
743	224	5	881277931
743	297	5	881277931
743	100	5	881277962
743	222	4	881277962
743	9	5	881278061
743	298	4	881278061
743	273	3	881278061
218	12	5	881288233
218	98	5	881288233
218	654	4	881288234
218	603	4	881288234
218	466	4	881288234
218	183	5	881288265
218	39	2	881288265
218	55	4	881288265
218	657	5	881288265
218	1073	5	881288265
218	23	4	881288298
218	176	5	881288299
218	273	4	881288351
218	642	3	881288351
218	431	3	881288386
218	33	4	881288386
218	265	3	881288408
218	591	3	881288574
218	504	3	881288574
218	789	3	881288574
218	410	3	881288574
218	695	3	881288574
218	8	3	881288574
218	5	3	881288574
218	164	3	881288574
218	56	3	881288574
218	294	2	881288574
218	203	4	881288620
374	1218	2	881291426
758	338	4	881295151
758	342	4	881295151
758	689	1	881295176
758	1025	3	881295176
758	687	3	881295189
385	156	4	881308434
114	191	3	881309511
114	171	4	881309511
114	210	3	881309511
114	527	3	881309586
114	153	3	881309622
114	156	4	881309662
114	522	5	881309662
114	180	3	881309718
742	50	4	881335248
742	24	3	881335248
742	1	4	881335281
742	181	3	881335281
742	127	5	881335361
742	13	4	881335361
742	14	5	881335361
742	508	4	881335461
742	591	4	881335461
742	15	4	881335461
742	124	4	881335461
742	475	4	881335492
742	100	5	881335492
742	7	3	881335492
742	284	3	881335492
742	1012	4	881335528
742	117	2	881335528
742	546	1	881335598
742	282	3	881335857
742	237	4	881335960
742	109	1	881335960
742	250	3	881336006
742	222	2	881336006
825	823	4	881342978
825	1087	3	881343153
825	741	4	881343947
319	689	3	881355802
125	270	4	881357122
913	19	5	881366383
192	269	3	881366436
192	258	5	881366456
913	175	5	881366473
192	302	5	881366489
192	301	4	881366490
192	340	4	881366535
192	1265	3	881366585
192	289	4	881366615
913	432	3	881366721
913	99	4	881366878
913	12	4	881366897
913	25	3	881366974
913	131	5	881367150
913	209	2	881367150
913	428	3	881367151
913	185	4	881367173
913	596	1	881367210
913	530	2	881367312
913	436	3	881367312
192	813	4	881367456
192	1160	4	881367456
192	1405	5	881367456
192	127	4	881367456
192	50	4	881367505
192	255	2	881367505
192	276	2	881367505
192	9	5	881367527
192	257	4	881367592
913	189	3	881367594
192	25	4	881367618
913	174	5	881367620
192	1137	4	881367705
192	100	5	881367706
913	15	3	881367770
192	7	4	881367791
192	125	3	881367849
192	515	4	881367889
192	118	2	881367932
192	277	3	881367932
192	284	5	881367987
192	287	4	881368016
192	235	3	881368090
192	121	2	881368127
192	111	2	881368222
192	476	2	881368243
913	179	3	881368269
192	252	1	881368277
192	948	3	881368302
913	82	3	881368310
913	227	1	881368310
913	228	5	881368310
913	423	3	881368310
192	108	4	881368339
192	1171	2	881368358
913	418	3	881368742
913	729	3	881368824
913	151	4	881368824
192	1061	4	881368891
913	28	3	881369039
913	747	3	881369407
913	22	5	881369920
153	294	2	881370859
153	322	3	881370900
153	323	2	881370900
153	321	3	881370900
153	325	2	881370935
153	678	2	881370935
153	64	5	881371005
153	216	2	881371032
153	265	4	881371032
153	357	5	881371059
153	127	3	881371140
153	50	1	881371140
153	56	5	881371140
153	172	1	881371140
153	174	1	881371140
153	181	1	881371140
153	22	2	881371140
153	568	4	881371140
153	182	5	881371198
153	187	2	881371198
153	510	3	881371198
153	79	5	881371198
153	258	5	881371336
456	14	5	881371427
456	1008	4	881371427
456	508	4	881371427
456	150	4	881371453
456	985	3	881371492
456	1	2	881371548
456	1129	4	881371548
456	919	4	881371548
456	1198	4	881371595
456	933	3	881371595
456	922	4	881371595
456	3	4	881371660
456	864	4	881371660
456	109	3	881371660
456	547	3	881371660
456	979	3	881371694
456	282	3	881371694
456	1324	4	881371720
456	222	2	881371766
456	952	4	881371766
456	1010	5	881371766
456	845	3	881371839
456	369	3	881371942
456	405	1	881371942
456	546	4	881371942
456	111	3	881371942
456	460	3	881371942
456	274	3	881371977
456	763	4	881372015
456	125	4	881372015
456	121	2	881372052
456	1059	4	881372052
456	696	3	881372078
456	544	3	881372114
456	818	3	881372114
456	1009	5	881372160
456	410	4	881372160
456	1057	3	881372191
456	1081	4	881372191
456	824	3	881372256
456	743	2	881372256
456	1134	4	881372281
456	273	3	881372328
456	9	3	881372328
456	1328	4	881372328
456	475	5	881372366
456	100	3	881372366
456	1017	4	881372574
456	129	3	881372604
456	13	4	881372604
456	289	4	881372687
456	325	3	881372687
456	324	4	881372687
456	179	5	881372779
456	59	4	881372779
456	427	4	881372779
456	98	3	881372779
456	185	4	881372849
456	209	3	881372849
456	1019	4	881372849
456	191	3	881372849
456	1604	4	881372849
456	187	4	881372911
456	32	4	881372911
456	483	4	881372911
456	943	4	881372946
456	175	3	881372946
456	174	4	881373019
456	23	4	881373019
456	172	5	881373019
456	127	5	881373019
456	443	4	881373019
456	603	5	881373019
456	357	4	881373084
456	133	3	881373084
456	490	4	881373084
456	180	4	881373084
456	433	4	881373120
456	181	3	881373120
456	608	4	881373168
456	461	4	881373168
456	135	4	881373169
456	182	3	881373228
456	61	4	881373228
456	79	3	881373228
456	772	4	881373228
456	523	4	881373353
456	56	5	881373353
456	170	5	881373353
456	474	5	881373353
456	194	3	881373472
456	505	4	881373473
456	498	4	881373473
456	234	3	881373473
456	50	4	881373473
456	462	3	881373506
456	1020	4	881373506
456	22	4	881373573
456	480	4	881373573
456	188	4	881373573
456	485	4	881373574
456	559	3	881373574
456	806	3	881373617
456	616	3	881373655
456	42	4	881373655
456	12	3	881373655
456	715	3	881373697
456	640	4	881373697
456	721	4	881373756
456	238	4	881373756
456	1267	4	881373756
456	95	4	881373756
456	708	4	881373756
456	197	4	881373793
456	168	4	881373794
456	97	4	881373838
456	655	3	881373838
456	60	4	881373838
456	177	4	881373900
456	403	2	881373900
456	367	3	881373900
456	479	5	881373900
456	91	2	881373948
456	1547	4	881373948
456	693	3	881373949
456	69	4	881373949
456	143	3	881373983
456	484	4	881373983
456	963	4	881374047
456	265	3	881374048
456	186	4	881374048
456	92	4	881374048
456	33	4	881374086
456	421	3	881374086
456	204	3	881374086
456	419	4	881374124
456	582	5	881374162
456	955	4	881374162
456	211	4	881374162
456	216	4	881374193
456	1551	3	881374193
456	568	2	881374246
456	414	3	881374331
456	747	4	881374331
456	86	2	881374332
456	1240	3	881374332
456	506	4	881374332
456	447	3	881374332
456	232	2	881374389
456	432	4	881374390
456	697	4	881374390
456	200	4	881374390
456	1421	3	881374437
456	431	4	881374437
456	68	4	881374437
456	588	3	881374462
456	57	4	881374521
456	789	3	881374522
456	218	4	881374522
456	660	5	881374522
456	228	3	881374548
456	214	4	881374586
456	448	3	881374586
456	202	3	881374586
456	423	3	881374586
456	46	3	881374613
456	710	3	881374649
456	196	4	881374649
456	662	4	881374710
456	208	4	881374710
456	1101	3	881374710
456	71	3	881374710
456	382	1	881374710
456	99	3	881374767
456	1248	3	881374767
456	580	4	881374767
456	72	1	881374801
456	673	3	881374849
456	672	1	881374849
456	210	3	881374849
456	4	3	881374849
456	217	3	881374883
456	793	3	881374883
456	1218	3	881374921
456	161	3	881374967
456	366	2	881374967
456	80	2	881374967
456	1478	4	881374993
456	1222	2	881375019
456	1220	3	881375051
456	380	3	881375097
456	578	2	881375127
456	959	4	881375127
456	581	3	881375155
456	449	3	881375226
456	739	3	881375226
456	231	2	881375226
456	737	3	881375254
456	53	4	881375284
456	1168	4	881375284
456	101	3	881375284
456	658	3	881375351
456	550	2	881375381
456	54	3	881375416
456	402	2	881375416
456	94	3	881375482
456	229	3	881375482
456	226	2	881375482
456	720	3	881375515
456	452	2	881375515
456	395	2	881375542
456	1107	4	881375587
456	294	1	881375667
279	832	3	881375854
279	342	4	881375917
887	305	5	881377532
887	50	5	881377758
887	718	1	881377812
887	7	4	881377812
887	100	2	881377854
887	127	3	881377854
887	257	5	881377854
887	1084	5	881377893
887	258	1	881377893
887	125	5	881377933
887	1015	5	881377933
887	471	3	881377972
887	1	5	881377972
887	181	5	881378040
887	288	4	881378040
887	410	4	881378040
887	763	5	881378087
887	1278	2	881378087
887	845	4	881378087
887	596	5	881378118
887	9	2	881378118
887	1012	1	881378153
887	222	3	881378153
887	294	5	881378219
887	24	5	881378219
887	993	5	881378251
887	118	5	881378289
887	109	5	881378289
887	597	5	881378325
887	871	5	881378325
887	151	5	881378325
887	243	1	881378370
887	111	5	881378370
887	121	5	881378370
887	472	4	881378402
887	1279	3	881378402
887	405	5	881378439
887	1120	5	881378439
887	279	5	881378478
887	274	1	881378478
887	235	3	881378537
887	926	5	881378537
887	25	2	881378537
887	1060	5	881378570
887	477	1	881378570
887	928	5	881378620
887	455	5	881378620
259	15	3	881378653
887	284	4	881378669
887	760	5	881378669
887	1051	4	881378773
887	1079	1	881378773
887	1047	5	881378773
887	828	3	881378854
887	1283	5	881378896
887	473	4	881378896
887	369	5	881378896
887	13	1	881378928
887	409	4	881378971
887	252	4	881378972
887	240	5	881378972
887	932	2	881379009
887	931	3	881379009
887	105	3	881379009
887	476	1	881379059
887	411	4	881379059
887	832	2	881379059
887	1028	5	881379059
887	929	1	881379059
887	756	5	881379094
887	225	4	881379094
259	121	3	881379128
887	254	4	881379145
887	412	5	881379188
887	934	4	881379188
887	122	5	881379239
887	1383	4	881379239
887	826	1	881379239
887	1013	4	881379295
887	1033	4	881379295
887	98	3	881379345
887	202	5	881379346
887	183	1	881379449
887	28	5	881379522
887	1473	1	881379522
887	699	1	881379566
887	22	5	881379566
887	568	2	881379566
887	839	4	881379566
887	491	2	881379566
887	655	1	881379609
887	318	5	881379649
887	210	5	881379649
887	496	4	881379685
887	431	3	881379685
887	172	5	881379718
887	427	5	881379718
887	95	4	881379718
887	419	2	881379748
887	143	5	881379781
887	421	5	881379954
887	423	2	881379954
887	969	5	881379954
887	432	5	881379988
887	69	4	881380025
887	8	4	881380025
887	418	4	881380025
887	204	5	881380067
887	168	4	881380067
887	164	4	881380139
887	1413	4	881380176
887	180	4	881380177
887	132	4	881380218
887	115	5	881380218
887	128	5	881380218
887	588	4	881380298
887	87	5	881380335
887	96	4	881380403
887	1063	1	881380404
887	195	4	881380438
887	385	4	881380502
887	99	5	881380539
887	416	2	881380539
887	633	5	881380584
887	289	5	881380623
887	697	1	881380623
887	692	5	881380654
887	228	4	881380709
887	710	5	881380709
887	1540	5	881380739
887	470	3	881380773
887	720	5	881380813
887	443	4	881380883
887	200	1	881380883
887	91	5	881380884
887	501	4	881380884
887	1496	4	881380996
887	71	5	881380996
887	82	4	881381028
887	404	4	881381071
887	1136	5	881381071
887	90	5	881381071
887	562	5	881381071
887	84	4	881381114
887	393	4	881381114
887	142	1	881381207
887	378	5	881381207
887	609	4	881381207
887	465	5	881381307
887	176	5	881381348
887	946	4	881381348
887	56	5	881381382
887	673	5	881381382
887	140	5	881381425
887	755	5	881381425
887	420	5	881381425
887	72	4	881381471
887	206	5	881381471
887	768	4	881381471
887	218	5	881381471
887	38	5	881381503
887	548	1	881381555
887	559	4	881381555
887	1116	5	881381610
887	187	4	881381610
887	365	5	881381610
887	578	4	881381610
887	65	5	881381679
887	368	5	881381679
887	47	5	881381679
887	1239	3	881381679
887	1035	5	881381740
887	1029	5	881381740
389	712	3	881384338
389	700	2	881384441
389	502	4	881384464
389	997	3	881384536
389	579	1	881384611
389	383	2	881384649
389	824	3	881384649
389	1052	2	881384711
385	221	5	881398053
910	310	3	881420170
910	300	4	881420194
910	748	3	881420228
910	245	2	881420474
910	289	3	881420491
910	1025	2	881420507
910	405	4	881420841
910	118	3	881420857
910	3	2	881421019
910	252	2	881421035
910	597	3	881421048
910	291	1	881421090
910	831	1	881421142
910	254	1	881421240
910	98	4	881421309
910	210	4	881421309
910	23	4	881421332
910	414	4	881421332
216	66	2	881428365
216	15	3	881428365
216	25	3	881428365
216	367	3	881428365
216	1047	3	881428365
216	790	3	881428365
216	693	3	881428365
216	27	3	881428365
216	95	3	881428365
216	1218	3	881428365
216	143	2	881428956
216	1067	5	881432392
216	402	2	881432430
216	577	1	881432453
216	98	5	881432467
216	423	4	881432467
137	690	2	881432482
216	174	5	881432488
216	122	5	881432488
216	286	4	881432501
216	221	4	881432501
216	204	4	881432523
137	300	5	881432524
216	64	5	881432544
216	12	5	881432544
216	508	4	881432564
216	1161	4	881432609
137	748	4	881432626
137	289	3	881432671
137	327	4	881432671
137	266	5	881432735
137	680	5	881432735
137	260	3	881432735
137	687	4	881432756
137	243	4	881432790
137	121	5	881432881
137	222	5	881432908
137	50	5	881432937
137	237	4	881432965
137	15	4	881432965
137	597	5	881432987
137	250	5	881433015
137	117	5	881433015
137	181	5	881433015
137	257	5	881433048
137	1	3	881433048
137	866	3	881433090
137	546	5	881433116
137	118	5	881433179
137	685	5	881433296
137	405	5	881433336
137	472	4	881433336
137	235	5	881433357
137	249	4	881433387
137	1028	5	881433409
137	1117	2	881433435
137	411	5	881433490
137	476	1	881433524
137	51	1	881433605
137	210	5	881433654
137	96	5	881433654
137	174	5	881433654
137	144	5	881433689
137	195	5	881433689
137	183	5	881433689
137	79	5	881433689
137	55	5	881433689
137	385	5	881433719
137	172	5	881433719
137	89	5	881433719
894	845	3	881443365
621	154	5	881444499
621	722	4	881444887
621	3	5	881444887
621	1185	3	881445012
621	108	3	881445012
621	804	4	881445120
621	871	3	881445723
913	588	3	881449256
106	286	4	881449486
106	14	4	881449486
106	100	3	881449487
106	1	4	881449487
484	15	5	881449527
484	117	4	881449561
484	25	3	881449561
484	7	4	881449706
484	471	4	881449737
484	742	3	881449737
484	24	1	881449826
106	64	4	881449830
106	22	4	881449830
106	318	5	881449830
106	69	4	881449886
484	121	4	881449910
484	9	1	881449910
484	125	4	881450017
484	151	4	881450017
106	703	4	881450039
484	1	5	881450058
484	274	4	881450085
484	111	4	881450111
484	237	3	881450112
484	926	4	881450136
484	235	2	881450160
484	597	3	881450182
484	405	4	881450182
106	223	4	881450440
106	647	3	881450440
106	165	5	881450536
106	196	5	881450578
106	162	5	881450758
106	194	5	881450758
106	97	5	881450810
106	210	4	881450810
106	495	4	881451016
106	25	4	881451016
106	28	4	881451144
106	582	4	881451199
106	12	4	881451234
106	86	3	881451355
106	699	4	881451421
106	191	5	881451453
106	660	4	881451631
106	77	4	881451716
106	70	3	881452355
106	435	3	881452355
106	8	4	881452405
106	211	4	881452532
106	712	3	881452599
106	526	4	881452685
106	566	4	881452711
106	684	4	881452763
106	161	3	881452816
106	216	5	881452998
106	778	4	881453040
106	213	4	881453065
106	88	3	881453097
106	273	3	881453290
106	48	3	881453290
106	45	3	881453290
106	82	3	881453290
106	692	3	881453290
106	739	3	881453290
106	956	3	881453290
106	59	4	881453318
106	923	4	881453355
106	463	3	881453413
106	584	4	881453481
385	129	3	881467873
759	332	4	881476516
759	328	5	881476590
759	245	3	881476616
759	984	2	881476642
759	937	4	881476756
759	117	5	881476781
759	50	4	881476824
759	257	4	881476824
759	121	5	881476858
759	237	3	881476891
759	591	3	881476891
759	222	5	881476922
759	1016	5	881476922
759	405	4	881476969
759	471	4	881476969
759	281	4	881476991
195	823	4	881485704
13	294	2	881514683
13	286	3	881514683
13	310	4	881514683
13	340	2	881514684
13	307	2	881514684
13	308	3	881514726
13	311	3	881514726
13	268	4	881514810
13	333	3	881514810
13	302	5	881514811
13	305	4	881514811
13	690	3	881514811
13	328	3	881514811
13	303	4	881514876
13	270	4	881514876
13	271	1	881514876
13	262	4	881514876
13	881	2	881514876
13	306	3	881514876
13	874	5	881514876
13	185	3	881515011
13	12	5	881515011
13	98	4	881515011
13	504	5	881515011
13	56	5	881515011
13	474	4	881515112
13	617	3	881515112
13	514	5	881515112
13	475	3	881515113
13	205	2	881515193
13	216	3	881515193
13	515	2	881515193
13	198	3	881515193
13	242	2	881515193
13	168	4	881515193
13	191	3	881515193
13	480	3	881515193
13	638	3	881515239
13	433	4	881515239
13	589	3	881515239
13	197	4	881515239
13	654	5	881515295
13	494	4	881515295
13	530	5	881515295
13	165	3	881515295
13	195	3	881515296
13	86	1	881515348
13	857	3	881515348
13	615	4	881515348
13	238	3	881515411
13	127	5	881515411
13	661	5	881515411
13	613	4	881515411
13	357	3	881515411
13	332	3	881515457
13	331	3	881515457
13	358	3	881515521
13	876	2	881515521
13	327	3	881515521
13	749	3	881515521
13	873	1	881515565
13	886	5	881515613
13	875	1	881515613
13	263	5	881515647
13	879	2	881515697
13	299	3	881515698
13	689	2	881515735
13	300	1	881515736
106	1242	4	881516731
227	321	3	881518363
227	322	3	881518461
668	269	5	881523612
668	300	4	881523612
668	286	4	881523612
668	302	5	881523612
668	340	4	881523737
668	307	4	881523762
668	538	5	881523787
668	271	4	881523787
668	328	4	881523787
668	258	2	881523929
668	289	2	881523929
668	882	3	881523929
668	333	3	881524020
668	358	3	881524153
795	168	5	881528760
795	1101	4	881528779
795	382	4	881529077
795	97	2	881529761
795	95	4	881529851
795	202	3	881529874
795	746	3	881529904
795	154	3	881529904
795	182	4	881530041
795	135	3	881530126
795	655	3	881530154
795	203	3	881530198
795	727	3	881530317
795	96	2	881530415
385	652	5	881530738
385	474	5	881530739
385	189	5	881530739
385	207	4	881530739
130	176	5	881536127
130	343	4	881536273
31	302	4	881547719
31	303	3	881547719
31	268	3	881547746
31	328	2	881547746
31	321	4	881547746
31	262	5	881547766
31	340	3	881547788
31	319	4	881547788
31	299	4	881547814
31	1022	5	881547814
31	306	3	881547814
31	682	2	881547834
31	271	4	881547854
31	886	2	881547877
31	875	4	881547938
31	1020	3	881548030
31	136	5	881548030
31	135	4	881548030
31	484	5	881548030
31	514	5	881548030
31	32	5	881548030
31	490	4	881548030
31	811	4	881548053
31	175	5	881548053
31	519	4	881548053
31	192	4	881548054
31	1019	5	881548082
31	1021	3	881548082
31	79	2	881548082
31	124	4	881548110
31	153	4	881548110
31	493	5	881548110
31	504	5	881548110
31	705	5	881548110
31	611	4	881548111
31	498	4	881548111
276	343	4	881563147
385	922	4	881569749
378	465	3	881582268
668	311	4	881591023
668	13	4	881591075
668	323	4	881591198
668	993	4	881591257
668	596	3	881591297
95	878	1	881599623
95	586	2	881599672
749	1	4	881602577
749	1088	2	881602596
749	295	3	881602635
749	254	2	881602674
749	223	4	881602704
668	137	3	881605093
668	475	4	881605210
668	257	3	881605269
668	283	5	881605324
668	29	3	881605433
668	231	2	881605433
668	403	4	881605433
668	124	3	881605489
668	367	5	881605587
668	50	5	881605642
299	343	3	881605700
299	538	3	881605700
668	210	5	881605849
894	12	5	881625708
894	20	5	881625708
894	919	4	881625708
894	331	4	881625708
894	124	5	881625708
894	529	4	881625708
894	293	4	881625708
894	327	4	881625708
259	294	3	881641699
566	879	2	881649273
566	289	1	881649273
566	242	5	881649273
566	327	3	881649273
566	260	2	881649273
566	483	4	881649357
566	529	4	881649358
566	22	3	881649358
566	135	5	881649389
566	156	4	881649428
566	479	4	881649428
566	496	5	881649428
566	182	4	881649428
566	98	4	881649445
566	511	4	881649445
566	480	4	881649471
566	318	4	881649471
566	443	4	881649505
566	144	3	881649530
566	165	5	881649530
566	64	5	881649530
566	100	5	881649548
566	1193	5	881649548
566	70	4	881649563
566	508	4	881649577
566	136	4	881649621
566	163	5	881649622
566	523	4	881649622
566	86	4	881649622
566	172	3	881649644
566	133	4	881649670
566	213	5	881649670
566	423	2	881649709
566	166	4	881649709
566	693	5	881649727
566	153	2	881649747
566	7	4	881649747
566	192	5	881649747
566	673	4	881649775
566	12	4	881649802
566	521	4	881649802
566	684	4	881649802
566	204	3	881649828
566	56	4	881649828
566	191	4	881649853
566	461	4	881649853
566	134	5	881649853
566	705	4	881649871
566	186	3	881649893
566	95	2	881649913
566	137	5	881649928
566	173	3	881649945
566	11	3	881649962
566	181	2	881649985
566	157	5	881649985
566	168	4	881650003
566	467	3	881650030
566	210	4	881650030
566	15	3	881650030
566	273	5	881650063
566	50	2	881650063
566	97	3	881650090
566	88	3	881650090
566	1005	5	881650090
566	462	4	881650090
566	69	4	881650108
566	230	2	881650123
566	83	4	881650148
566	203	4	881650148
566	234	3	881650148
566	512	4	881650148
566	96	3	881650171
566	660	4	881650172
566	582	5	881650186
566	127	5	881650219
566	651	4	881650242
566	218	4	881650242
566	485	3	881650242
566	228	2	881650262
566	196	4	881650405
566	23	4	881650405
566	89	4	881650423
566	707	4	881650442
566	772	4	881650467
566	378	4	881650467
566	143	3	881650502
566	207	5	881650502
566	392	4	881650519
566	235	3	881650534
566	20	4	881650551
566	202	4	881650551
566	631	4	881650605
566	288	3	881650627
566	742	3	881650627
566	403	3	881650654
566	177	4	881650654
566	465	2	881650654
566	736	4	881650690
566	8	4	881650690
566	856	5	881650690
566	1065	5	881650709
566	82	4	881650709
566	170	5	881650739
566	215	3	881650739
566	2	5	881650739
566	121	3	881650755
566	385	3	881650825
566	31	3	881650825
566	265	4	881650849
566	727	4	881650850
566	117	4	881650886
566	419	2	881650907
566	33	2	881650907
566	405	5	881650943
566	71	2	881650958
566	411	4	881651013
566	576	2	881651013
566	54	3	881651013
566	763	4	881651045
566	25	2	881651077
566	161	4	881651097
566	1232	2	881651126
566	154	3	881651151
566	685	3	881651183
566	77	4	881651183
566	155	2	881651225
566	240	3	881651225
566	219	1	881651286
566	231	1	881651317
566	1028	2	881651339
566	108	2	881651360
566	384	3	881651360
566	386	1	881651375
566	959	4	881651406
566	393	2	881651434
566	1437	2	881651434
566	790	3	881651464
566	387	4	881651512
566	388	3	881651512
566	80	3	881651531
566	755	2	881651561
566	49	2	881651561
566	1044	3	881651583
566	122	2	881651583
566	94	2	881651636
566	575	1	881651652
566	395	1	881651672
566	110	1	881651813
566	78	1	881651829
347	300	5	881652054
347	286	3	881652054
347	328	4	881652077
347	258	4	881652077
347	333	5	881652077
347	879	3	881652099
347	288	5	881652118
347	748	2	881652142
347	323	1	881652142
347	294	1	881652142
347	268	4	881652169
347	271	1	881652191
347	324	1	881652230
347	245	5	881652230
347	689	4	881652250
347	260	1	881652250
347	222	4	881652377
347	181	5	881652377
347	100	3	881652417
347	475	4	881652417
347	246	4	881652417
347	127	5	881652434
347	50	5	881652456
347	273	5	881652456
347	151	3	881652480
347	284	3	881652480
347	471	4	881652518
347	1	4	881652518
347	117	5	881652518
347	15	2	881652535
347	121	3	881652535
347	713	3	881652568
347	137	2	881652568
347	125	5	881652568
347	7	4	881652590
347	298	5	881652590
347	1012	4	881652590
347	282	5	881652590
347	257	4	881652610
347	742	5	881652610
347	405	4	881652610
347	508	3	881652629
347	237	4	881652629
347	280	4	881652657
347	24	3	881652657
347	276	3	881652657
347	249	5	881652683
347	25	2	881652684
347	685	3	881652684
347	982	1	881652709
347	293	5	881652709
347	147	4	881652710
347	118	4	881652710
347	1016	3	881652730
347	1283	1	881652730
347	291	5	881652746
347	841	3	881652769
347	597	3	881652788
347	472	5	881652813
347	106	2	881652813
347	1059	3	881652813
347	763	5	881652837
347	544	4	881652862
347	148	3	881652888
347	460	3	881652888
347	410	5	881653059
347	546	4	881653059
347	455	2	881653087
347	1028	2	881653087
347	290	3	881653132
347	411	5	881653132
347	1011	3	881653155
347	819	1	881653155
347	829	4	881653155
347	928	3	881653176
347	252	2	881653176
347	105	2	881653198
347	1088	1	881653224
347	1047	1	881653224
347	977	5	881653224
347	235	2	881653224
347	595	2	881653244
347	363	1	881653244
347	696	4	881653266
347	756	2	881653266
347	827	1	881653266
347	240	5	881653300
347	871	4	881653300
347	369	4	881653300
347	1244	3	881653300
347	831	1	881653340
347	930	2	881653340
347	820	2	881653340
347	1291	1	881653340
347	11	5	881653544
347	318	3	881653563
347	12	3	881653584
347	55	5	881653603
347	195	4	881653603
347	421	2	881653635
347	156	5	881653652
347	187	5	881653652
347	223	4	881653669
347	69	5	881653687
347	56	5	881653736
347	182	5	881653736
347	357	5	881653774
347	96	4	881653775
347	168	5	881653798
347	192	4	881653798
347	87	3	881653830
347	204	4	881653830
347	806	3	881653830
347	1039	5	881653830
347	176	3	881653866
347	79	5	881653890
347	226	4	881653890
347	186	5	881653912
347	216	3	881653933
347	172	5	881653933
347	432	4	881653973
347	655	5	881653973
347	210	4	881653973
347	427	4	881654004
347	22	5	881654005
347	609	4	881654064
347	132	5	881654064
347	97	4	881654101
347	385	4	881654101
347	180	5	881654101
347	686	5	881654101
347	230	4	881654101
347	735	2	881654134
347	418	4	881654134
347	356	5	881654134
347	693	5	881654156
347	144	5	881654186
347	660	2	881654186
347	215	4	881654211
347	202	4	881654211
347	435	5	881654211
347	183	3	881654232
347	203	5	881654232
347	174	4	881654248
347	82	5	881654269
347	123	3	881654301
347	470	5	881654301
347	31	5	881654321
347	588	3	881654321
347	568	4	881654339
347	98	5	881654359
347	462	2	881654359
347	177	5	881654386
347	241	3	881654386
347	403	5	881654386
347	77	5	881654386
347	317	1	881654409
347	95	4	881654410
347	501	4	881654410
347	70	2	881654428
347	200	4	881654452
347	4	4	881654452
347	208	2	881654480
347	188	5	881654480
347	699	1	881654480
347	173	2	881654503
347	1035	3	881654522
347	959	5	881654545
347	627	4	881654545
347	943	4	881654545
347	423	4	881654567
347	157	5	881654567
347	239	5	881654591
347	99	3	881654591
347	392	2	881654592
347	28	4	881654612
347	159	4	881654635
347	17	4	881654635
347	233	5	881654653
347	76	5	881654679
347	65	2	881654679
347	692	4	881654679
347	91	1	881654679
347	416	3	881654715
347	721	5	881654715
347	371	1	881654715
347	227	4	881654734
347	550	5	881654734
347	164	3	881654752
347	73	2	881654773
347	158	3	881654773
347	163	4	881654801
347	468	2	881654825
347	465	3	881654825
347	68	5	881654825
347	386	1	881654846
347	404	4	881654846
347	926	1	881654846
347	85	5	881654880
549	258	5	881671833
549	323	2	881671879
549	748	4	881671952
549	678	3	881671982
549	1	5	881672182
549	50	5	881672199
549	181	4	881672241
549	515	5	881672276
549	151	3	881672300
549	282	3	881672300
549	100	4	881672333
549	472	3	881672408
549	127	5	881672441
549	121	4	881672461
549	118	4	881672479
549	252	3	881672538
549	405	4	881672556
549	24	3	881672556
549	866	4	881672573
549	237	4	881672605
549	288	4	881672605
549	620	3	881672650
549	411	3	881672667
549	1047	3	881672700
549	225	3	881672804
159	250	3	881679988
159	1190	5	881680199
207	1197	4	881681663
207	845	3	881681663
207	53	1	881681725
805	248	4	881683074
805	665	4	881684185
805	183	5	881684185
805	176	4	881684185
805	343	5	881684185
805	209	4	881684202
805	1014	4	881694265
805	147	5	881694286
805	190	5	881694423
805	228	3	881694423
805	11	2	881694423
805	56	4	881694423
805	79	5	881694423
805	22	1	881694423
805	144	3	881694693
805	7	5	881694693
805	210	3	881694693
805	385	1	881694693
805	55	5	881694693
805	195	3	881694693
805	89	4	881694713
805	172	4	881694713
805	431	1	881694713
805	96	4	881694713
805	174	3	881694798
805	4	2	881694798
805	117	3	881694798
805	128	5	881694798
805	222	4	881694823
805	161	1	881694823
805	550	3	881694854
805	679	4	881694854
805	455	4	881694854
805	82	3	881694854
805	568	3	881694854
805	33	5	881694885
805	121	3	881694885
805	229	2	881694885
805	405	3	881694885
805	68	3	881694886
805	403	4	881694886
805	241	2	881694923
805	24	4	881694923
805	1110	5	881694978
805	636	4	881694978
805	231	3	881694978
805	226	3	881694978
805	761	3	881695040
805	831	4	881695040
805	472	2	881695040
805	576	4	881695040
805	827	4	881695040
805	38	3	881695080
805	554	1	881695080
805	597	3	881695080
805	810	2	881695105
805	185	5	881695196
805	100	5	881695196
805	98	5	881695196
805	443	5	881695196
805	558	5	881695243
805	234	5	881695244
805	288	1	881695244
805	200	5	881695244
805	217	2	881695293
805	164	3	881695293
805	447	4	881695293
805	5	4	881695293
805	17	4	881695346
805	436	3	881695347
805	559	3	881695347
805	396	4	881695396
805	569	1	881695414
805	413	2	881695414
805	406	1	881695445
805	145	2	881695445
805	452	3	881695445
805	169	4	881695527
805	95	3	881695527
805	432	5	881695527
805	588	2	881695527
805	91	5	881695527
805	1	4	881695527
805	418	2	881695527
805	420	4	881695560
805	422	4	881695560
805	625	3	881695560
805	71	3	881695560
805	501	5	881695560
805	99	2	881695560
805	102	4	881695591
805	473	4	881695591
805	946	2	881695591
805	101	2	881695591
805	1091	2	881695591
805	12	4	881695677
805	659	3	881695677
805	123	4	881695723
805	118	3	881695745
805	581	2	881695793
805	642	4	881695830
805	470	5	881695872
805	742	3	881695872
805	148	2	881695911
805	928	3	881695930
805	595	3	881695951
805	106	5	881695968
805	769	2	881695999
805	771	5	881695999
805	1157	5	881696124
805	552	3	881696124
805	525	4	881696335
805	603	4	881696335
805	111	3	881696671
805	197	5	881696671
805	173	4	881696671
805	83	4	881696671
805	724	2	881696699
805	709	4	881696699
805	216	2	881696699
805	213	3	881696699
805	86	4	881696729
805	212	3	881696729
805	202	2	881696729
805	648	4	881696729
805	747	3	881696729
805	371	1	881696759
805	1119	3	881696759
805	549	3	881696759
805	451	5	881696759
805	319	2	881696876
805	88	2	881696876
805	387	3	881696905
805	155	1	881696923
805	716	4	881696980
805	402	2	881697013
805	739	1	881697013
805	45	4	881697128
805	175	5	881697229
805	1149	4	881697229
805	9	3	881697667
805	664	5	881697667
805	137	5	881697713
805	191	4	881697713
805	661	4	881697713
805	357	5	881697713
805	1065	5	881697792
805	32	4	881697792
805	179	4	881697792
805	162	2	881698069
805	519	4	881698095
805	135	4	881698095
805	522	5	881698095
805	509	5	881698095
805	180	3	881698139
805	223	5	881698139
805	735	4	881698139
805	806	4	881698175
805	655	3	881698175
805	423	1	881698175
805	28	3	881698243
805	631	5	881698243
805	469	4	881698243
805	382	4	881698258
829	116	4	881698644
805	425	5	881698745
805	1101	5	881698745
805	317	4	881698745
805	196	2	881698778
805	47	5	881698778
805	58	4	881698778
805	582	3	881698798
805	527	3	881698798
829	515	4	881698803
805	950	3	881698828
805	715	4	881698828
805	942	3	881698861
805	65	3	881698861
829	190	4	881698876
805	660	3	881698881
805	772	3	881698881
805	856	4	881698881
829	170	4	881698933
829	213	4	881698933
829	855	4	881698934
829	462	4	881698976
829	529	4	881698976
829	509	5	881698976
829	512	4	881698976
829	212	4	881699005
829	639	4	881699005
829	70	4	881699060
829	582	4	881699060
829	1193	4	881699425
829	257	4	881699584
805	708	3	881699661
805	1008	4	881699661
805	729	3	881699728
805	214	2	881700713
805	1170	5	881700749
668	69	1	881702566
668	97	2	881702632
805	922	5	881702716
668	554	3	881702723
282	307	3	881702875
282	271	3	881702919
668	82	4	881702925
668	252	2	881702925
282	343	4	881702939
282	325	1	881703044
282	689	2	881703044
805	1232	3	881703472
805	546	2	881703473
805	537	5	881703643
805	1629	5	881703690
805	204	2	881704016
805	93	5	881704016
805	168	5	881704016
805	475	5	881704016
805	153	4	881704063
805	154	5	881704063
805	13	3	881704063
805	8	3	881704063
805	1098	3	881704150
805	25	4	881704193
805	42	2	881704193
805	645	5	881704193
805	238	5	881704223
805	386	3	881704224
805	1017	3	881704337
805	428	5	881704337
805	1118	5	881704553
805	952	5	881704553
805	40	3	881704553
805	629	3	881704553
85	246	4	881704999
85	52	3	881705026
85	259	2	881705026
805	274	2	881705055
805	21	2	881705055
85	268	4	881705073
805	108	3	881705082
805	401	4	881705108
805	367	4	881705108
805	105	2	881705238
805	321	3	881705292
805	998	4	881705327
805	959	2	881705327
805	411	2	881705350
805	122	5	881705350
805	240	3	881705350
805	235	2	881705350
805	719	4	881705389
805	94	1	881705412
805	866	1	881705412
805	90	2	881705412
805	1071	4	881705456
805	545	1	881705488
805	167	3	881705534
805	412	3	881705592
805	1002	1	881705592
805	476	1	881705592
805	934	1	881705611
805	1054	3	881705637
805	725	3	881705672
805	143	3	881705765
805	419	4	881705766
805	151	5	881705810
805	477	4	881705810
805	755	3	881705810
805	142	4	881705843
805	393	3	881705843
805	141	2	881705843
805	225	1	881705892
805	140	3	881705892
805	417	2	881705918
805	768	2	881706049
805	1033	3	881706146
805	383	2	881706146
297	268	4	881707737
297	271	2	881707810
829	294	2	881707829
829	20	3	881707829
829	10	3	881707829
829	1120	2	881707829
829	640	3	881707829
829	259	2	881707829
829	1018	2	881707829
297	338	2	881707832
297	984	1	881707865
297	176	4	881708055
297	659	4	881708055
297	31	3	881708087
829	105	3	881711924
829	129	4	881712252
829	281	3	881712349
829	278	1	881712488
829	14	2	881712488
829	192	5	881712519
758	1244	3	881713279
216	943	5	881721799
216	298	5	881721819
216	67	3	881721843
216	364	2	881721863
216	72	2	881721890
913	474	5	881725737
913	419	5	881725737
913	963	4	881725737
913	191	5	881725737
913	98	4	881725761
913	518	4	881725761
913	657	5	881725761
913	143	5	881725761
913	613	5	881725796
913	216	4	881725796
913	168	4	881725796
913	461	4	881725816
913	9	5	881725816
913	195	4	881725846
913	7	5	881725846
913	92	4	881725846
913	655	4	881725846
913	317	4	881725876
913	64	5	881725876
913	96	5	881725904
913	83	4	881725904
913	269	5	881725938
913	427	4	881725960
913	237	4	881725960
913	235	1	881725960
913	656	3	881726004
913	172	5	881726004
279	1039	4	881731303
151	322	2	881771160
385	653	4	881948265
634	340	4	881952599
634	300	3	881952599
498	269	4	881953527
498	302	3	881953659
498	288	3	881953815
498	887	3	881953907
498	127	4	881954219
498	1007	3	881954219
498	251	3	881954219
498	137	3	881954357
498	919	4	881954451
498	150	3	881954451
498	475	3	881954617
498	337	4	881954617
498	262	2	881954618
498	340	2	881954618
498	268	2	881954618
498	7	3	881954741
498	50	4	881954821
28	332	2	881954915
28	294	3	881954915
498	9	2	881954931
498	410	3	881954931
498	181	2	881955014
28	258	5	881955018
28	286	3	881955018
498	258	2	881955080
498	293	4	881955189
498	14	4	881955189
498	109	3	881955189
28	271	4	881955281
498	124	3	881955291
498	100	3	881955291
28	322	2	881955343
498	275	3	881955348
498	1142	4	881955432
498	922	5	881955432
498	23	4	881955596
498	664	5	881955596
498	182	4	881955596
498	1131	3	881955866
498	171	3	881955866
498	180	4	881955866
498	509	3	881955867
498	603	4	881955960
498	187	4	881955960
498	185	4	881955960
28	196	4	881956081
28	31	4	881956082
498	151	4	881956140
498	489	3	881956140
28	234	4	881956144
28	11	4	881956144
498	190	4	881956203
28	173	3	881956220
28	609	3	881956220
28	174	5	881956334
498	172	3	881956362
498	663	4	881956363
498	32	4	881956363
498	435	3	881956363
28	176	5	881956445
498	175	5	881956498
498	176	2	881956498
498	134	3	881956498
498	594	2	881956498
498	522	3	881956499
28	143	4	881956564
28	423	2	881956564
498	64	4	881956575
498	135	5	881956576
498	1286	3	881956576
498	11	3	881956576
28	12	4	881956853
28	28	4	881956853
28	95	3	881956917
498	174	3	881956953
498	515	4	881956953
28	117	4	881957002
28	185	5	881957002
28	480	5	881957002
498	191	4	881957054
498	479	3	881957054
498	1404	3	881957054
498	156	5	881957054
498	210	2	881957054
28	50	4	881957090
28	603	3	881957090
28	568	4	881957147
498	238	4	881957195
498	531	3	881957195
498	12	4	881957195
28	195	4	881957250
28	96	5	881957250
498	423	3	881957267
498	548	2	881957267
498	204	2	881957267
28	529	4	881957310
498	56	3	881957353
498	517	4	881957353
498	89	5	881957353
28	282	4	881957425
28	100	5	881957425
28	588	3	881957425
498	61	4	881957431
498	486	2	881957431
498	425	2	881957431
28	56	5	881957479
498	657	3	881957488
498	265	2	881957489
498	192	5	881957546
498	484	4	881957546
498	237	2	881957625
498	693	3	881957625
498	483	3	881957625
498	317	3	881957625
498	234	4	881957625
498	98	4	881957681
498	527	3	881957757
498	512	5	881957757
498	83	3	881957846
498	1103	4	881957847
498	183	4	881957905
498	631	3	881957905
498	806	3	881957905
498	496	3	881957905
498	474	4	881957905
498	656	3	881957999
498	772	1	881957999
498	607	3	881958093
498	514	4	881958093
498	168	4	881958174
498	136	3	881958174
498	430	4	881958174
498	160	5	881958174
498	1495	3	881958237
498	443	3	881958237
498	212	3	881958238
454	300	4	881958326
454	302	4	881958326
498	673	3	881958343
454	326	4	881958362
454	258	4	881958402
454	879	4	881958402
498	197	5	881958414
498	675	4	881958414
454	327	3	881958428
454	310	4	881958464
498	144	1	881958471
498	464	4	881958471
454	748	4	881958551
454	259	4	881958606
454	270	4	881958606
454	322	2	881958782
454	873	2	881958782
454	678	2	881958782
454	245	3	881958782
454	286	3	881958782
454	323	2	881958783
454	289	3	881958783
498	462	3	881958897
498	202	3	881958897
498	933	3	881959018
498	1070	3	881959103
498	1426	3	881959103
498	79	3	881959104
454	50	4	881959144
454	181	3	881959187
454	250	4	881959238
454	248	3	881959238
454	293	4	881959238
454	257	4	881959276
454	255	4	881959276
454	252	2	881959336
454	1089	2	881959437
454	1190	3	881959437
454	687	3	881959468
454	707	3	881959576
454	610	3	881959576
454	318	5	881959576
454	423	4	881959607
454	520	4	881959607
454	480	4	881959652
454	133	4	881959652
454	64	4	881959652
454	194	3	881959698
454	1269	3	881959698
454	526	4	881959698
454	633	2	881959745
454	136	3	881959745
454	454	3	881959745
454	655	3	881959746
454	196	2	881959778
454	746	2	881959778
454	193	2	881959818
454	705	3	881959818
454	1	3	881959818
454	69	4	881959818
454	528	4	881959818
454	357	3	881959844
454	22	4	881959844
454	603	4	881959876
454	497	3	881959876
454	657	3	881959876
454	419	4	881959917
454	100	4	881959917
454	474	4	881959917
454	215	4	881959917
454	285	2	881959917
454	228	3	881959960
454	604	3	881959960
454	277	2	881959960
454	124	4	881959960
454	197	4	881959961
454	479	4	881959991
454	496	4	881959991
454	661	4	881959991
454	134	3	881959991
454	15	2	881960029
454	97	4	881960029
454	58	4	881960029
454	1063	4	881960029
454	651	4	881960083
454	588	3	881960083
454	945	3	881960083
454	79	4	881960083
454	12	3	881960114
454	48	4	881960114
454	435	2	881960145
454	612	3	881960145
454	483	3	881960145
454	632	3	881960145
454	427	4	881960173
454	511	3	881960173
454	530	2	881960174
454	202	3	881960201
454	527	4	881960201
454	482	3	881960230
454	143	4	881960230
454	509	2	881960230
454	507	3	881960265
454	164	3	881960265
454	185	2	881960265
454	842	2	881960266
454	99	3	881960296
454	87	4	881960296
454	131	3	881960330
454	114	3	881960330
454	279	4	881960330
454	606	2	881960330
454	210	4	881960361
454	237	4	881960361
454	238	3	881960361
454	486	3	881960385
454	199	3	881960413
454	484	3	881960445
454	471	3	881960445
454	1003	2	881960446
454	82	4	881960446
454	204	4	881960504
498	480	5	881960523
498	186	4	881960591
498	10	5	881960711
498	1161	3	881960777
28	429	5	881960794
28	164	4	881960945
28	79	4	881961003
28	646	4	881961003
28	434	4	881961104
28	89	4	881961104
498	179	4	881961133
28	479	4	881961157
498	652	5	881961182
28	153	3	881961214
28	209	4	881961214
28	70	4	881961311
498	381	3	881961312
498	59	4	881961312
28	229	2	881961393
28	228	5	881961393
28	222	5	881961393
28	227	4	881961393
28	230	4	881961393
28	450	1	881961394
28	380	4	881961394
28	449	2	881961394
498	1073	3	881961496
28	98	5	881961531
28	7	5	881961531
28	447	3	881961532
498	525	4	881961547
498	203	5	881961547
28	5	3	881961600
28	670	4	881961600
28	448	4	881961600
28	218	3	881961601
28	436	5	881961601
498	77	2	881961627
498	228	2	881961627
498	628	4	881961627
28	217	3	881961671
28	200	2	881961671
28	201	3	881961671
28	443	4	881961671
28	184	4	881961671
498	53	4	881961689
498	164	3	881961689
28	444	3	881961728
28	219	5	881961728
28	672	3	881961728
498	54	2	881961745
498	649	3	881961745
28	665	3	881961782
28	567	4	881961782
28	441	2	881961782
28	573	4	881961842
28	859	3	881961842
498	985	1	881961877
498	591	4	881961877
498	229	2	881961877
498	1422	3	881961877
498	218	3	881961877
498	222	3	881961877
28	145	3	881961904
28	800	4	881961904
498	1083	3	881961932
498	449	3	881961932
498	554	3	881962385
498	121	2	881962699
498	271	2	881962988
498	754	2	881962988
498	538	1	881962988
307	286	3	881965984
307	62	3	881966033
216	302	5	881966913
83	820	2	881971231
83	932	4	881971414
83	2	4	881971771
758	419	4	881974639
758	1159	5	881974639
758	427	4	881974742
758	236	4	881974742
758	385	4	881974742
758	135	5	881974742
758	514	5	881974823
758	184	5	881974823
758	177	5	881974823
758	686	3	881974823
758	285	5	881974823
758	582	3	881974823
758	234	4	881974823
758	510	3	881974823
758	172	4	881974880
758	580	4	881974880
758	186	5	881974931
758	39	2	881974931
758	64	5	881974931
758	216	4	881974931
758	865	4	881975005
758	174	5	881975005
758	134	5	881975005
758	531	5	881975061
758	506	3	881975061
758	654	4	881975061
758	209	5	881975118
758	100	5	881975119
758	223	5	881975119
758	640	5	881975119
758	185	4	881975182
758	287	5	881975182
758	608	5	881975182
758	173	5	881975182
758	657	5	881975213
758	480	5	881975213
758	509	5	881975213
758	131	3	881975243
758	12	5	881975243
758	7	5	881975243
758	150	5	881975243
758	154	5	881975267
758	144	4	881975267
758	11	3	881975289
758	143	5	881975314
758	195	5	881975416
758	512	5	881975416
758	168	5	881975416
758	547	5	881975472
758	471	3	881975472
758	1085	5	881975503
758	430	5	881975503
758	238	5	881975538
758	137	5	881975539
758	479	5	881975539
758	483	5	881975577
758	8	5	881975577
758	489	5	881975687
758	199	4	881975687
758	109	3	881975687
758	197	3	881975687
758	462	4	881975687
758	1019	4	881975736
758	211	4	881975736
758	204	4	881975787
758	1039	5	881975787
758	484	5	881975814
758	151	5	881975814
758	23	4	881975814
758	421	4	881975814
758	81	5	881975815
758	435	5	881975853
758	652	5	881975853
758	191	5	881975853
758	152	5	881975853
758	93	5	881975922
758	482	5	881975922
758	634	5	881975922
758	224	4	881975922
758	653	3	881975922
758	508	4	881975962
758	129	4	881975962
758	28	4	881975990
758	179	5	881976031
758	481	5	881976031
758	56	5	881976031
758	496	3	881976031
758	607	5	881976032
758	656	5	881976032
758	79	4	881976061
758	175	4	881976061
758	320	5	881976061
758	163	5	881976089
758	474	5	881976089
758	520	5	881976089
758	82	4	881976168
758	742	4	881976168
758	705	5	881976203
758	117	4	881976203
758	434	3	881976233
758	170	5	881976233
758	69	5	881976233
758	603	5	881976262
758	171	5	881976262
758	919	5	881976262
758	488	3	881976262
758	116	5	881976289
758	98	5	881976289
758	61	3	881976289
758	33	4	881976335
758	221	3	881976335
758	153	5	881976377
758	237	4	881976377
758	837	4	881976377
758	517	3	881976377
758	213	5	881976377
758	616	4	881976377
758	20	4	881976574
758	239	3	881976574
758	276	2	881976574
758	428	4	881976745
758	1098	5	881976746
758	968	5	881976746
758	746	4	881976746
758	433	5	881976820
758	202	5	881976821
758	735	5	881976855
758	212	4	881976919
758	6	2	881976919
758	96	5	881976985
758	955	2	881977021
758	228	3	881977021
758	147	4	881977021
758	715	4	881977057
758	732	4	881977057
758	95	3	881977057
758	605	3	881977057
758	26	4	881977108
758	241	3	881977109
758	58	4	881977169
758	527	5	881977169
758	66	3	881977169
758	619	4	881977205
758	475	5	881977205
758	13	5	881977205
758	125	2	881977205
758	196	4	881977229
758	200	5	881977229
758	76	3	881977265
758	68	3	881977265
758	455	4	881977309
758	431	3	881977309
758	425	5	881977337
758	91	4	881977375
758	4	4	881977375
758	1111	4	881977375
758	159	3	881977408
758	676	2	881977428
758	218	4	881977487
758	447	4	881977487
758	414	4	881977487
758	282	3	881977488
758	566	4	881977488
758	713	3	881977533
758	141	4	881977533
758	128	4	881977625
758	25	4	881977669
758	568	4	881977669
758	628	4	881977714
758	273	4	881977714
758	43	3	881977747
758	541	4	881977747
758	123	1	881977872
758	684	4	881977872
758	578	4	881977872
758	31	3	881977872
758	356	2	881977872
758	203	5	881978016
758	567	4	881978016
758	229	3	881978057
