157	273	5
157	137	5
157	276	4
157	255	3
157	298	4
157	289	4
157	269	4
157	740	2
157	111	3
157	748	2
157	258	3
157	250	1
157	117	5
157	1016	5
157	405	3
157	147	5
157	685	3
157	244	5
157	597	3
157	118	2
157	127	5
157	50	4
157	100	5
157	475	3
157	93	3
157	283	4
157	508	5
157	3	3
157	25	3
157	290	4
157	274	4
157	1051	4
157	410	4
157	934	2
157	1132	3
157	1258	5
157	476	1
157	1283	2
157	1244	3
157	407	4
157	120	1
288	593	2
288	276	4
288	15	4
288	237	4
288	1358	5
288	544	5
288	13	5
288	121	2
288	742	3
609	313	5
609	258	3
609	288	2
609	285	5
609	287	5
609	147	1
609	15	5
609	125	4
609	294	2
609	750	4
609	304	5
609	319	1
609	877	5
609	352	1
609	908	1
609	259	1
609	538	1
609	878	1
609	894	1
609	901	1
609	243	1
609	948	1
609	890	1
609	314	1
609	408	5
609	1	1
609	1012	1
609	475	2
595	346	4
595	268	4
595	288	3
595	258	4
595	289	4
595	324	3
595	748	2
595	358	2
595	294	2
595	304	3
595	325	3
595	880	3
595	330	4
595	678	1
595	948	3
595	336	2
595	922	4
595	246	4
595	129	3
595	50	5
595	100	4
595	273	3
595	676	2
595	298	4
595	475	5
595	275	4
595	127	5
595	508	5
595	1142	5
595	181	5
595	14	5
595	744	3
595	222	3
595	410	4
595	237	3
595	591	4
595	282	4
595	1059	4
595	109	2
595	255	3
595	235	3
595	1134	5
595	15	4
595	952	5
595	240	3
595	411	3
595	845	3
595	151	5
595	1028	3
595	111	4
595	742	2
595	121	2
595	763	3
595	815	3
595	274	3
595	1009	4
595	825	2
595	108	2
595	597	2
595	291	3
595	544	3
595	460	4
595	929	2
595	824	3
595	290	4
595	1165	1
595	1047	2
595	1312	3
595	826	1
595	1259	3
595	928	3
595	1094	3
595	472	3
595	979	3
595	930	2
595	820	2
595	994	4
595	926	1
595	871	2
595	986	2
595	1061	3
595	368	1
595	1023	1
595	369	3
595	717	2
595	1010	4
595	9	4
595	762	4
595	293	4
595	546	4
595	844	4
595	3	4
595	864	4
595	1067	4
595	547	4
13	619	3
13	329	2
13	348	2
13	897	1
13	341	2
13	882	3
13	334	1
13	683	1
13	752	1
9	242	4
9	340	4
739	216	4
739	168	1
739	318	4
739	661	2
739	22	5
739	197	1
739	50	4
739	526	5
739	56	4
739	79	4
739	172	4
739	176	1
739	498	4
739	195	5
739	55	1
739	98	3
739	96	5
739	465	1
739	969	1
739	132	4
739	603	4
739	69	5
739	97	5
739	187	4
9	402	4
9	507	4
9	521	4
9	479	4
9	690	1
9	615	4
9	527	3
9	276	4
9	294	4
9	7	4
9	691	5
9	385	5
9	201	5
9	298	5
9	286	5
9	50	5
9	371	5
9	6	5
9	483	5
9	487	5
576	294	3
576	678	3
576	323	3
116	349	2
116	350	3
116	311	3
116	313	5
576	100	4
576	124	4
576	280	5
576	237	4
576	7	5
576	1	4
576	15	4
576	125	4
576	137	3
576	763	3
576	275	3
576	815	3
576	319	3
576	471	4
576	825	4
576	70	5
576	435	4
576	514	5
576	210	4
576	56	3
576	208	3
576	381	3
576	204	4
110	288	4
110	272	4
110	340	3
110	313	5
110	258	4
110	751	3
110	905	3
110	307	4
110	332	3
110	333	4
110	682	4
110	895	2
110	300	3
110	326	4
110	327	3
110	748	3
110	873	2
110	301	2
110	338	1
110	245	3
110	294	3
110	325	3
110	689	3
110	688	1
110	315	4
110	12	4
110	22	4
110	69	4
110	215	3
110	64	4
110	11	4
110	423	4
110	806	3
110	196	4
110	28	4
110	651	4
110	732	3
110	939	4
110	658	3
110	43	3
110	212	1
110	403	3
110	1055	2
110	468	3
110	77	4
110	54	4
110	808	2
110	402	4
110	569	4
110	1206	3
110	366	3
110	1229	3
110	29	3
110	1247	2
110	56	1
110	55	3
110	568	3
110	96	4
110	232	3
110	195	2
110	684	4
110	82	4
110	79	4
110	233	4
110	578	3
110	226	3
110	2	3
110	586	3
110	188	4
110	947	3
110	38	3
110	385	3
110	576	2
110	566	4
110	68	2
110	33	4
110	161	5
110	184	1
110	231	1
110	849	3
110	1231	2
110	550	3
110	397	3
110	1228	3
110	230	3
110	779	3
110	540	3
110	802	3
110	1188	4
110	1250	3
110	759	3
110	421	4
110	451	4
110	202	2
110	794	3
110	173	1
110	739	4
110	692	4
110	783	3
110	88	4
110	722	3
110	765	3
110	31	3
110	642	2
110	1248	3
110	1090	2
110	1210	3
110	1222	2
110	204	3
110	367	3
110	376	2
110	238	3
110	393	3
110	63	3
110	401	3
110	41	4
110	790	4
110	715	2
110	585	2
110	1218	3
110	791	2
110	94	4
110	1179	2
110	944	3
110	384	2
110	67	3
110	780	3
110	1182	2
110	575	3
110	734	2
110	364	3
110	1249	3
110	1246	2
829	258	3
860	344	3
533	328	4
533	281	4
533	1047	3
533	866	2
533	820	2
533	685	4
533	595	2
533	103	3
533	696	3
119	258	2
848	899	3
848	689	1
848	294	5
848	650	4
848	511	4
848	185	3
848	234	4
848	640	1
848	498	5
848	519	5
848	528	3
848	496	2
848	176	4
848	615	5
848	483	5
848	197	5
848	432	2
848	135	4
848	172	5
848	638	5
848	654	5
848	357	5
848	183	3
848	174	5
848	173	5
848	166	5
848	127	3
848	1063	5
848	423	4
848	132	5
848	318	5
848	527	3
848	209	5
848	99	3
848	504	3
848	165	5
848	50	5
848	606	4
848	474	5
848	812	2
848	481	3
848	65	2
848	431	5
848	191	5
848	462	5
848	154	5
119	550	4
119	349	3
119	144	4
119	407	3
119	226	3
119	459	4
119	1166	5
119	1160	5
119	727	5
848	180	2
848	495	2
848	204	5
848	427	5
848	642	5
848	82	5
848	153	5
848	210	5
848	170	5
848	186	5
848	520	5
848	647	5
848	478	5
848	584	3
848	480	5
848	512	5
848	23	2
848	89	5
848	195	3
848	42	2
848	655	4
848	141	4
848	216	5
848	125	5
848	200	2
848	661	3
848	479	5
848	108	5
532	532	3
532	235	3
848	430	5
848	95	5
532	864	4
848	523	5
848	72	5
848	485	5
848	199	5
848	179	5
848	451	4
848	435	3
848	529	5
848	32	5
92	313	5
848	633	3
848	484	5
848	530	5
848	202	5
848	433	3
848	151	4
848	1126	5
848	207	5
848	134	5
848	121	4
848	403	4
848	69	2
848	419	5
848	109	4
848	971	5
848	164	5
848	517	5
848	490	5
848	588	3
848	97	5
848	421	5
848	747	5
848	1021	5
848	514	5
848	489	5
848	945	5
894	900	3
894	905	3
848	196	5
894	885	2
848	152	5
848	610	5
848	582	4
848	663	5
848	238	4
848	1101	5
848	845	5
848	215	5
848	973	5
848	708	4
848	509	4
848	755	5
848	181	5
848	566	4
848	25	5
848	405	5
848	71	5
848	855	5
848	241	5
848	118	2
848	603	5
848	133	4
848	679	3
848	476	3
450	347	4
848	265	4
848	428	5
848	443	5
848	393	5
848	163	5
848	501	3
848	805	5
848	1065	2
102	313	3
848	739	5
848	88	4
848	162	2
848	1118	5
848	214	5
848	732	5
531	288	1
531	302	5
531	327	3
531	286	5
531	311	4
531	690	5
531	259	1
531	990	5
531	332	4
531	751	4
531	908	1
531	289	3
531	300	4
531	312	5
531	338	1
531	688	1
531	245	4
531	898	5
531	329	5
531	748	4
531	323	5
531	905	4
531	892	3
531	358	1
531	895	2
531	1316	4
531	894	1
531	890	1
531	457	1
531	313	5
102	288	2
102	338	2
606	248	5
606	258	4
606	620	4
606	333	5
606	260	3
606	993	5
606	833	5
606	763	5
838	313	5
838	258	5
838	311	4
838	302	4
838	300	2
838	750	4
838	748	3
838	271	4
838	289	5
838	286	4
606	255	5
606	1016	3
838	50	5
838	127	5
838	124	4
838	9	4
838	181	5
838	255	4
838	93	3
838	283	5
838	100	4
838	257	5
838	1	5
838	718	5
838	7	5
838	275	5
838	713	4
838	993	3
838	24	4
838	121	2
838	596	5
838	455	4
838	249	4
838	919	5
479	340	1
838	222	4
838	111	4
479	338	1
838	274	4
479	680	3
479	688	1
838	1115	4
838	298	3
838	235	2
838	405	4
479	1244	3
479	535	3
479	118	3
838	276	4
838	254	3
838	28	4
838	191	5
838	705	5
838	87	4
838	96	4
838	1039	5
838	173	5
838	83	5
838	223	3
838	114	4
838	22	4
838	945	4
838	204	4
838	408	4
838	480	4
838	174	4
838	172	5
838	584	4
838	175	3
838	70	4
838	134	3
257	345	4
838	45	4
838	494	4
838	168	5
838	1005	4
838	128	4
838	732	4
838	71	3
838	56	5
838	153	4
838	82	4
838	8	4
838	190	4
838	419	5
838	187	3
838	206	4
838	12	4
838	318	5
838	487	4
838	385	4
838	497	5
838	72	4
838	568	4
838	179	5
838	210	4
838	238	4
838	228	4
838	169	4
838	60	4
838	69	4
838	143	5
43	313	5
576	276	3
576	50	4
576	181	4
576	255	3
758	752	3
914	313	3
914	197	4
914	371	4
914	451	2
914	778	5
914	216	3
914	692	3
914	381	3
914	781	5
914	724	3
914	736	3
914	732	2
914	643	4
914	1259	1
914	1406	4
914	1355	1
914	111	1
914	88	2
914	387	3
914	775	3
914	155	5
914	739	2
914	402	5
751	347	4
751	315	3
751	300	2
751	272	4
751	538	4
751	270	4
751	305	2
751	310	3
751	301	5
751	332	3
751	748	2
299	313	3
299	347	4
450	607	5
450	611	5
450	1303	4
299	752	3
450	520	5
450	865	4
450	177	4
450	647	4
450	23	5
450	1192	5
450	715	3
450	1039	5
450	356	4
450	54	4
450	1518	4
450	1107	4
450	546	4
450	43	4
450	77	4
450	693	3
450	470	5
450	284	4
450	729	4
450	1284	3
450	1603	3
450	570	4
450	823	3
450	1311	4
450	1044	4
896	310	4
896	302	2
896	300	2
896	258	5
896	271	1
896	872	3
896	307	3
896	325	1
896	260	2
896	182	4
896	187	5
896	234	4
896	273	5
896	22	5
896	204	4
896	493	5
896	789	2
896	55	3
896	199	3
896	515	3
896	496	4
896	525	5
896	153	4
896	238	3
896	239	4
896	480	3
896	97	4
896	588	5
896	9	4
896	228	5
896	318	4
896	730	4
896	100	3
896	87	4
896	497	3
896	210	4
896	11	2
896	144	4
896	483	3
896	482	3
896	98	5
896	76	3
896	603	4
896	661	4
896	427	4
896	79	5
896	282	2
896	95	4
896	172	5
896	127	5
896	1	4
896	435	4
896	132	3
896	265	4
896	1194	3
896	191	4
896	12	3
896	96	5
896	48	4
896	836	3
896	198	4
896	180	5
896	481	4
896	173	5
896	275	4
896	203	5
896	479	3
896	237	5
896	168	4
896	28	2
896	478	5
896	39	2
896	420	4
896	705	5
896	69	5
896	136	5
896	200	4
896	209	3
896	241	5
833	347	3
896	181	5
896	511	5
896	223	4
896	31	3
896	124	4
896	274	2
896	709	3
896	429	5
896	468	2
896	201	3
896	15	3
896	143	4
896	64	4
896	135	3
896	71	5
833	144	4
833	226	3
833	802	1
833	550	2
833	1143	4
896	651	4
896	215	5
896	684	4
896	188	3
896	952	4
896	1045	3
896	1240	4
896	141	3
896	508	2
896	82	3
896	462	3
896	461	3
896	317	4
896	186	4
896	222	4
896	655	4
896	134	5
896	425	2
896	1101	2
896	414	3
896	7	4
896	23	2
896	686	3
896	1098	3
896	423	3
896	4	3
896	117	2
896	402	4
896	692	4
896	196	3
896	526	4
896	19	2
896	50	5
896	154	3
896	518	3
896	430	3
896	25	3
896	632	2
896	1221	2
896	89	5
896	735	3
896	431	3
896	161	3
896	1214	2
896	484	4
896	128	4
896	164	4
896	121	3
896	8	5
896	24	4
896	73	3
896	206	3
896	387	2
896	91	2
896	88	5
896	474	3
896	596	2
896	147	2
896	742	1
896	202	2
896	393	3
896	631	2
896	636	3
896	133	2
896	647	3
896	190	5
896	320	3
896	129	4
896	966	4
896	845	3
896	58	3
896	470	2
896	83	5
896	1672	2
896	211	4
896	157	4
896	195	4
896	184	3
896	587	3
896	568	2
896	175	2
896	713	2
896	179	2
896	710	4
896	216	5
896	746	3
896	489	5
896	732	4
896	436	3
896	739	2
896	371	2
896	455	2
896	527	4
896	123	3
896	380	2
896	118	2
896	379	2
896	566	4
896	597	4
896	108	3
896	660	5
896	654	3
896	715	3
896	658	4
896	86	1
896	820	2
896	504	3
896	708	2
896	1134	3
896	51	2
896	422	3
896	471	3
896	284	4
896	774	3
896	2	3
896	42	4
896	582	2
896	744	3
896	1119	3
896	637	2
896	101	3
896	70	4
896	152	3
896	1018	3
896	1267	2
896	392	3
896	1248	2
896	559	3
896	33	2
896	942	4
896	549	2
896	367	4
896	160	3
896	77	4
896	808	3
896	405	2
896	226	3
896	1622	2
896	1011	2
896	92	1
896	68	3
896	1208	3
896	229	4
896	1351	2
896	385	4
896	557	3
896	232	3
896	85	3
896	356	3
896	1217	2
896	674	2
896	721	4
896	685	3
896	219	3
896	662	3
896	403	1
896	1028	2
896	212	2
896	1046	2
896	54	2
896	148	2
896	233	2
896	1423	2
896	616	3
896	768	2
896	578	2
896	1406	3
896	572	2
896	542	3
896	576	2
896	640	2
896	770	5
896	591	3
896	642	2
896	1681	3
896	426	2
896	46	2
896	765	4
896	1522	2
896	809	2
896	231	1
896	291	3
896	679	3
896	411	2
896	1183	2
896	384	2
896	550	2
896	1231	1
896	159	2
896	29	2
896	80	2
896	546	2
896	810	1
896	1284	2
896	798	2
896	67	2
896	472	2
896	1078	3
896	139	2
896	928	3
896	1220	1
896	1042	2
896	399	1
896	43	3
896	281	2
896	386	3
896	802	2
896	217	2
896	235	1
896	570	2
896	763	2
896	554	2
896	672	2
896	473	2
896	1222	2
896	1112	3
896	1074	2
896	145	1
896	800	3
896	562	2
896	398	2
896	840	2
896	575	2
896	569	2
896	62	2
896	1249	2
896	225	1
896	1303	4
896	824	1
896	476	2
896	1004	2
896	849	2
896	801	2
896	1437	1
896	452	3
896	174	5
896	230	4
896	227	4
896	450	1
896	752	1
456	268	5
456	286	3
456	346	5
456	258	4
576	257	4
576	9	3
576	259	2
576	475	1
576	324	2
576	248	4
578	288	3
578	346	3
578	313	5
578	300	4
578	751	3
578	245	3
506	333	4
896	27	1
896	720	1
896	53	1
896	719	1
896	1471	1
896	696	1
896	458	1
896	20	1
896	257	4
896	313	4
896	250	3
896	248	4
896	245	4
896	993	4
896	751	4
896	327	5
896	880	4
896	665	1
896	176	5
896	183	4
896	343	1
896	299	1
896	328	1
896	358	1
896	887	2
896	760	2
896	288	3
896	895	2
241	690	2
241	346	3
241	286	5
241	310	4
241	302	3
241	750	5
241	268	4
241	300	4
241	887	4
241	682	2
241	288	5
241	307	4
241	313	4
241	332	3
241	880	5
241	350	2
241	270	3
241	292	4
241	895	2
241	335	3
241	294	3
241	689	3
241	343	2
592	900	4
592	885	2
592	898	2
385	1103	3
472	682	4
768	65	4
322	751	2
322	303	3
322	346	3
322	272	4
322	258	4
322	127	4
322	216	3
322	156	4
322	185	5
322	194	5
322	479	5
322	489	3
322	234	4
322	655	5
322	48	4
322	12	4
322	33	4
322	197	5
322	591	3
322	192	5
322	608	3
322	150	4
322	656	5
322	1019	4
322	508	4
322	92	4
322	654	5
322	507	4
322	505	4
322	1	2
322	64	5
322	513	4
322	89	3
322	9	4
322	157	5
322	188	3
322	521	5
322	318	4
322	653	4
322	196	4
322	514	4
322	179	5
322	23	5
322	32	5
322	182	5
322	483	5
322	313	5
322	302	5
322	603	5
322	528	5
322	50	5
254	286	1
254	269	2
254	97	5
254	8	5
254	140	4
254	1	3
254	622	4
254	126	3
254	22	4
254	1183	4
254	94	3
254	403	3
254	662	4
254	429	4
254	1443	4
254	258	4
254	243	2
751	751	4
80	887	4
80	154	3
80	87	4
80	483	5
80	215	5
80	199	2
80	213	3
80	79	4
80	531	4
80	100	5
80	64	5
80	86	5
80	514	3
80	699	3
80	205	5
80	50	3
80	234	3
80	45	4
80	208	5
80	423	3
80	58	4
80	582	3
80	466	5
80	237	4
80	194	3
924	117	2
924	13	3
141	333	5
655	315	4
655	302	4
141	300	5
655	242	4
655	286	3
655	359	3
655	306	3
141	1280	1
655	347	3
655	1022	3
655	900	3
655	995	3
655	301	2
655	328	2
655	1265	3
655	903	3
655	289	3
655	294	3
655	271	3
655	321	3
655	325	2
655	330	2
655	515	4
655	1143	3
655	50	4
655	935	3
655	1538	3
655	295	3
655	298	4
655	1252	3
655	181	3
655	1016	3
655	1380	4
655	936	3
655	250	3
655	1256	3
655	1082	3
655	1255	3
655	6	4
655	275	4
655	224	3
655	283	3
655	149	4
655	285	4
655	7	3
655	129	3
655	1375	3
655	1097	3
655	508	3
655	117	2
655	1356	3
655	124	3
655	1245	3
655	237	3
655	1171	3
655	125	2
655	741	3
655	13	3
655	591	3
655	1008	3
655	1319	3
655	273	4
655	236	3
655	458	3
655	845	2
655	975	3
655	1161	3
655	220	2
655	676	2
655	118	2
655	685	2
655	284	2
655	126	2
655	281	2
655	363	3
655	197	3
655	357	4
655	32	4
655	522	3
655	521	3
655	64	4
655	175	3
655	97	3
655	23	3
655	772	3
655	47	3
655	650	3
655	511	3
655	178	4
655	1108	3
655	1629	3
655	135	4
655	12	3
655	461	2
655	658	3
655	582	2
655	382	3
655	28	3
655	960	3
655	1169	3
655	1101	2
655	953	3
655	523	3
655	1400	3
655	708	3
655	867	4
655	11	2
655	193	3
655	190	3
655	735	3
655	26	3
655	1100	3
655	81	3
655	509	3
655	1045	3
655	160	3
655	558	4
655	1445	3
655	1136	2
655	527	3
655	724	3
655	58	3
655	744	2
655	468	3
655	1211	4
655	1135	3
655	57	3
655	469	3
655	1641	3
655	1113	3
655	1267	2
655	686	2
655	959	3
655	433	2
655	367	3
655	954	2
655	56	3
655	216	4
655	428	3
655	186	3
655	42	3
655	796	2
655	451	3
655	211	3
655	393	2
655	781	1
655	1167	3
655	1103	3
655	49	1
655	732	3
655	396	2
655	372	3
655	239	2
655	629	3
655	1061	2
655	476	2
655	1630	3
655	1623	4
655	1131	5
655	694	3
655	198	4
655	1506	3
655	1266	3
655	1121	3
655	1099	3
655	855	3
655	529	4
655	958	3
655	1535	3
655	1462	3
655	1149	3
655	1560	2
655	584	3
655	55	2
655	79	5
655	82	2
655	228	3
655	144	3
655	568	3
655	825	2
655	385	3
655	128	3
655	226	3
655	449	3
655	161	2
655	391	2
655	53	2
655	930	2
655	38	2
655	405	2
655	176	2
655	183	4
655	164	2
655	773	3
655	656	3
655	443	4
655	185	4
655	670	3
655	800	2
655	378	1
655	156	2
655	642	3
655	619	3
655	54	2
655	77	3
655	1208	3
655	594	3
655	1046	3
655	356	3
655	717	1
655	1090	3
655	728	2
655	794	1
655	402	2
655	553	2
655	722	1
655	764	1
655	1173	2
1	272	3
1	271	2
1	20	4
1	129	5
1	221	5
1	6	5
1	244	2
655	134	4
1	18	4
655	1635	3
655	610	4
655	899	2
655	337	2
655	1257	3
655	1278	2
379	502	5
195	326	3
655	1232	3
655	707	3
655	19	2
655	48	4
655	191	4
655	98	4
655	1147	3
655	895	3
655	1128	3
655	1018	3
655	288	3
655	750	2
655	333	2
655	1514	2
655	215	2
655	1465	2
655	559	2
655	786	2
655	1069	1
655	1636	4
655	531	4
655	528	5
655	631	4
655	603	4
655	1118	3
655	200	4
655	904	5
655	962	5
655	155	4
655	318	4
655	311	3
655	698	4
655	192	3
655	276	4
655	639	3
655	345	3
655	238	3
655	24	3
655	209	3
655	1111	3
655	223	3
655	789	3
655	1248	3
655	882	3
655	939	3
655	1098	3
655	310	3
655	684	3
655	195	3
655	863	3
655	246	3
655	1344	3
655	257	3
655	712	3
655	1070	4
655	512	3
655	543	3
655	268	3
655	654	3
655	605	3
655	317	3
655	644	3
655	645	3
655	1155	3
655	1197	3
655	1311	3
655	1005	4
655	896	4
655	1194	5
655	1516	3
655	466	3
655	249	3
655	381	3
655	921	3
655	1140	3
655	70	2
655	1029	1
655	1479	2
655	726	2
655	972	3
655	611	3
655	1112	2
655	945	2
655	729	2
655	300	3
655	715	3
655	203	3
655	69	3
655	87	3
655	1532	2
655	116	2
655	581	2
655	974	2
655	172	4
655	502	4
655	1010	3
655	204	3
655	159	3
655	702	2
655	265	3
655	1388	3
655	8	3
655	255	3
655	1153	3
655	1193	3
655	860	3
655	1475	3
655	212	3
655	966	3
655	425	3
655	690	2
655	1284	2
655	65	2
655	578	2
655	1638	3
655	537	3
655	1053	1
655	574	2
655	1213	2
655	1490	2
655	1529	2
655	785	2
655	1407	2
699	116	4
699	619	2
435	338	2
435	351	2
435	885	3
435	752	3
484	300	4
655	547	4
655	143	4
655	1378	3
655	291	3
655	700	3
655	1501	3
655	31	3
655	1448	3
655	806	3
655	632	3
655	170	3
655	880	2
655	1009	2
655	464	3
655	46	4
655	1585	4
655	520	3
655	1288	3
655	607	4
655	674	3
655	673	3
655	692	3
655	498	3
655	734	3
655	1174	3
655	1421	3
655	503	3
655	218	3
655	516	2
655	122	2
655	171	2
655	5	2
655	1042	2
655	1322	2
655	153	2
655	111	2
655	467	3
655	775	2
655	305	4
655	865	4
655	1044	3
655	831	2
655	651	4
655	927	3
655	59	4
655	60	3
655	61	3
655	44	2
655	132	3
870	253	4
195	877	3
829	153	4
829	733	2
595	1264	2
276	355	3
116	355	2
116	260	2
116	1020	3
655	157	3
655	1643	5
655	25	3
655	20	3
655	371	3
655	1041	3
655	233	3
655	950	3
655	1017	3
655	1134	3
655	471	3
655	4	2
655	51	2
655	550	2
655	1554	2
482	269	4
482	315	3
482	313	5
482	328	4
482	301	4
482	311	4
482	294	4
482	748	4
482	245	4
482	988	4
482	682	3
482	881	3
482	346	3
482	243	2
482	286	3
482	289	3
482	288	3
482	321	3
482	258	2
482	876	3
482	295	3
482	127	4
482	257	4
482	50	4
482	298	4
482	249	2
800	294	3
800	304	3
170	348	3
170	304	4
800	457	2
170	749	5
800	275	4
800	181	4
800	222	4
800	276	3
800	50	4
800	1	4
800	118	3
800	121	4
800	742	4
800	597	4
800	125	3
800	15	4
800	405	4
800	476	3
800	1047	3
800	223	5
800	292	5
800	257	4
800	289	4
800	864	4
800	751	4
800	25	4
800	237	4
800	300	4
800	127	4
655	782	3
655	1639	4
655	411	3
655	165	3
655	536	3
655	1233	3
655	205	3
655	240	3
655	1067	2
655	699	2
655	293	4
655	504	5
655	514	5
655	89	4
655	1578	3
655	723	3
655	214	3
655	1192	4
655	1	2
655	270	4
655	222	2
655	258	2
655	86	4
655	844	4
655	1062	3
655	1024	3
655	887	3
655	256	3
655	1011	3
655	96	3
655	121	3
655	533	2
655	202	2
655	500	2
655	572	2
655	815	2
515	313	4
515	1430	3
515	288	4
515	347	3
515	315	4
515	302	3
515	258	4
515	332	3
515	538	3
515	304	4
515	340	3
515	750	2
515	271	4
515	362	4
515	269	2
515	294	3
515	300	5
515	900	4
515	310	3
515	322	3
515	895	4
515	307	4
515	259	3
515	682	4
515	323	3
515	342	3
515	243	3
515	1399	4
515	687	3
515	292	3
515	344	2
515	748	2
515	326	2
515	289	1
515	286	2
515	328	2
515	690	2
515	329	2
515	905	2
515	893	1
450	166	5
450	403	4
450	191	5
450	170	5
450	86	4
450	633	5
450	648	5
450	487	4
450	287	4
450	419	5
450	657	4
450	114	5
450	92	4
450	237	5
450	310	4
450	739	4
450	613	4
450	90	4
450	493	4
450	510	4
450	428	4
450	1221	5
450	591	4
450	392	4
450	477	4
450	660	4
450	561	4
450	91	4
450	519	4
450	1226	4
450	235	3
450	29	3
450	73	3
450	145	3
450	530	3
450	283	3
450	1126	4
450	371	3
450	1116	3
450	231	3
450	484	3
450	225	4
450	254	3
642	292	2
642	220	4
83	631	2
83	249	2
83	64	5
83	255	5
83	38	5
83	82	5
83	393	5
83	755	5
83	79	5
83	663	5
83	405	5
83	543	2
83	234	4
83	127	4
83	161	4
83	233	4
83	69	4
83	546	4
83	768	4
83	106	4
83	385	4
83	294	3
83	508	2
83	477	2
510	300	5
510	313	5
510	286	3
510	258	4
510	333	3
510	292	4
510	288	3
510	876	2
510	245	3
510	325	1
510	324	1
510	299	3
510	294	3
510	748	3
510	259	2
510	289	2
510	326	4
510	323	4
510	322	3
510	687	2
510	1025	3
510	873	3
510	261	2
510	243	3
510	358	1
510	678	4
510	681	1
510	330	2
510	881	2
510	457	2
385	487	4
532	354	4
483	582	3
864	245	4
864	349	4
864	328	5
864	892	3
864	678	4
864	343	5
655	475	3
655	534	2
655	423	3
655	1195	3
452	603	4
452	61	1
452	60	1
452	874	2
452	419	4
452	265	3
500	546	4
500	249	3
500	147	3
533	1016	3
533	744	2
533	591	4
533	275	4
210	300	4
210	23	5
210	58	4
210	662	2
210	969	4
210	56	5
210	173	4
210	832	3
210	211	5
210	153	5
210	154	4
210	168	5
210	517	4
210	163	3
210	435	4
210	25	4
210	208	5
210	4	4
210	523	4
210	655	5
210	1118	4
210	514	5
210	792	3
210	821	3
210	210	5
210	186	4
210	70	4
210	152	5
210	204	5
210	732	4
210	274	5
210	763	2
210	1012	4
210	257	5
210	290	4
210	255	4
210	864	3
210	235	3
210	926	2
210	411	3
210	1028	3
210	50	5
210	1	5
210	181	5
210	276	5
210	127	5
210	65	4
210	708	5
210	315	5
210	301	4
43	302	4
210	243	2
210	327	4
210	180	4
210	176	4
210	568	4
210	392	3
210	187	5
210	174	5
210	134	5
210	484	4
210	651	4
210	28	4
210	114	4
210	357	5
210	132	4
210	527	5
210	182	5
210	185	4
210	172	5
210	403	4
210	230	3
210	135	5
210	79	4
210	197	5
210	205	4
210	161	5
308	313	3
308	259	3
308	309	1
308	322	2
308	319	4
308	321	3
308	288	4
308	294	3
308	264	2
308	678	3
210	195	4
210	179	3
210	657	4
210	98	5
210	97	5
308	1021	4
308	58	3
308	641	4
210	69	4
210	483	5
210	380	4
308	172	4
308	661	4
308	1	4
308	480	4
308	169	5
308	659	3
308	496	3
308	434	4
308	513	3
308	427	4
308	512	5
308	179	4
308	530	4
308	498	5
210	96	4
308	285	5
308	656	3
308	183	4
308	488	4
308	192	5
308	8	5
308	165	3
308	657	4
308	174	4
308	176	4
210	404	5
210	482	5
308	197	3
308	516	4
308	318	4
308	603	5
210	631	5
210	692	4
308	853	5
308	191	4
308	100	5
308	1073	3
308	487	4
308	521	3
308	208	4
308	45	4
308	582	3
308	483	3
308	238	5
308	48	4
308	863	3
308	654	5
210	956	3
308	56	5
308	185	4
308	129	5
308	510	3
308	848	4
210	99	4
308	276	4
210	501	4
308	484	3
308	404	3
308	653	5
308	175	5
308	423	5
308	664	5
308	28	3
308	528	3
308	432	4
308	640	4
210	200	5
308	163	4
308	202	4
308	607	3
308	523	4
308	234	3
308	273	2
210	234	4
308	170	3
308	95	4
308	223	4
308	511	5
308	210	4
210	465	4
210	402	5
210	188	3
210	684	3
308	699	4
308	475	4
308	419	4
308	9	4
308	283	3
308	467	4
308	182	5
210	160	4
308	127	4
308	12	5
308	673	4
308	135	5
308	70	4
210	121	4
308	493	3
308	23	5
308	92	4
308	81	5
327	286	2
308	709	3
308	634	4
308	201	5
308	98	3
210	735	4
210	423	5
210	202	5
327	302	3
327	258	1
308	237	3
308	19	3
308	64	4
327	327	3
308	50	5
308	32	5
308	486	4
308	942	3
308	96	4
308	517	4
308	215	3
308	583	4
308	522	3
308	153	5
308	435	4
210	443	4
210	420	4
210	953	3
327	886	2
327	333	2
308	461	4
308	492	3
308	211	4
308	602	4
308	91	4
308	515	3
210	654	5
327	336	2
308	79	4
308	684	3
308	168	4
308	116	4
308	792	3
308	806	4
308	558	4
210	216	4
210	222	4
210	88	4
327	268	4
327	269	3
327	682	3
327	874	3
327	311	3
210	447	5
210	755	3
308	505	3
308	22	4
308	1121	3
308	124	4
308	265	3
308	59	4
210	419	4
308	209	4
308	134	5
210	15	4
210	44	3
308	485	3
308	178	4
308	589	4
308	87	4
308	60	3
308	199	4
308	216	3
308	705	5
308	193	3
308	166	3
308	11	5
308	429	4
308	4	5
308	132	3
308	204	4
308	275	4
308	618	4
308	144	3
308	425	4
308	519	4
308	180	5
308	481	4
308	203	5
308	89	5
308	99	4
308	24	4
308	770	4
308	632	3
308	156	4
308	531	4
308	463	4
308	214	2
308	693	3
308	962	4
308	628	3
308	490	4
308	469	5
308	357	4
308	1286	3
308	154	4
308	186	4
308	482	5
308	205	3
308	506	4
308	42	4
308	133	3
308	642	5
308	455	4
308	157	5
308	921	4
308	1126	3
308	408	5
308	65	3
308	433	5
308	479	5
308	233	3
308	1515	4
308	171	4
308	965	4
308	466	5
308	1147	4
308	856	4
308	663	5
308	692	3
308	97	1
308	371	3
308	82	4
308	646	5
308	520	4
308	241	4
308	648	4
308	177	5
308	494	5
308	1019	4
308	504	4
308	367	4
308	403	4
308	514	4
308	195	5
308	499	3
308	123	3
308	117	3
308	613	4
308	69	2
308	655	4
308	164	4
308	218	5
308	802	3
308	160	4
308	509	4
308	584	4
308	430	4
308	219	3
308	274	3
308	55	3
308	187	5
308	736	3
308	525	5
308	184	4
308	610	4
308	7	4
308	732	4
308	550	4
308	578	2
308	588	5
308	507	3
308	109	3
308	629	4
308	597	3
308	47	4
308	30	4
308	200	5
308	611	4
308	1028	2
308	73	3
308	671	4
308	566	4
308	230	4
308	746	4
308	447	4
308	17	4
308	1456	4
308	181	4
308	162	4
308	843	3
308	1169	5
308	143	4
308	945	4
308	537	4
308	742	4
308	198	3
308	1421	4
308	811	4
308	615	3
308	633	4
308	194	5
308	436	4
308	477	4
308	71	4
308	1404	4
308	649	4
308	152	5
308	959	3
308	61	3
308	472	2
308	213	4
308	471	3
308	1065	5
308	131	4
308	15	3
308	428	5
308	526	3
308	679	4
308	826	3
308	805	4
308	121	3
308	31	3
308	822	4
308	291	3
308	1197	4
308	502	5
308	382	4
308	5	4
308	591	3
308	1006	4
308	739	4
308	1211	3
308	118	3
308	609	4
308	614	3
308	235	3
308	616	2
308	686	4
308	147	3
308	741	4
308	708	4
308	141	3
308	365	3
308	196	3
308	473	3
308	411	4
308	968	4
308	1045	4
308	239	3
308	747	3
308	755	3
308	501	4
308	842	3
308	1135	4
308	396	4
308	385	4
308	495	3
308	74	4
308	420	4
308	729	3
308	417	3
308	54	2
308	1154	2
308	559	4
308	393	4
308	675	4
308	392	4
308	231	3
308	660	3
308	569	3
308	44	4
308	72	4
308	581	4
308	546	3
308	966	3
308	443	3
308	1118	4
308	88	4
308	605	4
308	778	3
308	25	4
308	1046	4
308	568	5
308	402	4
308	825	4
308	715	5
308	579	3
308	378	3
308	21	3
308	77	3
308	66	4
308	148	3
308	161	3
308	226	3
308	356	3
308	49	3
308	712	4
308	448	3
308	1140	4
308	68	4
308	449	3
308	665	4
308	637	3
308	1411	4
308	107	4
308	139	3
308	85	4
308	1074	3
308	410	4
308	567	4
308	452	2
308	298	5
308	293	4
308	248	4
308	295	3
308	257	4
308	284	4
308	1252	3
308	255	4
308	151	4
393	362	3
393	258	4
393	288	3
393	315	5
393	751	2
393	272	4
308	824	3
393	310	4
393	347	4
393	270	5
393	313	4
393	538	3
308	928	4
393	690	4
393	304	4
393	683	4
308	1047	3
393	245	3
393	294	4
308	122	4
393	342	5
393	321	3
393	271	3
308	254	2
393	332	4
393	328	5
393	681	3
393	879	3
393	322	4
393	259	4
393	905	3
393	748	3
393	243	4
393	323	2
393	687	3
393	349	3
393	892	3
393	338	2
393	890	1
393	689	3
393	181	4
393	298	4
393	250	4
327	300	2
327	328	2
327	288	4
327	875	4
393	50	5
393	1197	3
393	1	3
393	596	4
327	324	3
327	294	3
327	749	3
327	271	3
393	126	4
327	895	3
327	260	1
327	678	3
327	245	1
327	301	3
327	264	2
327	321	3
327	338	1
327	589	3
327	172	4
327	474	3
327	197	4
327	7	3
327	537	4
393	282	4
393	275	4
393	100	1
327	508	2
327	186	2
327	183	3
327	210	3
327	83	2
327	340	4
327	14	4
327	856	4
327	344	4
327	313	4
327	22	4
327	89	4
393	845	4
393	248	4
393	291	4
327	12	3
327	507	4
327	182	4
327	175	2
327	169	2
393	125	4
393	283	3
393	222	4
327	176	4
327	1073	2
393	15	3
327	195	4
393	25	2
393	257	4
393	237	4
393	123	4
393	255	4
327	150	4
327	222	2
393	815	4
393	591	5
393	249	3
327	246	4
327	129	4
327	475	4
327	298	3
393	410	4
393	109	3
393	148	4
393	922	4
393	121	4
393	7	4
327	93	4
327	10	4
327	249	2
393	9	4
327	285	4
393	278	4
327	100	4
327	1070	4
327	174	4
327	506	3
393	685	3
393	459	4
393	742	4
393	274	4
393	147	5
393	471	4
393	546	2
393	118	4
393	932	3
393	405	4
393	833	4
393	628	4
393	840	4
393	108	2
393	1258	3
393	1016	5
393	924	4
393	476	3
393	1049	4
393	280	4
393	21	3
393	252	3
393	717	3
393	763	5
393	363	3
393	1014	3
393	1048	3
393	544	3
393	473	3
393	871	3
393	369	3
393	1028	3
393	1095	2
393	472	3
393	841	3
393	620	4
393	926	4
393	864	3
393	929	3
393	825	4
393	696	4
393	409	4
393	756	4
327	1007	4
327	250	2
393	111	3
393	597	3
393	3	3
393	1047	3
327	484	3
327	11	4
327	655	4
327	527	4
393	290	3
393	281	4
393	820	3
393	240	2
393	1337	3
393	1244	3
393	412	3
393	1120	3
393	1040	3
393	1001	4
393	870	3
393	831	1
327	23	4
327	718	4
327	237	4
393	456	3
393	411	2
393	977	4
327	181	4
393	1051	3
393	934	3
393	105	3
327	293	3
327	50	3
393	117	4
327	405	2
327	1	4
393	443	3
327	603	4
327	178	4
327	79	3
327	482	4
327	133	4
327	48	4
327	64	2
327	650	4
393	189	4
393	566	3
393	191	3
327	651	4
327	753	4
393	173	5
327	188	5
327	180	4
327	960	5
327	865	5
327	56	2
393	357	2
393	939	4
327	44	3
327	421	2
327	234	5
393	11	3
327	196	4
327	151	4
393	69	4
393	172	5
393	12	5
327	1012	2
327	1129	2
327	408	2
327	255	3
327	273	2
393	215	4
393	169	3
393	31	4
327	24	2
393	613	4
393	64	4
393	1039	3
393	79	4
393	22	4
393	318	3
393	89	3
393	202	3
393	789	1
393	56	2
393	1169	5
393	196	4
393	203	4
393	633	2
393	1468	4
393	496	5
393	223	4
393	128	3
393	8	3
393	82	4
393	144	3
327	558	4
327	447	4
327	98	4
393	2	4
393	73	4
393	418	3
393	385	4
393	132	2
327	164	3
327	219	4
393	194	4
393	778	3
393	265	4
393	204	4
393	154	2
327	672	2
327	559	2
327	218	3
327	217	3
393	1446	5
393	65	2
393	655	3
393	659	4
393	729	4
393	51	4
393	705	4
393	168	4
393	550	3
393	380	2
393	83	4
393	419	4
393	417	3
393	500	4
327	47	4
327	1019	3
327	461	3
327	42	3
327	13	2
327	1101	4
393	485	2
393	739	3
393	153	3
327	676	3
327	257	2
327	25	2
393	186	3
393	58	3
393	26	3
393	378	4
393	134	2
393	588	4
393	5	3
393	423	3
393	693	3
393	161	4
393	1058	4
393	465	4
393	431	2
393	451	3
393	210	4
393	553	3
393	135	1
327	631	3
327	502	3
327	32	4
327	26	3
327	198	4
327	173	4
327	154	4
327	275	4
327	357	4
327	200	4
327	127	4
327	514	4
327	811	4
327	644	3
327	238	4
327	710	4
327	806	4
327	65	2
327	156	4
327	658	2
327	209	4
327	28	3
327	1056	2
327	92	4
327	921	4
860	678	3
860	781	2
860	716	2
860	1041	2
860	846	2
500	358	4
879	300	3
879	292	4
879	751	2
879	304	4
879	294	3
879	181	4
879	255	4
879	125	5
879	597	2
879	127	5
879	237	4
879	596	2
879	763	5
879	151	3
879	222	4
879	866	5
879	1047	2
879	1284	3
879	118	3
879	685	4
879	25	4
879	276	4
879	117	4
879	1	4
879	111	4
879	50	4
879	121	4
879	15	4
879	282	4
674	304	3
674	294	4
674	288	3
674	300	3
674	313	5
674	315	3
674	751	3
674	292	4
674	245	4
674	678	3
674	15	4
674	50	4
674	181	4
674	257	4
674	742	5
674	125	5
674	127	5
674	763	5
674	1	4
674	222	3
674	685	3
674	405	4
674	117	5
674	121	4
674	827	4
674	323	3
674	255	4
674	1620	4
674	25	4
674	866	5
674	597	3
674	118	3
674	929	3
674	410	3
674	539	1
674	252	2
674	289	2
674	282	5
674	151	2
674	111	5
674	1197	3
436	347	4
436	340	5
436	288	4
655	1607	3
436	348	4
436	313	5
655	1395	3
436	264	2
436	327	5
436	895	4
436	748	3
436	325	3
436	172	3
436	133	3
436	157	5
436	454	4
436	187	5
436	742	5
436	168	3
436	642	4
436	392	4
436	427	3
436	265	3
436	469	3
436	182	5
436	504	4
436	381	4
436	204	5
436	655	5
436	273	4
436	435	4
436	98	4
436	710	4
436	425	4
436	174	3
436	1119	4
436	50	4
436	568	5
436	447	1
436	73	4
436	144	5
436	234	3
436	537	4
436	693	5
436	200	3
436	96	4
436	658	5
436	238	3
436	821	4
436	553	3
436	11	5
436	186	3
436	507	4
436	503	4
436	132	1
436	276	4
436	1206	3
436	39	3
436	127	5
436	47	4
436	239	3
436	856	4
436	423	4
436	746	5
436	179	3
436	125	4
436	95	4
436	23	4
436	219	5
436	216	4
436	143	2
436	721	3
436	92	3
436	83	5
436	287	4
436	159	4
436	367	4
436	81	3
436	90	3
436	986	3
436	43	2
436	99	3
436	592	3
436	1048	2
436	167	3
436	433	5
436	790	3
436	66	5
436	215	4
436	708	3
436	628	5
436	506	5
436	1248	3
436	925	4
436	1058	4
436	928	4
436	470	4
436	102	4
436	226	4
436	559	4
436	747	5
436	787	5
436	1468	5
436	715	4
436	1028	4
436	761	4
436	72	5
436	1489	2
436	785	2
436	595	5
436	1135	4
436	411	4
436	763	4
436	550	4
436	218	4
436	1522	2
436	794	4
436	26	3
436	217	4
436	845	5
436	649	5
436	869	4
436	762	4
436	585	3
436	65	4
436	111	4
436	1178	3
436	660	4
436	546	3
436	468	4
436	1053	4
436	723	3
436	739	4
436	635	3
436	161	4
436	278	2
436	38	3
436	400	3
436	1061	3
436	941	4
436	974	5
436	840	3
436	21	3
436	1227	2
436	581	4
436	1263	3
436	441	3
626	272	5
626	313	5
626	923	5
532	205	5
210	219	3
210	679	3
327	265	2
327	203	3
327	735	2
327	708	4
327	95	3
327	153	4
327	87	3
327	204	4
327	497	4
327	211	3
327	131	4
327	523	4
327	81	4
327	411	3
327	845	3
327	517	2
327	645	4
327	216	3
327	433	4
327	746	3
327	428	4
327	659	4
327	702	2
327	792	4
327	1069	4
327	4	4
327	959	5
327	152	3
327	88	2
327	90	3
327	949	4
327	239	3
327	70	4
327	455	2
327	1017	2
327	382	3
327	732	1
327	381	4
327	952	2
327	367	4
327	451	4
327	709	4
327	778	3
327	805	4
327	410	2
327	274	2
327	111	4
327	85	2
327	393	3
327	476	2
327	1067	4
327	396	3
327	232	4
327	72	2
327	663	4
327	66	3
327	108	3
327	1103	4
327	652	4
327	1170	4
327	478	4
327	498	4
327	715	4
327	1097	4
327	8	4
327	9	5
327	228	4
327	466	3
327	628	2
327	684	4
327	686	4
327	144	4
327	55	4
327	33	3
327	184	3
327	583	2
327	226	3
327	281	3
327	403	3
327	431	3
327	117	3
327	2	2
327	233	3
327	147	2
327	568	2
327	161	3
327	230	4
327	546	2
327	550	2
327	82	2
327	179	2
327	634	5
327	31	2
327	962	3
327	215	4
327	588	4
327	99	4
327	418	3
327	192	5
327	132	5
327	318	5
327	191	4
327	1098	4
327	305	5
327	896	5
327	168	4
327	919	5
327	201	5
327	160	4
327	494	4
327	1218	4
327	202	4
327	86	4
327	533	4
327	96	2
327	121	2
327	849	2
327	469	4
327	772	3
327	1141	3
327	425	3
327	582	4
327	69	2
327	1131	4
327	423	3
327	529	3
327	464	4
327	1075	4
327	419	4
894	344	4
504	678	4
504	310	4
504	307	4
504	288	5
504	258	5
504	292	5
504	323	4
504	300	4
504	245	4
504	330	4
504	322	4
504	50	3
504	928	4
504	25	4
504	620	4
504	281	4
504	411	4
504	476	5
504	100	5
504	127	5
504	9	4
504	295	4
504	248	4
504	121	4
504	151	4
504	628	4
504	117	4
504	298	4
504	257	5
504	237	3
504	181	3
504	276	3
504	846	4
504	118	3
504	282	4
504	742	4
504	106	3
504	546	4
504	240	1
504	1277	4
504	291	4
504	595	4
504	934	4
327	190	4
504	225	4
504	370	3
504	122	1
504	223	5
504	529	4
504	418	3
504	98	5
504	1050	4
504	651	4
504	197	4
504	183	3
504	385	4
504	729	5
504	479	4
504	318	5
504	133	5
504	419	3
504	56	3
504	210	4
504	194	3
504	357	4
504	1147	4
504	693	4
504	162	4
504	97	4
504	517	4
407	208	4
407	561	4
407	316	4
407	147	4
407	182	4
407	177	4
450	807	4
450	96	4
450	421	4
450	465	4
450	1222	3
450	252	3
450	82	3
450	373	3
450	778	3
450	717	4
450	259	3
450	728	3
450	478	5
450	1	4
450	142	5
450	210	3
450	837	4
450	771	3
504	632	3
504	631	4
504	99	3
504	176	3
504	211	4
504	58	3
504	69	4
504	82	4
504	180	4
504	505	4
504	503	4
504	1084	4
504	454	5
504	143	4
504	200	4
504	414	5
504	208	4
504	216	4
504	514	4
504	195	4
504	735	5
504	699	4
504	185	5
504	526	3
504	153	3
504	527	4
504	969	4
504	612	4
504	65	4
504	462	4
504	234	3
504	132	5
504	44	4
504	70	3
504	939	4
504	204	3
504	705	4
504	196	4
504	961	4
504	154	4
504	807	4
504	168	5
504	179	1
504	66	4
504	161	4
504	660	4
504	372	4
504	567	2
504	51	4
504	4	4
504	382	4
504	485	4
504	449	4
504	28	4
504	402	4
504	731	3
504	96	4
504	356	4
504	448	5
504	38	4
504	72	4
504	163	4
504	1439	4
504	187	3
504	1136	5
504	420	3
504	139	3
504	84	3
504	186	3
504	1210	3
504	77	4
504	655	4
504	559	5
504	214	4
504	399	4
504	1522	3
504	423	4
504	1093	1
504	1421	4
504	942	4
504	629	4
504	94	4
504	142	3
504	417	3
504	755	4
504	739	3
504	719	3
606	313	5
126	315	4
126	272	3
126	286	3
126	288	4
126	302	4
126	323	3
126	751	4
126	332	2
126	346	3
126	690	3
126	328	5
126	344	4
126	258	4
126	333	2
126	326	2
126	310	2
126	313	5
126	245	3
126	262	4
126	322	3
126	303	3
126	350	2
126	300	4
126	340	5
126	682	1
126	327	3
126	294	3
126	260	1
126	311	4
126	289	3
126	316	4
126	990	4
126	905	2
126	678	3
126	243	5
126	752	3
126	1175	5
655	955	3
655	753	3
655	435	2
707	880	2
654	313	5
654	302	5
654	268	1
654	300	5
654	751	3
654	288	3
654	332	4
654	748	4
654	294	3
654	689	3
654	336	3
654	50	5
654	237	4
654	742	4
654	508	1
654	25	1
654	408	5
654	181	3
654	275	5
654	124	4
654	591	5
654	116	4
654	258	4
654	100	1
654	283	5
654	151	4
654	246	1
654	147	3
654	282	3
654	255	2
654	222	5
654	1	4
654	250	1
654	15	3
654	14	2
654	137	4
654	248	2
654	845	4
654	274	4
654	111	4
654	109	3
654	24	4
654	121	4
654	278	3
654	1283	1
654	1115	3
654	13	1
654	596	3
654	257	4
654	825	3
654	455	3
654	1016	4
654	276	1
654	249	5
654	405	4
654	1009	3
654	546	4
654	291	4
654	284	4
654	118	2
654	370	2
654	476	3
654	473	2
654	535	3
654	1014	3
654	926	4
654	252	2
654	1048	3
654	3	3
654	756	4
654	146	3
654	1165	1
654	173	5
654	969	5
654	746	3
654	95	4
654	496	4
654	189	4
654	318	5
654	79	5
654	169	5
654	143	5
654	22	5
654	385	4
654	265	5
654	218	2
654	195	4
654	210	5
654	117	4
654	168	4
654	12	5
654	963	4
654	153	4
654	431	4
654	56	4
654	423	4
654	216	4
654	11	4
654	238	4
654	87	4
654	558	3
654	223	4
654	8	5
654	172	4
654	114	5
654	660	5
654	1020	4
654	215	4
654	418	4
654	28	5
654	71	3
654	204	4
654	98	5
654	69	4
654	70	4
654	83	5
654	1035	4
654	97	3
654	66	4
654	174	5
654	468	4
654	736	5
654	317	4
654	196	5
654	82	5
654	588	4
654	154	3
654	597	4
654	4	4
654	81	2
654	735	4
654	239	4
654	568	4
654	638	4
654	739	4
654	381	3
654	144	5
654	821	3
654	367	4
654	720	4
654	54	3
654	785	4
654	1285	4
654	462	4
654	128	5
389	1298	5
389	347	4
452	523	2
452	736	3
452	792	5
504	392	5
504	676	4
504	543	4
504	215	4
504	728	3
504	205	3
504	71	5
504	202	3
504	174	4
504	393	3
504	1263	4
504	716	4
504	167	3
504	141	3
504	499	4
504	490	4
504	447	4
504	88	3
504	585	2
504	548	2
504	504	4
504	212	4
504	465	3
504	54	4
504	773	3
504	561	4
504	1004	4
504	756	3
504	616	4
504	218	4
504	416	4
504	440	3
504	404	4
504	102	3
504	403	3
504	40	4
504	623	3
504	622	4
504	443	3
504	428	3
504	506	4
504	90	3
504	972	3
504	581	4
504	1041	3
504	664	3
504	158	3
504	537	3
504	1133	3
504	723	4
504	1090	4
504	1118	3
504	834	2
504	1444	3
504	400	3
504	441	4
504	1030	3
504	563	3
504	219	3
504	396	2
504	579	4
504	973	4
504	1442	3
504	1437	2
504	1110	2
504	1508	3
504	717	4
504	53	4
504	401	2
504	791	3
504	667	3
504	1135	4
504	725	3
504	452	2
543	313	3
504	371	3
504	199	4
543	302	4
504	1046	4
504	1415	3
504	67	2
504	364	2
504	575	3
504	238	3
504	386	3
504	384	2
504	5	4
504	63	3
504	633	3
504	75	4
504	451	1
504	1037	1
504	155	3
504	68	5
504	294	2
474	288	3
474	302	5
474	315	5
474	313	4
474	286	5
474	258	4
474	346	5
474	326	3
474	259	1
474	289	3
474	316	5
474	748	3
474	678	2
474	323	2
474	343	3
474	127	5
474	150	5
474	137	5
474	276	5
474	50	5
474	515	5
474	293	4
474	275	3
474	124	5
474	117	4
474	14	5
474	1134	3
474	471	3
474	591	3
474	237	4
474	126	4
474	116	5
474	100	5
474	7	5
474	628	4
474	283	3
474	508	3
474	222	4
474	475	4
474	181	5
474	257	3
474	1016	3
474	15	5
474	255	4
474	924	4
474	298	3
474	284	4
474	410	2
474	756	1
474	244	4
474	13	5
474	411	2
474	107	3
474	1009	4
474	685	3
332	313	5
332	258	5
332	288	5
332	300	5
474	111	4
474	151	3
474	1011	4
474	9	5
332	271	4
332	328	5
474	744	3
474	405	4
474	121	4
332	678	4
332	327	5
332	294	5
474	696	3
474	294	3
474	929	3
474	274	3
332	322	4
474	676	3
332	879	4
332	748	4
332	895	5
332	332	4
332	984	2
474	282	4
474	248	4
474	1028	1
332	181	5
332	237	5
332	295	3
332	222	4
332	1016	5
332	7	4
474	1014	3
474	291	4
474	252	4
332	117	4
332	298	4
332	257	4
474	25	5
332	1315	2
332	293	4
332	127	5
332	9	4
332	123	4
332	50	5
332	282	5
332	121	5
474	496	4
474	318	5
474	187	5
474	59	3
474	197	5
474	603	5
474	234	5
474	191	5
474	195	5
474	172	5
474	474	5
474	527	5
474	48	4
474	185	5
474	945	4
474	42	4
474	528	5
474	182	5
474	1123	4
474	427	5
474	489	4
474	479	5
474	190	3
474	487	4
474	176	5
474	134	4
474	79	5
474	64	5
474	173	5
474	98	5
474	657	5
474	180	5
474	97	5
474	616	4
474	655	5
474	56	5
474	238	4
474	523	5
474	663	4
474	204	4
474	506	5
474	135	5
474	507	4
474	179	5
474	483	5
474	423	5
474	505	5
474	486	4
474	89	5
474	265	5
474	504	5
474	654	5
474	1172	4
474	971	4
474	196	5
474	205	5
474	513	5
474	192	4
474	22	4
474	194	5
474	606	3
474	11	5
474	529	5
474	647	4
474	610	3
474	357	5
474	69	5
474	45	5
474	705	3
474	183	5
474	61	3
474	28	4
474	735	4
474	615	4
474	216	4
474	381	4
474	132	4
474	461	5
474	499	5
474	12	5
474	498	4
474	480	5
474	608	4
474	317	4
474	136	4
474	491	4
474	650	4
474	659	5
474	646	4
474	611	4
474	482	3
474	175	4
474	462	4
474	193	4
474	200	3
474	96	4
474	8	5
474	208	3
474	664	4
474	661	4
474	23	4
474	60	3
474	617	3
474	511	5
474	170	4
474	198	3
474	174	5
474	207	4
474	943	4
474	52	4
474	448	5
474	707	5
474	484	5
474	211	5
474	520	5
474	493	4
474	966	4
474	525	4
474	510	4
474	503	4
474	652	4
474	492	4
474	87	4
474	517	4
474	419	4
474	469	4
474	430	3
474	58	4
474	186	4
474	521	5
474	488	3
474	83	3
474	684	4
474	141	4
474	203	5
474	604	4
474	1113	3
474	490	5
474	671	3
474	963	5
474	178	4
474	88	4
474	77	5
474	497	5
474	1050	4
474	55	4
474	416	4
474	956	4
474	921	3
474	530	5
474	641	4
474	633	4
474	602	3
474	470	3
474	188	5
474	66	4
474	143	4
474	792	4
474	1020	3
474	31	4
474	435	5
474	76	4
474	566	5
474	923	4
474	514	4
474	518	4
474	737	4
474	161	4
474	215	5
474	648	4
474	485	4
474	478	4
474	171	4
474	68	3
474	836	3
474	71	5
474	519	4
474	227	4
474	607	4
474	436	3
474	848	4
474	44	3
474	431	4
474	660	5
474	549	5
474	1221	4
474	653	4
474	614	4
474	468	4
474	789	4
474	378	4
474	1124	4
474	729	4
474	642	4
474	414	4
474	996	3
474	481	4
474	1518	3
474	47	4
474	526	5
474	99	4
474	553	2
474	382	3
474	708	4
474	1200	4
474	199	5
474	86	4
474	463	5
474	72	3
474	509	5
474	699	4
474	618	4
474	213	4
474	609	4
474	26	4
474	736	3
474	131	4
474	92	4
474	601	5
474	692	4
474	4	5
474	380	4
474	649	4
474	218	4
474	212	4
474	385	4
474	605	3
474	168	3
474	651	5
474	209	5
474	1286	2
474	495	4
474	1045	4
474	582	5
474	584	5
474	1063	5
474	230	3
474	70	4
474	467	4
474	697	4
474	418	3
474	421	3
474	939	4
474	1421	4
474	210	5
474	434	4
474	709	5
474	630	3
474	356	5
474	73	3
126	319	2
332	125	5
332	815	4
332	742	5
332	284	5
332	1	4
332	685	4
332	273	5
332	472	3
332	276	3
332	240	4
332	255	4
332	118	5
332	871	3
332	471	4
126	353	5
126	878	5
126	884	5
126	681	5
126	881	5
126	337	5
126	266	5
332	1028	4
332	845	3
332	763	5
332	291	4
332	597	5
332	410	4
332	148	5
332	405	4
332	827	4
332	820	4
332	619	3
332	147	4
332	833	5
332	628	4
332	369	4
332	456	4
332	595	4
332	409	3
332	982	3
332	406	3
332	866	2
332	975	3
332	105	2
332	1150	3
332	1011	3
332	1047	3
332	841	4
332	106	4
332	756	2
332	225	3
332	928	5
332	235	3
332	411	4
332	717	3
332	831	3
332	696	3
332	840	4
332	1013	3
332	1244	4
332	824	3
332	120	4
332	370	2
332	122	5
332	983	2
332	934	2
332	22	5
332	210	5
332	41	5
332	679	5
332	195	5
332	96	5
332	159	5
332	226	5
332	550	5
332	144	5
332	470	5
332	1218	5
453	272	5
453	93	2
453	628	3
453	1017	3
453	248	4
453	975	2
453	1079	1
820	315	3
820	258	3
820	286	4
820	347	4
820	333	5
820	538	3
820	302	5
820	313	5
820	288	5
820	358	1
820	271	2
820	324	3
820	289	2
820	301	2
820	895	2
820	328	2
820	751	1
820	264	3
820	316	3
820	748	1
820	343	4
815	333	3
815	631	4
815	427	5
815	528	5
454	260	1
454	313	5
454	272	5
454	315	4
454	312	3
454	316	4
454	988	2
454	1105	3
758	362	5
758	316	5
640	302	5
640	186	5
758	1527	3
379	655	5
379	1075	3
379	517	4
49	270	2
49	302	4
49	347	3
49	346	4
49	904	2
49	313	3
49	995	3
49	300	1
49	262	5
49	268	3
49	301	3
49	294	1
49	324	4
49	325	3
49	334	4
49	289	4
49	312	3
49	343	2
49	358	1
49	878	2
49	258	2
49	10	3
49	283	3
49	475	4
49	116	4
49	1009	3
49	919	5
49	547	5
49	1068	3
49	1082	3
49	713	3
49	256	4
49	557	3
49	1075	2
49	1073	5
49	179	5
49	652	5
49	213	3
49	462	2
49	531	3
49	171	4
49	57	4
49	702	3
49	70	2
49	1021	5
49	52	2
49	640	1
49	382	2
49	1080	4
49	1018	2
49	698	2
49	737	1
49	501	3
49	432	5
49	91	5
49	95	2
49	418	3
49	99	4
49	588	4
49	240	3
49	625	3
49	420	4
49	946	2
49	627	2
49	542	2
49	71	3
49	101	3
49	1078	1
49	102	2
49	473	3
49	820	1
49	1066	2
49	1076	2
49	98	4
49	56	5
49	185	5
49	100	4
49	7	4
49	320	5
49	200	3
49	53	4
49	219	1
49	217	3
49	559	2
49	406	2
49	413	1
49	561	2
49	145	1
49	569	3
49	396	4
49	774	2
49	590	1
49	758	1
49	50	1
49	8	3
49	419	4
49	172	1
49	173	3
49	174	1
49	143	3
49	477	2
49	423	2
49	151	5
49	82	1
49	181	1
49	404	3
49	465	3
49	401	2
49	657	5
49	789	4
49	1077	4
49	12	4
49	55	4
49	741	4
49	129	2
49	121	1
49	581	3
49	583	4
49	628	4
49	39	2
49	123	1
49	148	1
49	594	3
49	159	2
49	54	2
49	77	1
49	38	1
49	931	2
49	328	2
49	1003	2
49	928	2
49	299	2
49	1	2
49	225	2
49	218	2
49	717	2
49	1083	2
49	17	2
49	514	4
49	813	3
49	168	5
49	204	1
49	111	2
49	154	5
49	208	4
49	175	5
49	47	5
49	1070	3
49	433	5
49	238	4
49	42	4
49	25	2
49	428	5
49	455	1
49	202	3
49	13	3
49	508	3
49	1067	3
49	287	4
49	3	3
49	209	5
49	93	5
49	239	2
49	1069	3
49	959	2
49	85	3
49	721	2
49	108	2
49	695	3
49	235	2
49	49	2
49	372	4
49	715	3
49	692	1
49	732	3
49	1017	3
49	290	2
49	997	1
49	80	1
49	926	1
49	367	3
49	122	2
49	738	3
49	1071	3
49	1074	2
49	1079	1
49	90	1
49	1072	1
49	998	2
49	386	4
49	40	1
49	476	1
49	821	1
49	72	2
49	1081	3
49	1036	2
49	1028	2
49	369	1
49	577	1
49	725	2
49	147	1
49	182	3
49	518	4
49	11	3
49	117	1
49	96	1
49	4	2
49	161	1
49	68	1
49	385	1
49	231	3
49	2	1
49	546	1
49	403	3
49	62	2
13	344	2
13	316	5
224	313	5
224	286	3
224	300	4
224	751	3
224	328	4
224	258	3
224	294	4
224	333	3
224	301	3
224	322	2
224	325	1
224	326	4
224	879	3
224	748	3
224	321	2
224	687	2
224	873	2
224	329	3
224	323	3
224	245	3
224	689	3
224	349	4
224	678	3
224	243	2
224	991	1
224	893	3
224	223	3
224	11	3
224	178	4
224	191	4
224	28	4
224	526	4
224	69	4
224	97	5
224	193	4
224	1039	5
224	318	5
224	962	2
224	591	3
224	86	3
224	215	4
224	1119	3
224	528	3
224	727	4
224	282	4
224	237	3
224	470	4
224	736	3
224	1221	3
224	724	3
224	1045	2
870	169	4
307	313	5
307	101	3
332	89	5
332	651	5
332	79	5
332	204	4
332	182	5
332	172	5
332	660	3
332	568	4
332	245	4
332	770	3
332	307	5
332	31	4
332	12	5
332	56	5
332	323	5
332	562	5
332	232	5
332	1188	5
332	385	5
332	546	4
332	978	4
332	82	5
332	252	5
332	693	5
144	286	4
144	300	3
144	333	3
144	258	4
144	900	4
144	313	5
144	307	1
144	328	3
144	303	4
224	332	3
144	750	4
144	242	4
144	327	3
144	262	3
144	304	4
144	288	2
144	880	5
144	319	3
144	302	3
144	326	4
224	196	4
144	294	4
144	690	3
224	22	5
224	423	4
224	162	4
224	15	4
144	271	2
224	147	3
224	744	1
224	655	4
224	924	3
144	316	5
224	662	5
224	135	1
224	699	4
224	660	4
224	126	3
144	751	4
144	343	2
224	222	4
224	583	1
224	378	4
224	544	1
224	277	3
224	70	2
224	704	3
224	221	2
224	92	1
224	658	1
224	356	4
224	731	4
224	632	2
224	77	4
224	402	5
224	518	1
224	387	4
224	720	4
144	19	4
144	251	4
144	50	5
224	676	3
224	125	3
224	556	1
144	1142	5
144	117	4
144	285	4
224	157	4
224	549	3
144	298	3
224	149	1
224	686	4
224	555	3
224	468	4
224	582	4
144	93	1
144	475	1
144	248	4
144	181	4
224	949	3
224	778	1
144	1	4
144	100	5
144	847	4
144	124	4
224	620	3
144	221	3
144	7	2
224	846	4
224	276	3
224	284	3
144	742	4
144	276	3
144	591	3
144	14	4
144	282	4
144	297	4
144	126	4
144	137	4
144	15	4
144	508	4
224	26	3
224	708	2
224	1163	2
224	392	4
224	287	3
224	148	3
224	729	3
224	380	4
224	365	3
224	212	1
144	597	4
144	845	4
144	9	5
144	281	3
144	125	4
144	273	4
144	471	4
144	284	3
224	469	1
224	581	1
224	1058	3
144	129	4
144	257	4
144	533	4
144	237	4
144	116	4
224	977	2
224	925	3
224	1053	3
224	1442	3
144	760	2
144	293	4
224	569	3
224	54	3
224	723	2
224	1152	3
144	713	4
144	1016	3
144	1197	4
224	980	1
224	280	4
224	1044	3
144	274	3
144	455	3
224	553	4
224	1085	1
144	147	3
144	405	4
144	1013	1
144	1284	3
224	43	3
224	366	3
224	51	4
224	29	3
224	1212	2
224	715	1
224	20	1
144	1028	3
144	410	3
144	1012	4
224	1441	3
224	403	4
224	107	3
224	570	4
144	24	4
224	1401	1
224	1208	1
224	239	4
144	20	4
144	411	4
144	244	3
224	1381	3
144	280	1
144	476	2
144	823	3
144	815	1
144	106	3
144	1138	4
144	235	1
144	1226	4
144	105	2
144	831	3
144	1010	3
144	762	3
144	195	5
144	191	4
144	524	5
144	234	4
144	209	2
144	655	5
144	204	2
144	64	5
144	69	5
144	183	4
144	651	4
144	48	5
144	223	4
144	516	2
144	514	5
144	59	4
144	963	4
144	144	4
144	357	4
144	55	4
144	193	4
144	198	4
144	32	4
144	194	5
144	474	4
144	521	4
144	187	4
144	1101	4
144	172	4
144	478	4
144	72	4
144	523	5
144	176	4
144	647	4
144	170	4
144	135	5
144	435	4
144	56	4
144	213	4
144	318	5
144	12	4
144	500	4
144	22	5
144	632	4
144	54	2
144	747	5
144	685	3
144	531	5
144	855	4
144	58	3
144	87	5
144	588	4
144	70	4
144	1147	4
144	98	4
144	1039	4
144	174	5
144	8	4
144	962	4
144	73	3
144	403	3
144	956	4
144	729	4
144	527	5
144	68	2
144	89	3
144	96	5
144	216	4
144	1065	4
144	190	5
144	423	5
144	215	4
144	393	4
144	182	3
144	196	4
144	727	3
144	960	2
144	153	5
144	654	4
144	127	4
144	466	2
144	31	3
144	1286	4
144	528	4
144	4	4
144	180	4
144	33	5
144	62	2
144	173	5
144	1285	3
144	709	4
144	454	3
144	212	5
144	165	4
144	470	2
144	785	4
144	1169	4
144	942	4
144	461	4
144	778	4
144	66	4
144	961	3
144	699	4
144	197	4
144	91	2
144	160	2
144	65	4
144	518	3
144	61	3
144	707	3
144	480	4
102	272	3
642	1136	4
642	955	3
174	1313	4
860	312	4
287	347	4
287	346	5
287	340	5
287	268	4
287	313	4
287	895	2
287	682	4
287	100	5
43	347	3
43	269	5
287	291	5
506	749	4
506	300	3
206	300	1
206	313	5
206	288	5
206	333	4
206	272	5
206	332	3
206	258	4
206	310	5
206	309	2
206	690	2
206	682	3
206	294	2
206	326	1
206	260	3
206	245	1
206	343	1
206	895	5
206	323	1
206	748	4
206	873	3
206	678	1
206	990	1
206	336	1
206	314	1
206	683	1
206	1022	1
206	900	1
206	359	1
206	749	2
206	1430	1
206	346	5
206	1313	1
206	1394	1
206	750	3
206	1233	1
206	362	1
206	903	2
206	269	4
206	1062	3
206	315	5
206	896	4
206	1429	1
206	1431	1
206	337	2
206	242	3
206	1433	1
206	882	1
206	1176	1
206	262	1
206	891	2
206	1024	1
206	308	2
206	1175	1
206	691	1
206	889	2
206	1127	4
206	360	1
206	1395	1
206	904	1
206	340	3
206	361	1
206	1434	1
206	1432	1
206	302	5
472	186	5
156	346	3
156	211	4
156	480	5
156	357	4
156	100	4
156	124	3
156	655	3
156	641	5
156	64	3
156	83	3
156	205	3
156	9	4
156	137	4
156	515	3
156	192	4
156	197	5
156	178	5
156	180	5
156	806	3
156	48	4
156	187	5
156	12	3
156	276	3
156	86	4
156	11	2
156	651	4
156	528	4
156	317	4
156	157	4
156	77	2
156	58	4
156	661	4
156	772	3
156	318	4
156	646	4
156	22	3
156	510	4
332	354	5
871	331	3
871	333	2
871	315	3
871	307	3
871	690	3
871	347	5
871	271	5
871	245	3
871	335	3
871	289	3
871	909	3
871	883	3
871	305	3
871	301	4
871	337	3
871	342	4
871	360	3
871	750	3
871	1024	3
871	1434	3
871	876	3
871	324	3
871	1022	3
871	895	3
871	937	3
871	359	3
871	1430	3
871	989	3
871	752	3
871	751	4
871	905	3
871	908	3
871	907	3
871	270	5
871	896	3
871	1176	3
871	242	3
871	313	5
871	310	3
871	904	3
