1
2
4
7
8
9
11
12
13
14
15
22
23
24
25
28
29
31
38
42
47
48
50
53
54
55
56
58
62
64
65
66
67
68
69
70
71
72
73
77
79
81
82
83
86
87
88
89
91
92
93
94
95
96
97
98
99
100
109
111
116
117
118
121
122
123
124
125
127
129
132
133
134
135
136
137
143
144
147
148
150
151
153
154
156
157
159
161
162
164
168
169
170
172
173
174
175
176
177
178
179
180
181
182
183
184
185
186
187
188
190
191
192
193
194
195
196
197
198
199
200
202
203
204
205
208
209
210
211
213
214
215
216
217
218
219
222
223
225
226
227
228
229
230
231
232
233
234
235
237
238
239
240
241
242
243
245
246
248
249
250
252
255
257
258
259
260
264
265
268
269
270
271
272
273
274
275
276
281
282
283
284
285
286
288
289
291
292
293
294
298
300
301
302
303
304
307
310
313
315
316
317
318
319
321
322
323
324
325
326
327
328
331
332
333
340
343
346
347
357
358
367
378
380
382
385
393
402
403
404
405
408
410
411
418
419
421
423
427
428
431
432
433
435
443
447
449
451
455
462
470
471
472
473
474
475
476
478
479
480
482
483
484
485
496
498
501
504
508
509
510
511
514
515
520
521
523
526
527
528
531
546
550
554
559
566
568
582
588
591
596
597
603
628
631
651
654
655
657
659
660
663
678
679
684
685
690
692
699
705
708
709
732
735
739
742
746
747
748
750
751
756
762
763
815
845
866
879
895
926
928
1016
1028
1047
